Location,Machine,Product,Category,MPrice,MQty,LineTotal,TransTotal
Brunswick Sq Mall,BSQ Mall x1366 - ATT,Red Bull - Energy Drink - Sugar Free,Carbonated,3.5,1,3.5,3.5
Brunswick Sq Mall,BSQ Mall x1366 - ATT,Red Bull - Energy Drink - Sugar Free,Carbonated,3.5,1,3.5,5.0
Brunswick Sq Mall,BSQ Mall x1366 - ATT,Takis - Hot Chilli Pepper & Lime,Food,1.5,1,1.5,5.0
Brunswick Sq Mall,BSQ Mall x1366 - ATT,Takis - Hot Chilli Pepper & Lime,Food,1.5,1,1.5,1.5
Brunswick Sq Mall,BSQ Mall x1366 - ATT,Red Bull - Energy Drink - Sugar Free,Carbonated,3.5,1,3.5,3.5
Brunswick Sq Mall,BSQ Mall x1364 - Zales,Bai Antioxidant - Brasilia BB,Non Carbonated,2.5,1,2.5,2.5
Brunswick Sq Mall,BSQ Mall x1364 - Zales,Miss Vickie's Potato Chip - Sea Salt & Vinega,Food,1.5,1,1.5,1.5
Earle Asphalt,Earle Asphalt x1371,Miss Vickie's Potato Chip - Lime & Cracked Pe,Food,1.5,1,1.5,1.5
GuttenPlans,GuttenPlans x1367,Monster Energy Original,Carbonated,3.0,1,3.0,3.0
Earle Asphalt,Earle Asphalt x1371,Seapoint Farms Dry Roasted Edamame - Wasabi,Food,2.5,1,2.5,2.5
GuttenPlans,GuttenPlans x1367,Snapple Diet Tea - Lemon,Non Carbonated,2.5,1,2.5,2.5
GuttenPlans,GuttenPlans x1367,Skinny Pop Popcorn,Food,1.5,1,1.5,1.5
GuttenPlans,GuttenPlans x1367,Stretch Island Fruit Leathers Snacks - Variet,Food,1.0,1,1.0,1.0
Earle Asphalt,Earle Asphalt x1371,KitKat - Crisp Wafers,Food,1.75,1,1.75,1.75
GuttenPlans,GuttenPlans x1367,Skinny Pop Popcorn,Food,1.5,1,1.5,1.5
Earle Asphalt,Earle Asphalt x1371,Wonderful Pistachios - Variety,Food,2.0,1,2.0,2.0
Earle Asphalt,Earle Asphalt x1371,Wonderful Pistachios - Variety,Food,2.0,1,2.0,2.0
Brunswick Sq Mall,BSQ Mall x1366 - ATT,Monster Energy Original,Carbonated,3.0,1,3.0,3.0
GuttenPlans,GuttenPlans x1367,Snapple Diet Tea - Lemon,Non Carbonated,2.5,1,2.5,2.5
GuttenPlans,GuttenPlans x1367,Monster Energy Original,Carbonated,3.0,1,3.0,3.0
GuttenPlans,GuttenPlans x1367,Monster Energy Original,Carbonated,3.0,1,3.0,3.0
GuttenPlans,GuttenPlans x1367,Spindrift - Sparkling Water  Lime,Carbonated,1.0,1,1.0,1.0
GuttenPlans,GuttenPlans x1367,KitKat - Crisp Wafers,Food,2.0,1,2.0,2.0
Brunswick Sq Mall,BSQ Mall x1366 - ATT,Miss Vickie's Potato Chip - Sea Salt Original,Food,1.5,1,1.5,1.5
Brunswick Sq Mall,BSQ Mall x1364 - Zales,KitKat - Crisp Wafers,Food,2.0,2,4.0,4.0
GuttenPlans,GuttenPlans x1367,Jacks Links Bar Beef Strip,Food,2.0,1,2.0,2.0
Earle Asphalt,Earle Asphalt x1371,Wonderful Pistachios - Variety,Food,2.0,1,2.0,2.0
Brunswick Sq Mall,BSQ Mall x1364 - Zales,Vitamin Water - XXX Acai BB Pomegranate,Water,2.75,1,2.75,2.75
GuttenPlans,GuttenPlans x1367,Cheetos - Fleming Hot Crunchy,Food,1.5,1,1.5,1.5
GuttenPlans,GuttenPlans x1367,KitKat - Crisp Wafers,Food,2.0,1,2.0,2.0
GuttenPlans,GuttenPlans x1367,Cheetos - Fleming Hot Crunchy,Food,1.5,1,1.5,1.5
GuttenPlans,GuttenPlans x1367,Spindrift - Sparkling Water  Lime,Carbonated,1.0,1,1.0,1.0
GuttenPlans,GuttenPlans x1367,Spindrift - Sparkling Water  Lime,Carbonated,1.0,1,1.0,1.0
GuttenPlans,GuttenPlans x1367,Pure Organic Fruit Bar - Strawberry Banana,Food,1.0,1,1.0,1.0
GuttenPlans,GuttenPlans x1367,Cheetos - Fleming Hot Crunchy,Food,1.5,1,1.5,1.5
GuttenPlans,GuttenPlans x1367,Oreo Mini,Food,1.5,1,1.5,1.5
GuttenPlans,GuttenPlans x1367,Nutter Butter Bites,Food,1.5,1,1.5,1.5
Brunswick Sq Mall,BSQ Mall x1366 - ATT,Monster Energy Original,Carbonated,3.0,1,3.0,3.0
GuttenPlans,GuttenPlans x1367,Jack Links Beef Steak Original,Food,2.0,1,2.0,2.0
Earle Asphalt,Earle Asphalt x1371,Robert Irvine's - Fit Crunch -  Chocolate Pea,Food,2.0,1,2.0,2.0
Earle Asphalt,Earle Asphalt x1371,Wonderful Pistachios - Variety,Food,2.0,1,2.0,2.0
GuttenPlans,GuttenPlans x1367,Skinny Pop Popcorn,Food,1.5,1,1.5,1.5
GuttenPlans,GuttenPlans x1367,Good Health Veggie Stix - Zesty Ranch,Food,1.5,1,1.5,1.5
GuttenPlans,GuttenPlans x1367,Pure Organic Fruit Bar - Strawberry Banana,Food,1.0,1,1.0,1.0
GuttenPlans,GuttenPlans x1367,Nutter Butter Bites,Food,1.5,1,1.5,1.5
GuttenPlans,GuttenPlans x1367,Pure Organic Fruit Bar - Strawberry Banana,Food,1.0,1,1.0,1.0
GuttenPlans,GuttenPlans x1367,Cheetos Baked - Flaming Hot,Food,1.5,1,1.5,1.5
Earle Asphalt,Earle Asphalt x1371,Snapple Diet Tea - Lemon,Non Carbonated,2.5,1,2.5,2.5
Brunswick Sq Mall,BSQ Mall x1366 - ATT,S. Pellegrino Sparkling Mineral Water,Water,2.0,1,2.0,2.0
Earle Asphalt,Earle Asphalt x1371,Wonderful Pistachios - Variety,Food,2.0,1,2.0,2.0
Earle Asphalt,Earle Asphalt x1371,Wonderful Pistachios - Variety,Food,2.0,1,2.0,2.0
Earle Asphalt,Earle Asphalt x1371,Wonderful Pistachios - Variety,Food,2.0,1,2.0,2.0
GuttenPlans,GuttenPlans x1367,Mini Chips Ahoy,Food,1.5,1,1.5,1.5
GuttenPlans,GuttenPlans x1367,Cheetos Baked - Flaming Hot,Food,1.5,1,1.5,1.5
GuttenPlans,GuttenPlans x1367,Newtons Fig Bar,Food,1.5,1,1.5,1.5
GuttenPlans,GuttenPlans x1367,KitKat - Crisp Wafers,Food,2.0,1,2.0,2.0
Brunswick Sq Mall,BSQ Mall x1364 - Zales,SunChips Multigrain - Salsa,Food,1.5,1,1.5,1.5
Brunswick Sq Mall,BSQ Mall x1364 - Zales,Bai Antioxidant - Brasilia BB,Non Carbonated,2.5,1,2.5,2.5
GuttenPlans,GuttenPlans x1367,Cheetos Baked - Flaming Hot,Food,1.5,1,1.5,1.5
Earle Asphalt,Earle Asphalt x1371,Snapple Diet Tea - Lemon,Non Carbonated,2.5,1,2.5,2.5
Brunswick Sq Mall,BSQ Mall x1364 - Zales,Bubly - Grapefruit,Water,1.5,1,1.5,1.5
Brunswick Sq Mall,BSQ Mall x1364 - Zales,Poland Springs Water,Water,1.5,1,1.5,1.5
GuttenPlans,GuttenPlans x1367,KitKat - Crisp Wafers,Food,2.0,1,2.0,2.0
GuttenPlans,GuttenPlans x1367,Oreo Mini,Food,1.5,1,1.5,1.5
GuttenPlans,GuttenPlans x1367,Oreo Mini,Food,1.5,1,1.5,1.5
GuttenPlans,GuttenPlans x1367,Takis - Hot Chilli Pepper & Lime,Food,1.5,1,1.5,1.5
GuttenPlans,GuttenPlans x1367,Takis - Hot Chilli Pepper & Lime,Food,1.5,1,1.5,1.5
Brunswick Sq Mall,BSQ Mall x1366 - ATT,Chum Fruit Bites - Mango/Strawberry,Food,1.25,1,1.25,1.25
Brunswick Sq Mall,BSQ Mall x1366 - ATT,Snapple Diet Tea - Raspberry,Non Carbonated,2.5,1,2.5,2.5
Brunswick Sq Mall,BSQ Mall x1364 - Zales,Zevia Zero Calorie Energy - Mango Ginger,Non Carbonated,2.5,1,2.5,2.5
Brunswick Sq Mall,BSQ Mall x1364 - Zales,Poland Springs Water,Water,1.5,1,1.5,1.5
Earle Asphalt,Earle Asphalt x1371,V8 Vegetable Juice - Original,Non Carbonated,1.5,1,1.5,1.5
Earle Asphalt,Earle Asphalt x1371,BodyArmor LYTE  - Peach Mango,Water,2.0,1,2.0,2.0
Brunswick Sq Mall,BSQ Mall x1366 - ATT,SunChips Multigrain - Harvest Cheddar,Food,1.5,1,1.5,1.5
Brunswick Sq Mall,BSQ Mall x1366 - ATT,SunChips Multigrain - Harvest Cheddar,Food,1.5,1,1.5,1.5
Brunswick Sq Mall,BSQ Mall x1366 - ATT,Good Health Veggie Stix - Sea Salt,Food,1.5,1,1.5,1.5
Earle Asphalt,Earle Asphalt x1371,Good Health Veggie Stix - Sea Salt,Food,1.5,1,1.5,1.5
Brunswick Sq Mall,BSQ Mall x1364 - Zales,Snapple Diet Tea - Peach Tea,Non Carbonated,2.5,1,2.5,2.5
Earle Asphalt,Earle Asphalt x1371,SunChips Multigrain - Harvest Cheddar,Food,1.5,1,1.5,1.5
Earle Asphalt,Earle Asphalt x1371,SunChips Multigrain - Harvest Cheddar,Food,1.5,1,1.5,1.5
Earle Asphalt,Earle Asphalt x1371,Robert Irvine's - Fit Crunch -  Chocolate Pea,Food,2.0,1,2.0,2.0
Earle Asphalt,Earle Asphalt x1371,Keto Krisp - Almond/Chocolate,Carbonated,2.0,1,2.0,2.0
Brunswick Sq Mall,BSQ Mall x1366 - ATT,Good Health Veggie Stix - Sea Salt,Food,1.5,1,1.5,1.5
GuttenPlans,GuttenPlans x1367,Mini Chips Ahoy,Food,1.5,1,1.5,1.5
GuttenPlans,GuttenPlans x1367,Mini Chips Ahoy,Food,1.5,1,1.5,1.5
Brunswick Sq Mall,BSQ Mall x1364 - Zales,Snapple Diet Tea - Peach Tea,Non Carbonated,2.5,1,2.5,2.5
Brunswick Sq Mall,BSQ Mall x1366 - ATT,Larabar - Peanut Butter chocolate Chip,Food,2.0,1,2.0,2.0
GuttenPlans,GuttenPlans x1367,Takis - Hot Chilli Pepper & Lime,Food,1.5,1,1.5,1.5
Earle Asphalt,Earle Asphalt x1371,Snapple Diet Tea - Lemon,Non Carbonated,2.5,1,2.5,2.5
Earle Asphalt,Earle Asphalt x1371,SunChips Multigrain - Harvest Cheddar,Food,1.5,1,1.5,1.5
GuttenPlans,GuttenPlans x1367,Takis - Hot Chilli Pepper & Lime,Food,1.5,1,1.5,1.5
Brunswick Sq Mall,BSQ Mall x1366 - ATT,S. Pellegrino Sparkling Mineral Water,Water,2.0,1,2.0,2.0
Earle Asphalt,Earle Asphalt x1371,Robert Irvine's - Fit Crunch -  Chocolate Pea,Food,2.0,1,2.0,2.0
Earle Asphalt,Earle Asphalt x1371,Keto Krisp - Almond/Chocolate,Carbonated,2.0,1,2.0,2.0
Earle Asphalt,Earle Asphalt x1371,SunChips Multigrain - Salsa,Food,1.5,1,1.5,1.5
GuttenPlans,GuttenPlans x1367,Mini Chips Ahoy,Food,1.5,1,1.5,1.5
GuttenPlans,GuttenPlans x1367,Takis - Hot Chilli Pepper & Lime,Food,1.5,1,1.5,1.5
Earle Asphalt,Earle Asphalt x1371,SunChips Multigrain - Salsa,Food,1.5,1,1.5,1.5
Earle Asphalt,Earle Asphalt x1371,Miss Vickie's Potato Chip - Lime & Cracked Pe,Food,1.5,1,1.5,1.5
Brunswick Sq Mall,BSQ Mall x1366 - ATT,Bai Antioxidant - Molokai Coconut,Non Carbonated,2.5,1,2.5,2.5
Earle Asphalt,Earle Asphalt x1371,Seapoint Farms Dry Roasted Edamame - Wasabi,Food,2.5,1,2.5,2.5
Brunswick Sq Mall,BSQ Mall x1366 - ATT,Snapple Diet Tea - Raspberry,Non Carbonated,2.5,1,2.5,2.5
Brunswick Sq Mall,BSQ Mall x1366 - ATT,Snapple Diet Tea - Raspberry,Non Carbonated,2.5,1,2.5,2.5
Brunswick Sq Mall,BSQ Mall x1364 - Zales,Poland Springs Water,Water,1.5,1,1.5,1.5
Brunswick Sq Mall,BSQ Mall x1364 - Zales,Poland Springs Water,Water,1.5,1,1.5,1.5
GuttenPlans,GuttenPlans x1367,Chum Fruit Bites - Mango/Strawberry,Food,1.25,1,1.25,1.25
Earle Asphalt,Earle Asphalt x1371,Monster Energy  Zero Ultra,Carbonated,3.0,1,3.0,3.0
Earle Asphalt,Earle Asphalt x1371,Takis - Hot Chilli Pepper & Lime,Food,1.5,1,1.5,1.5
Earle Asphalt,Earle Asphalt x1371,Cheetos Baked - Flaming Hot,Food,1.5,1,1.5,1.5
Brunswick Sq Mall,BSQ Mall x1364 - Zales,Poland Springs Water,Water,1.5,1,1.5,1.5
GuttenPlans,GuttenPlans x1367,Chesters Fries Flaming hot,Food,1.5,1,1.5,1.5
GuttenPlans,GuttenPlans x1367,Miss Vickie's Potato Chip - Jalapeno,Food,1.5,1,1.5,1.5
GuttenPlans,GuttenPlans x1367,Coca Cola - Zero Sugar,Carbonated,1.0,1,1.0,1.0
GuttenPlans,GuttenPlans x1367,Red Bull - Original,Carbonated,3.0,1,3.0,3.0
Brunswick Sq Mall,BSQ Mall x1364 - Zales,Ruffles Baked  - Cheddar & Sour Cream,Food,1.5,1,1.5,1.5
GuttenPlans,GuttenPlans x1367,Chesters Fries Flaming hot,Food,1.5,1,1.5,1.5
GuttenPlans,GuttenPlans x1367,Cheetos Baked - Flaming Hot,Food,1.5,1,1.5,1.5
GuttenPlans,GuttenPlans x1367,KitKat - Crisp Wafers,Food,2.0,1,2.0,2.0
GuttenPlans,GuttenPlans x1367,Chesters Fries Flaming hot,Food,1.5,1,1.5,1.5
GuttenPlans,GuttenPlans x1367,Mini Chips Ahoy,Food,1.5,1,1.5,1.5
GuttenPlans,GuttenPlans x1367,Coca Cola - Zero Sugar,Carbonated,1.0,1,1.0,1.0
GuttenPlans,GuttenPlans x1367,Coca Cola - Zero Sugar,Carbonated,1.0,1,1.0,1.0
GuttenPlans,GuttenPlans x1367,Miss Vickie's Potato Chip - Jalapeno,Food,1.5,1,1.5,1.5
GuttenPlans,GuttenPlans x1367,Coca Cola - Zero Sugar,Carbonated,1.0,1,1.0,1.0
GuttenPlans,GuttenPlans x1367,Ritz Bits Cheese,Food,1.5,1,1.5,1.5
Earle Asphalt,Earle Asphalt x1371,CheezIt - Original,Food,1.25,1,1.25,1.25
GuttenPlans,GuttenPlans x1367,Takis FUGEO mini,Food,1.25,1,1.25,1.25
Brunswick Sq Mall,BSQ Mall x1364 - Zales,Snapple Diet Tea - Peach Tea,Non Carbonated,2.5,1,2.5,2.5
Earle Asphalt,Earle Asphalt x1371,SunChips Multigrain - Harvest Cheddar,Food,1.5,1,1.5,1.5
Earle Asphalt,Earle Asphalt x1371,CheezIt - Original,Food,1.25,1,1.25,1.25
Brunswick Sq Mall,BSQ Mall x1364 - Zales,SunChips Multigrain - Salsa,Food,1.5,1,1.5,1.5
Earle Asphalt,Earle Asphalt x1371,CheezIt - Original,Food,1.25,1,1.25,1.25
Brunswick Sq Mall,BSQ Mall x1364 - Zales,Seapoint Farms Dry Roasted Edamame - Wasabi,Food,2.5,1,2.5,2.5
Brunswick Sq Mall,BSQ Mall x1366 - ATT,Monster Energy Original,Carbonated,3.0,1,3.0,3.0
Earle Asphalt,Earle Asphalt x1371,BodyArmor LYTE  - Berry Punch,Water,2.5,1,2.5,2.5
Earle Asphalt,Earle Asphalt x1371,Monster Energy  Zero Ultra,Carbonated,3.0,1,3.0,3.0
GuttenPlans,GuttenPlans x1367,Red Bull - Original,Carbonated,3.0,1,3.0,3.0
GuttenPlans,GuttenPlans x1367,Monster Energy Original,Carbonated,3.0,1,3.0,3.0
GuttenPlans,GuttenPlans x1367,Monster Energy Original,Carbonated,3.0,1,3.0,3.0
Brunswick Sq Mall,BSQ Mall x1366 - ATT,V8 Vegetable Juice - Original,Non Carbonated,1.5,1,1.5,1.5
GuttenPlans,GuttenPlans x1367,Coca Cola - Zero Sugar,Carbonated,1.0,1,1.0,1.0
GuttenPlans,GuttenPlans x1367,Coca Cola - Zero Sugar,Carbonated,1.0,1,1.0,1.0
Earle Asphalt,Earle Asphalt x1371,V8 Vegetable Juice - Original,Non Carbonated,1.5,1,1.5,1.5
GuttenPlans,GuttenPlans x1367,Coca Cola - Zero Sugar,Carbonated,1.0,1,1.0,1.0
GuttenPlans,GuttenPlans x1367,Coca Cola - Zero Sugar,Carbonated,1.0,1,1.0,1.0
GuttenPlans,GuttenPlans x1367,Coca Cola - Zero Sugar,Carbonated,1.0,1,1.0,1.0
GuttenPlans,GuttenPlans x1367,Mini Chips Ahoy,Food,1.5,1,1.5,1.5
GuttenPlans,GuttenPlans x1367,Coca Cola - Zero Sugar,Carbonated,1.0,1,1.0,1.0
GuttenPlans,GuttenPlans x1367,Monster Energy Original,Carbonated,3.0,1,3.0,3.0
GuttenPlans,GuttenPlans x1367,Good Health Veggie Stix - Sea Salt,Food,1.5,1,1.5,1.5
GuttenPlans,GuttenPlans x1367,Miss Vickie's Potato Chip - Smokehouse BBQ,Food,1.5,1,1.5,1.5
GuttenPlans,GuttenPlans x1367,Coca Cola - Zero Sugar,Carbonated,1.0,1,1.0,1.0
GuttenPlans,GuttenPlans x1367,Coca Cola - Zero Sugar,Carbonated,1.0,1,1.0,1.0
GuttenPlans,GuttenPlans x1367,Chesters Fries Flaming hot,Food,1.5,1,1.5,1.5
GuttenPlans,GuttenPlans x1367,Monster Energy Original,Carbonated,3.0,1,3.0,3.0
GuttenPlans,GuttenPlans x1367,Chesters Fries Flaming hot,Food,1.5,1,1.5,1.5
GuttenPlans,GuttenPlans x1367,Red Bull - Original,Carbonated,3.0,1,3.0,3.0
Brunswick Sq Mall,BSQ Mall x1366 - ATT,V8 Vegetable Juice - Original,Non Carbonated,1.5,1,1.5,1.5
Brunswick Sq Mall,BSQ Mall x1364 - Zales,Vitamin Water - Ice Cool Blue Lavender,Water,2.75,2,5.5,5.5
GuttenPlans,GuttenPlans x1367,Red Bull - Original,Carbonated,3.0,1,3.0,3.0
Brunswick Sq Mall,BSQ Mall x1366 - ATT,Monster Energy Original,Carbonated,3.0,1,3.0,3.0
Brunswick Sq Mall,BSQ Mall x1366 - ATT,Monster Energy Original,Carbonated,3.0,1,3.0,3.0
GuttenPlans,GuttenPlans x1367,Coca Cola - Zero Sugar,Carbonated,1.0,1,1.0,1.0
GuttenPlans,GuttenPlans x1367,Miss Vickie's Potato Chip - Jalapeno,Food,1.5,1,1.5,1.5
GuttenPlans,GuttenPlans x1367,Miss Vickie's Potato Chip - Jalapeno,Food,1.5,1,1.5,1.5
GuttenPlans,GuttenPlans x1367,Coca Cola - Zero Sugar,Carbonated,1.0,1,1.0,1.0
GuttenPlans,GuttenPlans x1367,Miss Vickie's Potato Chip - Jalapeno,Food,1.5,1,1.5,1.5
GuttenPlans,GuttenPlans x1367,Monster Energy Original,Carbonated,3.0,1,3.0,3.0
Brunswick Sq Mall,BSQ Mall x1366 - ATT,CheezIt - White Cheddar,Food,1.25,1,1.25,1.25
GuttenPlans,GuttenPlans x1367,Coca Cola - Zero Sugar,Carbonated,1.0,1,1.0,1.0
GuttenPlans,GuttenPlans x1367,Monster Energy Original,Carbonated,3.0,1,3.0,3.0
GuttenPlans,GuttenPlans x1367,Snapple Diet Tea - Peach Tea,Non Carbonated,2.5,1,2.5,2.5
GuttenPlans,GuttenPlans x1367,Coca Cola - Zero Sugar,Carbonated,1.0,1,1.0,1.0
GuttenPlans,GuttenPlans x1367,Jack Links Beef Steak Original,Food,2.0,1,2.0,2.0
GuttenPlans,GuttenPlans x1367,Cheetos Baked - Flaming Hot,Food,1.5,1,1.5,1.5
Brunswick Sq Mall,BSQ Mall x1364 - Zales,Nature's Valley Crunchy Granola Bar - Oats &,Food,1.25,1,1.25,1.25
Brunswick Sq Mall,BSQ Mall x1366 - ATT,Lays Baked - Original,Food,1.5,1,1.5,1.5
Brunswick Sq Mall,BSQ Mall x1366 - ATT,Monster Energy Original,Carbonated,3.0,1,3.0,3.0
Brunswick Sq Mall,BSQ Mall x1366 - ATT,Monster Energy Original,Carbonated,3.0,1,3.0,3.0
Brunswick Sq Mall,BSQ Mall x1364 - Zales,Bai Antioxidant - Zambia Bingcherry,Non Carbonated,2.5,1,2.5,2.5
Earle Asphalt,Earle Asphalt x1371,Robert Irvine's - Fit Crunch -  Chocolate Pea,Food,2.0,1,2.0,2.0
Earle Asphalt,Earle Asphalt x1371,Seapoint Farms Dry Roasted Edamame - Wasabi,Food,2.5,1,2.5,2.5
Earle Asphalt,Earle Asphalt x1371,Snapple Diet Tea - Lemon,Non Carbonated,2.5,1,2.5,2.5
GuttenPlans,GuttenPlans x1367,Red Bull - Original,Carbonated,3.0,1,3.0,3.0
Brunswick Sq Mall,BSQ Mall x1366 - ATT,Monster Energy Original,Carbonated,3.0,1,3.0,3.0
Brunswick Sq Mall,BSQ Mall x1364 - Zales,Poland Springs Water,Water,1.5,1,1.5,1.5
GuttenPlans,GuttenPlans x1367,Coca Cola - Zero Sugar,Carbonated,1.0,1,1.0,1.0
GuttenPlans,GuttenPlans x1367,KitKat - Crisp Wafers,Food,2.0,1,2.0,2.0
Brunswick Sq Mall,BSQ Mall x1366 - ATT,Snapple Diet Tea - Raspberry,Non Carbonated,2.5,1,2.5,2.5
Brunswick Sq Mall,BSQ Mall x1364 - Zales,Takis FUGEO mini,Food,1.5,1,1.5,1.5
GuttenPlans,GuttenPlans x1367,Takis FUGEO mini,Food,1.25,1,1.25,1.25
GuttenPlans,GuttenPlans x1367,Coca Cola - Zero Sugar,Carbonated,1.0,1,1.0,1.0
Brunswick Sq Mall,BSQ Mall x1366 - ATT,Bubly - Cherry,Carbonated,1.5,1,1.5,1.5
GuttenPlans,GuttenPlans x1367,Coca Cola - Zero Sugar,Carbonated,1.0,1,1.0,1.0
GuttenPlans,GuttenPlans x1367,Monster Energy Original,Carbonated,3.0,1,3.0,3.0
Brunswick Sq Mall,BSQ Mall x1364 - Zales,Miss Vickie's Potato Chip - Sea Salt Original,Food,1.5,2,3.0,5.5
Brunswick Sq Mall,BSQ Mall x1364 - Zales,Bai Antioxidant - Zambia Bingcherry,Non Carbonated,2.5,1,2.5,5.5
GuttenPlans,GuttenPlans x1367,Coca Cola - Zero Sugar,Carbonated,1.0,1,1.0,1.0
GuttenPlans,GuttenPlans x1367,Coca Cola - Zero Sugar,Carbonated,1.0,1,1.0,1.0
GuttenPlans,GuttenPlans x1367,Coca Cola - Zero Sugar,Carbonated,1.0,1,1.0,1.0
GuttenPlans,GuttenPlans x1367,Monster Energy Original,Carbonated,3.0,1,3.0,3.0
GuttenPlans,GuttenPlans x1367,Chesters Fries Flaming hot,Food,1.5,1,1.5,1.5
Earle Asphalt,Earle Asphalt x1371,Belvita Breakfast Cookies - Blueberry,Food,1.5,1,1.5,1.5
GuttenPlans,GuttenPlans x1367,Cheetos Baked - Flaming Hot,Food,1.5,1,1.5,2.75
GuttenPlans,GuttenPlans x1367,Chum Fruit Bites - Mango/Strawberry,Food,1.25,1,1.25,2.75
Brunswick Sq Mall,BSQ Mall x1366 - ATT,Bubly - Cherry,Carbonated,1.5,1,1.5,1.5
Brunswick Sq Mall,BSQ Mall x1364 - Zales,Spindrift - Sparkling Water Raspberry Lime,Non Carbonated,1.5,1,1.5,1.5
GuttenPlans,GuttenPlans x1367,Red Bull - Original,Carbonated,3.0,1,3.0,3.0
Earle Asphalt,Earle Asphalt x1371,SunChips Multigrain - Harvest Cheddar,Food,1.5,1,1.5,1.5
Brunswick Sq Mall,BSQ Mall x1364 - Zales,SunChips Multigrain - Original,Food,1.5,1,1.5,1.5
GuttenPlans,GuttenPlans x1367,Coca Cola - Zero Sugar,Carbonated,1.0,1,1.0,1.0
Brunswick Sq Mall,BSQ Mall x1364 - Zales,SunChips Multigrain - Salsa,Food,1.5,1,1.5,1.5
GuttenPlans,GuttenPlans x1367,Miss Vickie's Potato Chip - Jalapeno,Food,1.5,1,1.5,1.5
GuttenPlans,GuttenPlans x1367,Good Health Veggie Stix - Sea Salt,Food,1.5,1,1.5,1.5
GuttenPlans,GuttenPlans x1367,Takis FUGEO mini,Food,1.25,1,1.25,1.25
GuttenPlans,GuttenPlans x1367,Coca Cola - Zero Sugar,Carbonated,1.0,1,1.0,1.0
GuttenPlans,GuttenPlans x1367,Coca Cola - Zero Sugar,Carbonated,1.0,1,1.0,1.0
GuttenPlans,GuttenPlans x1367,Monster Energy Original,Carbonated,3.0,1,3.0,3.0
GuttenPlans,GuttenPlans x1367,Cheetos Baked - Flaming Hot,Food,1.5,1,1.5,1.5
GuttenPlans,GuttenPlans x1367,Coca Cola - Zero Sugar,Carbonated,1.0,1,1.0,1.0
GuttenPlans,GuttenPlans x1367,Snapple Diet Tea - Peach Tea,Non Carbonated,2.5,1,2.5,2.5
GuttenPlans,GuttenPlans x1367,Miss Vickie's Potato Chip - Lime & Cracked Pe,Food,1.5,1,1.5,1.5
GuttenPlans,GuttenPlans x1367,Jacks Links Bar Beef Strip,Food,2.0,1,2.0,2.0
GuttenPlans,GuttenPlans x1367,Snapple Diet Tea - Peach Tea,Non Carbonated,2.5,1,2.5,2.5
GuttenPlans,GuttenPlans x1367,Mini Chips Ahoy,Food,1.5,1,1.5,1.5
GuttenPlans,GuttenPlans x1367,Ritz Bits Cheese,Food,1.5,1,1.5,1.5
GuttenPlans,GuttenPlans x1367,Good Health Veggie Stix - Sea Salt,Food,1.5,1,1.5,1.5
GuttenPlans,GuttenPlans x1367,Monster Energy Original,Carbonated,3.0,1,3.0,3.0
GuttenPlans,GuttenPlans x1367,Snapple Diet Tea - Lemon,Non Carbonated,2.5,1,2.5,2.5
GuttenPlans,GuttenPlans x1367,Ritz Bits Cheese,Food,1.5,1,1.5,1.5
Earle Asphalt,Earle Asphalt x1371,Popchips Potato - Barbeque,Food,1.5,1,1.5,1.5
Brunswick Sq Mall,BSQ Mall x1364 - Zales,SunChips Multigrain - Salsa,Food,1.5,1,1.5,3.0
Brunswick Sq Mall,BSQ Mall x1364 - Zales,SunChips Multigrain - Original,Food,1.5,1,1.5,3.0
Earle Asphalt,Earle Asphalt x1371,Robert Irvine's - Fit Crunch -  Chocolate Pea,Food,2.0,1,2.0,2.0
Earle Asphalt,Earle Asphalt x1371,Keto Krisp - Almond/Chocolate,Carbonated,2.0,1,2.0,2.0
Earle Asphalt,Earle Asphalt x1371,Robert Irvine's - Fit Crunch -  Chocolate Pea,Food,2.0,1,2.0,2.0
GuttenPlans,GuttenPlans x1367,Snapple Diet Tea - Lemon,Non Carbonated,2.5,1,2.5,4.5
GuttenPlans,GuttenPlans x1367,KitKat - Crisp Wafers,Food,2.0,1,2.0,4.5
Earle Asphalt,Earle Asphalt x1371,SunChips Multigrain - Salsa,Food,1.5,1,1.5,1.5
Earle Asphalt,Earle Asphalt x1371,Snyder's of Hanover Pretzel - Cheddar Cheese,Food,1.5,1,1.5,1.5
GuttenPlans,GuttenPlans x1367,Red Bull - Original,Carbonated,3.0,1,3.0,3.0
GuttenPlans,GuttenPlans x1367,Red Bull - Original,Carbonated,3.0,1,3.0,3.0
GuttenPlans,GuttenPlans x1367,Mini Chips Ahoy,Food,1.5,1,1.5,1.5
GuttenPlans,GuttenPlans x1367,Good Health Veggie Stix - Sea Salt,Food,1.5,1,1.5,1.5
GuttenPlans,GuttenPlans x1367,Monster Energy Original,Carbonated,3.0,1,3.0,3.0
GuttenPlans,GuttenPlans x1367,Good Health Veggie Stix - Sea Salt,Food,1.5,1,1.5,1.5
GuttenPlans,GuttenPlans x1367,Good Health Veggie Stix - Sea Salt,Food,1.5,1,1.5,1.5
GuttenPlans,GuttenPlans x1367,Snapple Diet Tea - Lemon,Non Carbonated,2.5,1,2.5,2.5
GuttenPlans,GuttenPlans x1367,Ritz Bits Cheese,Food,1.5,1,1.5,1.5
Brunswick Sq Mall,BSQ Mall x1366 - ATT,Monster Energy Original,Carbonated,3.0,1,3.0,3.0
GuttenPlans,GuttenPlans x1367,Snapple Diet Tea - Peach Tea,Non Carbonated,2.5,1,2.5,2.5
GuttenPlans,GuttenPlans x1367,Snapple Diet Tea - Lemon,Non Carbonated,2.5,1,2.5,2.5
GuttenPlans,GuttenPlans x1367,Red Bull - Original,Carbonated,3.0,1,3.0,3.0
GuttenPlans,GuttenPlans x1367,Snapple Diet Tea - Peach Tea,Non Carbonated,2.5,1,2.5,2.5
Brunswick Sq Mall,BSQ Mall x1366 - ATT,Takis - Hot Chilli Pepper & Lime,Food,1.5,1,1.5,1.5
GuttenPlans,GuttenPlans x1367,Red Bull - Original,Carbonated,3.0,1,3.0,3.0
GuttenPlans,GuttenPlans x1367,Red Bull - Original,Carbonated,3.0,1,3.0,3.0
GuttenPlans,GuttenPlans x1367,Snapple Diet Tea - Peach Tea,Non Carbonated,2.5,1,2.5,2.5
GuttenPlans,GuttenPlans x1367,Mini Chips Ahoy,Food,1.5,1,1.5,1.5
GuttenPlans,GuttenPlans x1367,Snapple Diet Tea - Peach Tea,Non Carbonated,2.5,1,2.5,2.5
GuttenPlans,GuttenPlans x1367,Jacks Links Bar Beef Strip,Food,2.0,1,2.0,2.0
GuttenPlans,GuttenPlans x1367,Jack Links Beef Steak Original,Food,2.0,1,2.0,2.0
GuttenPlans,GuttenPlans x1367,Pure Organic Pineapple Passionfruit,Food,1.0,1,1.0,1.0
GuttenPlans,GuttenPlans x1367,Miss Vickie's Potato Chip - Smokehouse BBQ,Food,1.5,1,1.5,1.5
GuttenPlans,GuttenPlans x1367,Newtons Fig Bar,Food,1.5,1,1.5,1.5
GuttenPlans,GuttenPlans x1367,Miss Vickie's Potato Chip - Smokehouse BBQ,Food,1.5,1,1.5,1.5
GuttenPlans,GuttenPlans x1367,Miss Vickie's Potato Chip - Smokehouse BBQ,Food,1.5,1,1.5,1.5
Earle Asphalt,Earle Asphalt x1371,Miss Vickie's Potato Chip - Lime & Cracked Pe,Food,1.5,1,1.5,1.5
Earle Asphalt,Earle Asphalt x1371,Keto Krisp - Almond Butter,Carbonated,2.0,1,2.0,2.0
Earle Asphalt,Earle Asphalt x1371,Snyder's of Hanover Pretzel - Cheddar Cheese,Food,1.5,1,1.5,1.5
Earle Asphalt,Earle Asphalt x1371,SunChips Multigrain - Harvest Cheddar,Food,1.5,1,1.5,1.5
Earle Asphalt,Earle Asphalt x1371,SunChips Multigrain - Salsa,Food,1.5,1,1.5,1.5
Earle Asphalt,Earle Asphalt x1371,Keto Krisp - Almond/Chocolate,Carbonated,2.0,1,2.0,2.0
Earle Asphalt,Earle Asphalt x1371,Keto Krisp - Almond Butter,Carbonated,2.0,1,2.0,2.0
GuttenPlans,GuttenPlans x1367,Miss Vickie's Potato Chip - Smokehouse BBQ,Food,1.5,1,1.5,1.5
GuttenPlans,GuttenPlans x1367,KitKat - Crisp Wafers,Food,2.0,1,2.0,2.0
GuttenPlans,GuttenPlans x1367,Miss Vickie's Potato Chip - Lime & Cracked Pe,Food,1.5,1,1.5,1.5
Brunswick Sq Mall,BSQ Mall x1364 - Zales,Miss Vickie's Potato Chip - Sea Salt Original,Food,1.5,1,1.5,1.5
Brunswick Sq Mall,BSQ Mall x1364 - Zales,Ruffles Baked  - Cheddar & Sour Cream,Food,1.5,1,1.5,1.5
Earle Asphalt,Earle Asphalt x1371,SunChips Multigrain - Salsa,Food,1.5,1,1.5,1.5
Brunswick Sq Mall,BSQ Mall x1366 - ATT,Nature's Valley Chewy Granola Bar - Fruit & N,Food,1.25,1,1.25,1.25
Brunswick Sq Mall,BSQ Mall x1364 - Zales,Poland Springs Water,Water,1.5,1,1.5,1.5
GuttenPlans,GuttenPlans x1367,Red Bull - Original,Carbonated,3.0,1,3.0,3.0
GuttenPlans,GuttenPlans x1367,Pure Organic Fruit Bar - Strawberry Banana,Food,1.0,1,1.0,1.0
GuttenPlans,GuttenPlans x1367,Pure Organic Pineapple Passionfruit,Food,1.0,1,1.0,1.0
Brunswick Sq Mall,BSQ Mall x1364 - Zales,KitKat - Crisp Wafers,Food,2.0,1,2.0,2.0
Brunswick Sq Mall,BSQ Mall x1364 - Zales,Vitamin Water - Squeezed Lemonade,Water,2.75,1,2.75,2.75
GuttenPlans,GuttenPlans x1367,KitKat - Crisp Wafers,Food,2.0,1,2.0,2.0
GuttenPlans,GuttenPlans x1367,Red Bull - Original,Carbonated,3.0,1,3.0,3.0
GuttenPlans,GuttenPlans x1367,Miss Vickie's Potato Chip - Lime & Cracked Pe,Food,1.5,1,1.5,1.5
GuttenPlans,GuttenPlans x1367,Ritz Bits Cheese,Food,1.5,1,1.5,1.5
GuttenPlans,GuttenPlans x1367,Ritz Bits Cheese,Food,1.5,1,1.5,1.5
Earle Asphalt,Earle Asphalt x1371,SunChips Multigrain - Harvest Cheddar,Food,1.5,1,1.5,1.5
Earle Asphalt,Earle Asphalt x1371,SunChips Multigrain - Salsa,Food,1.5,1,1.5,1.5
Earle Asphalt,Earle Asphalt x1371,Snapple Diet Tea - Lemon,Non Carbonated,2.5,1,2.5,2.5
Earle Asphalt,Earle Asphalt x1371,Miss Vickie's Potato Chip - Lime & Cracked Pe,Food,1.5,1,1.5,1.5
Brunswick Sq Mall,BSQ Mall x1364 - Zales,SunChips Multigrain - Harvest Cheddar,Food,1.5,1,1.5,1.5
Earle Asphalt,Earle Asphalt x1371,Cheetos Baked - Flaming Hot,Food,1.5,1,1.5,1.5
Earle Asphalt,Earle Asphalt x1371,Keto Krisp - Almond/Chocolate,Carbonated,2.0,1,2.0,2.0
Earle Asphalt,Earle Asphalt x1371,V8 Vegetable Juice - Original,Non Carbonated,1.5,1,1.5,1.5
GuttenPlans,GuttenPlans x1367,Ritz Bits Cheese,Food,1.5,1,1.5,3.5
GuttenPlans,GuttenPlans x1367,KitKat - Crisp Wafers,Food,2.0,1,2.0,3.5
Earle Asphalt,Earle Asphalt x1371,Robert Irvine's - Fit Crunch -  Chocolate Pea,Food,2.0,1,2.0,2.0
Earle Asphalt,Earle Asphalt x1371,Keto Krisp - Almond/Chocolate,Carbonated,2.0,1,2.0,2.0
Brunswick Sq Mall,BSQ Mall x1364 - Zales,Miss Vickie's Potato Chip - Sea Salt Original,Food,1.5,1,1.5,1.5
Brunswick Sq Mall,BSQ Mall x1366 - ATT,Keto Krisp - Almond Butter,Carbonated,1.25,1,1.25,1.25
GuttenPlans,GuttenPlans x1367,KitKat - Crisp Wafers,Food,2.0,1,2.0,2.0
GuttenPlans,GuttenPlans x1367,KitKat - Crisp Wafers,Food,2.0,1,2.0,2.0
GuttenPlans,GuttenPlans x1367,Pure Organic Fruit Bar - Strawberry Banana,Food,1.0,1,1.0,1.0
Brunswick Sq Mall,BSQ Mall x1364 - Zales,Poland Springs Water,Water,1.5,1,1.5,1.5
Brunswick Sq Mall,BSQ Mall x1364 - Zales,KitKat - Crisp Wafers,Food,2.0,1,2.0,2.0
GuttenPlans,GuttenPlans x1367,KitKat - Crisp Wafers,Food,2.0,1,2.0,2.0
GuttenPlans,GuttenPlans x1367,Miss Vickie's Potato Chip - Lime & Cracked Pe,Food,1.5,1,1.5,1.5
Brunswick Sq Mall,BSQ Mall x1366 - ATT,Bai Antioxidant - Molokai Coconut,Non Carbonated,2.5,1,2.5,2.5
Brunswick Sq Mall,BSQ Mall x1366 - ATT,Good Health Veggie Stix - Sea Salt,Food,1.5,1,1.5,1.5
Brunswick Sq Mall,BSQ Mall x1364 - Zales,SunChips Multigrain - Original,Food,1.5,1,1.5,1.5
Brunswick Sq Mall,BSQ Mall x1364 - Zales,SunChips Multigrain - Original,Food,1.5,1,1.5,1.5
Brunswick Sq Mall,BSQ Mall x1366 - ATT,Popchips Potato - Sea Salt,Food,1.5,1,1.5,1.5
Brunswick Sq Mall,BSQ Mall x1364 - Zales,SunChips Multigrain - Salsa,Food,1.5,1,1.5,1.5
Brunswick Sq Mall,BSQ Mall x1366 - ATT,Poland Springs Water,Water,1.5,1,1.5,1.5
Brunswick Sq Mall,BSQ Mall x1364 - Zales,Poland Springs Water,Water,1.5,1,1.5,1.5
Brunswick Sq Mall,BSQ Mall x1364 - Zales,Poland Springs Water,Water,1.5,1,1.5,1.5
Brunswick Sq Mall,BSQ Mall x1366 - ATT,Monster Energy Original,Carbonated,3.0,1,3.0,3.0
Brunswick Sq Mall,BSQ Mall x1366 - ATT,Snapple Diet Tea - Raspberry,Non Carbonated,2.5,1,2.5,2.5
Brunswick Sq Mall,BSQ Mall x1366 - ATT,Vitamin Water - Squeezed Lemonade,Water,2.75,1,2.75,2.75
Brunswick Sq Mall,BSQ Mall x1366 - ATT,SunChips Multigrain - Salsa,Food,1.5,1,1.5,1.5
Brunswick Sq Mall,BSQ Mall x1366 - ATT,CheezIt - Double Cheese,Food,1.25,1,1.25,1.25
Brunswick Sq Mall,BSQ Mall x1366 - ATT,Monster Energy Original,Carbonated,3.0,1,3.0,3.0
Brunswick Sq Mall,BSQ Mall x1364 - Zales,Poland Springs Water,Water,1.5,1,1.5,1.5
Brunswick Sq Mall,BSQ Mall x1364 - Zales,Bai Antioxidant - Zambia Bingcherry,Non Carbonated,2.5,1,2.5,2.5
Earle Asphalt,Earle Asphalt x1371,Vitamin Water - Ice Cool Blue Lavender,Water,2.5,1,2.5,2.5
Earle Asphalt,Earle Asphalt x1371,BodyArmor LYTE  - Peach Mango,Water,2.0,1,2.0,2.0
Earle Asphalt,Earle Asphalt x1371,Keto Krisp - Almond/Chocolate,Carbonated,2.0,1,2.0,2.0
Earle Asphalt,Earle Asphalt x1371,Robert Irvine's - Fit Crunch -  Chocolate Pea,Food,2.0,1,2.0,2.0
Brunswick Sq Mall,BSQ Mall x1366 - ATT,Robert Irvine's - Fit Crunch -  Chocolate Pea,Food,2.0,1,2.0,2.0
Earle Asphalt,Earle Asphalt x1371,Good Health Veggie Stix - Sea Salt,Food,1.5,1,1.5,1.5
GuttenPlans,GuttenPlans x1367,KitKat - Crisp Wafers,Food,2.0,1,2.0,2.0
Earle Asphalt,Earle Asphalt x1371,Belvita Breakfast Cookies - Blueberry,Food,1.5,1,1.5,1.5
Earle Asphalt,Earle Asphalt x1371,Miss Vickie's Potato Chip - Jalapeno,Food,1.5,1,1.5,1.5
Earle Asphalt,Earle Asphalt x1371,Keto Krisp - Almond/Chocolate,Carbonated,2.0,1,2.0,2.0
GuttenPlans,GuttenPlans x1367,Pure Organic Pineapple Passionfruit,Food,1.0,1,1.0,1.0
Brunswick Sq Mall,BSQ Mall x1366 - ATT,Poland Springs Water,Water,1.5,2,3.0,3.0
Brunswick Sq Mall,BSQ Mall x1366 - ATT,Keto Krisp - Almond Butter,Carbonated,1.25,2,2.5,2.5
Brunswick Sq Mall,BSQ Mall x1364 - Zales,Bai Antioxidant - Zambia Bingcherry,Non Carbonated,2.5,1,2.5,2.5
Earle Asphalt,Earle Asphalt x1371,Miss Vickie's Potato Chip - Lime & Cracked Pe,Food,1.5,1,1.5,1.5
Earle Asphalt,Earle Asphalt x1371,Miss Vickie's Potato Chip - Jalapeno,Food,1.5,1,1.5,1.5
Earle Asphalt,Earle Asphalt x1371,Keto Krisp - Almond Butter,Carbonated,2.0,1,2.0,2.0
Earle Asphalt,Earle Asphalt x1371,Robert Irvine's - Fit Crunch -  Chocolate Pea,Food,2.0,1,2.0,2.0
Brunswick Sq Mall,BSQ Mall x1366 - ATT,Poland Springs Water,Water,1.5,1,1.5,1.5
Brunswick Sq Mall,BSQ Mall x1364 - Zales,Lays Baked - Barbecue,Food,1.5,1,1.5,1.5
GuttenPlans,GuttenPlans x1367,Sunkist Soda - Orange,Carbonated,1.0,1,1.0,1.0
GuttenPlans,GuttenPlans x1367,Red Bull - Original,Carbonated,3.0,1,3.0,3.0
GuttenPlans,GuttenPlans x1367,Coca Cola - Zero Sugar,Carbonated,1.0,1,1.0,1.0
GuttenPlans,GuttenPlans x1367,Sunkist Soda - Orange,Carbonated,1.0,1,1.0,1.0
GuttenPlans,GuttenPlans x1367,Coca Cola - Zero Sugar,Carbonated,1.0,1,1.0,1.0
GuttenPlans,GuttenPlans x1367,Coca Cola - Zero Sugar,Carbonated,1.0,1,1.0,1.0
GuttenPlans,GuttenPlans x1367,Sunkist Soda - Orange,Carbonated,1.0,1,1.0,1.0
GuttenPlans,GuttenPlans x1367,Cheetos - Fleming Hot Crunchy,Food,1.5,1,1.5,1.5
GuttenPlans,GuttenPlans x1367,Monster Energy Original,Carbonated,3.0,1,3.0,3.0
GuttenPlans,GuttenPlans x1367,Cheetos - Fleming Hot Crunchy,Food,1.5,1,1.5,1.5
GuttenPlans,GuttenPlans x1367,Monster Energy Original,Carbonated,3.0,1,3.0,3.0
GuttenPlans,GuttenPlans x1367,Funyuns - Flaming Hot,Food,1.5,1,1.5,1.5
GuttenPlans,GuttenPlans x1367,Skinny Pop Popcorn,Food,1.5,1,1.5,1.5
GuttenPlans,GuttenPlans x1367,Ritz Bits Cheese,Food,1.25,1,1.25,1.25
GuttenPlans,GuttenPlans x1367,Coca Cola - Zero Sugar,Carbonated,1.0,1,1.0,1.0
Brunswick Sq Mall,BSQ Mall x1366 - ATT,V8 Vegetable Juice - Original,Non Carbonated,1.5,1,1.5,1.5
Earle Asphalt,Earle Asphalt x1371,Miss Vickie's Potato Chip - Jalapeno,Food,1.5,1,1.5,1.5
Earle Asphalt,Earle Asphalt x1371,Miss Vickie's Potato Chip - Smokehouse BBQ,Food,1.5,1,1.5,1.5
Earle Asphalt,Earle Asphalt x1371,Miss Vickie's Potato Chip - Jalapeno,Food,1.5,1,1.5,1.5
GuttenPlans,GuttenPlans x1367,Sunkist Soda - Orange,Carbonated,1.0,1,1.0,1.0
GuttenPlans,GuttenPlans x1367,Ritz Bits Cheese,Food,1.25,1,1.25,1.25
GuttenPlans,GuttenPlans x1367,Red Bull - Original,Carbonated,3.0,1,3.0,3.0
GuttenPlans,GuttenPlans x1367,Red Bull - Original,Carbonated,3.0,1,3.0,3.0
GuttenPlans,GuttenPlans x1367,Sunkist Soda - Orange,Carbonated,1.0,1,1.0,1.0
GuttenPlans,GuttenPlans x1367,Coca Cola - Zero Sugar,Carbonated,1.0,1,1.0,1.0
GuttenPlans,GuttenPlans x1367,Monster Energy Original,Carbonated,3.0,1,3.0,3.0
GuttenPlans,GuttenPlans x1367,Chesters Fries Flaming hot,Food,1.5,1,1.5,1.5
GuttenPlans,GuttenPlans x1367,Chesters Fries Flaming hot,Food,1.5,1,1.5,1.5
GuttenPlans,GuttenPlans x1367,Coca Cola - Zero Sugar,Carbonated,1.0,1,1.0,1.0
GuttenPlans,GuttenPlans x1367,Coca Cola - Zero Sugar,Carbonated,1.0,1,1.0,1.0
GuttenPlans,GuttenPlans x1367,Coca Cola - Zero Sugar,Carbonated,1.0,1,1.0,1.0
GuttenPlans,GuttenPlans x1367,Sunkist Soda - Orange,Carbonated,1.0,1,1.0,1.0
GuttenPlans,GuttenPlans x1367,Monster Energy Original,Carbonated,3.0,1,3.0,3.0
GuttenPlans,GuttenPlans x1367,Coca Cola - Zero Sugar,Carbonated,1.0,1,1.0,1.0
GuttenPlans,GuttenPlans x1367,Sunkist Soda - Orange,Carbonated,1.0,1,1.0,1.0
GuttenPlans,GuttenPlans x1367,Monster Energy Original,Carbonated,3.0,1,3.0,3.0
GuttenPlans,GuttenPlans x1367,Cheetos - Fleming Hot Crunchy,Food,1.5,1,1.5,1.5
GuttenPlans,GuttenPlans x1367,Coca Cola - Zero Sugar,Carbonated,1.0,1,1.0,1.0
GuttenPlans,GuttenPlans x1367,Funyuns - Flaming Hot,Food,1.5,1,1.5,1.5
GuttenPlans,GuttenPlans x1367,Munchies Snack mix Flaming Hot,Food,1.5,1,1.5,4.5
GuttenPlans,GuttenPlans x1367,Chesters Fries Flaming hot,Food,1.5,1,1.5,4.5
GuttenPlans,GuttenPlans x1367,Funyuns - Flaming Hot,Food,1.5,1,1.5,4.5
Earle Asphalt,Earle Asphalt x1371,Keto Krisp - Almond Butter,Carbonated,2.0,1,2.0,2.0
Earle Asphalt,Earle Asphalt x1371,Robert Irvine's - Fit Crunch -  Chocolate Pea,Food,2.0,1,2.0,2.0
Earle Asphalt,Earle Asphalt x1371,Snapple Diet Tea - Lemon,Non Carbonated,2.5,1,2.5,2.5
GuttenPlans,GuttenPlans x1367,Red Bull - Original,Carbonated,3.0,1,3.0,3.0
Earle Asphalt,Earle Asphalt x1371,NuGo Dark Chocolate - Choc Chip,Food,2.0,1,2.0,2.0
Brunswick Sq Mall,BSQ Mall x1366 - ATT,Lays Baked - Original,Food,1.5,1,1.5,1.5
GuttenPlans,GuttenPlans x1367,Monster Energy Original,Carbonated,3.0,1,3.0,3.0
GuttenPlans,GuttenPlans x1367,Sunkist Soda - Orange,Carbonated,1.0,1,1.0,1.0
GuttenPlans,GuttenPlans x1367,Cheetos - Fleming Hot Crunchy,Food,1.5,1,1.5,1.5
GuttenPlans,GuttenPlans x1367,Oreo Single Server 6 ct,Food,2.0,1,2.0,2.0
GuttenPlans,GuttenPlans x1367,Coca Cola - Zero Sugar,Carbonated,1.0,1,1.0,1.0
GuttenPlans,GuttenPlans x1367,Munchies Snack mix Flaming Hot,Food,1.5,1,1.5,1.5
GuttenPlans,GuttenPlans x1367,Munchies Snack mix Flaming Hot,Food,1.5,1,1.5,1.5
GuttenPlans,GuttenPlans x1367,Funyuns - Flaming Hot,Food,1.5,1,1.5,1.5
GuttenPlans,GuttenPlans x1367,Coca Cola - Zero Sugar,Carbonated,1.0,1,1.0,1.0
GuttenPlans,GuttenPlans x1367,Coca Cola - Zero Sugar,Carbonated,1.0,1,1.0,1.0
GuttenPlans,GuttenPlans x1367,Coca Cola - Zero Sugar,Carbonated,1.0,1,1.0,1.0
GuttenPlans,GuttenPlans x1367,Coca Cola - Zero Sugar,Carbonated,1.0,1,1.0,1.0
GuttenPlans,GuttenPlans x1367,Sunkist Soda - Orange,Carbonated,1.0,1,1.0,1.0
GuttenPlans,GuttenPlans x1367,Coca Cola - Zero Sugar,Carbonated,1.0,1,1.0,1.0
GuttenPlans,GuttenPlans x1367,Ritz Bits Cheese,Food,1.25,1,1.25,1.25
GuttenPlans,GuttenPlans x1367,Ritz Bits Cheese,Food,1.25,1,1.25,1.25
GuttenPlans,GuttenPlans x1367,Munchies Snack mix Flaming Hot,Food,1.5,1,1.5,1.5
GuttenPlans,GuttenPlans x1367,Funyuns - Flaming Hot,Food,1.5,1,1.5,1.5
GuttenPlans,GuttenPlans x1367,Funyuns - Flaming Hot,Food,1.5,1,1.5,1.5
GuttenPlans,GuttenPlans x1367,Chesters Fries Flaming hot,Food,1.5,1,1.5,1.5
GuttenPlans,GuttenPlans x1367,Cheetos Flaming Hot Limon Crunchy,Food,1.5,1,1.5,1.5
GuttenPlans,GuttenPlans x1367,Chesters Fries Flaming hot,Food,1.5,1,1.5,1.5
GuttenPlans,GuttenPlans x1367,Sunkist Soda - Orange,Carbonated,1.0,1,1.0,1.0
GuttenPlans,GuttenPlans x1367,Coca Cola - Zero Sugar,Carbonated,1.0,1,1.0,1.0
Earle Asphalt,Earle Asphalt x1371,Snyder's of Hanover Pretzel - Cheddar Cheese,Food,1.5,1,1.5,1.5
GuttenPlans,GuttenPlans x1367,Chesters Fries Flaming hot,Food,1.5,2,3.0,6.0
GuttenPlans,GuttenPlans x1367,Monster Energy Original,Carbonated,3.0,1,3.0,6.0
Earle Asphalt,Earle Asphalt x1371,Good Health Veggie Stix - Sea Salt,Food,1.5,1,1.5,1.5
Earle Asphalt,Earle Asphalt x1371,NuGo Dark Chocolate - Choc Chip,Food,2.0,1,2.0,2.0
Brunswick Sq Mall,BSQ Mall x1366 - ATT,Monster Energy Original,Carbonated,3.0,1,3.0,3.0
GuttenPlans,GuttenPlans x1367,Jack Links Beef Steak Original,Food,2.0,1,2.0,2.0
GuttenPlans,GuttenPlans x1367,Snapple Diet Tea - Peach Tea,Non Carbonated,2.5,1,2.5,2.5
Earle Asphalt,Earle Asphalt x1371,Miss Vickie's Potato Chip - Jalapeno,Food,1.5,1,1.5,1.5
GuttenPlans,GuttenPlans x1367,Coca Cola - Zero Sugar,Carbonated,1.0,1,1.0,1.0
Brunswick Sq Mall,BSQ Mall x1364 - Zales,Good Health Veggie Stix - Sea Salt,Food,1.5,1,1.5,1.5
GuttenPlans,GuttenPlans x1367,Monster Energy Original,Carbonated,3.0,1,3.0,3.0
GuttenPlans,GuttenPlans x1367,Cheetos - Fleming Hot Crunchy,Food,1.5,1,1.5,1.5
Brunswick Sq Mall,BSQ Mall x1366 - ATT,Poland Springs Water,Water,1.5,2,3.0,3.0
Brunswick Sq Mall,BSQ Mall x1364 - Zales,KitKat - Crisp Wafers,Food,2.0,1,2.0,2.0
GuttenPlans,GuttenPlans x1367,Sunkist Soda - Orange,Carbonated,1.0,1,1.0,1.0
GuttenPlans,GuttenPlans x1367,Coca Cola - Zero Sugar,Carbonated,1.0,1,1.0,1.0
GuttenPlans,GuttenPlans x1367,Monster Energy Original,Carbonated,3.0,1,3.0,3.0
GuttenPlans,GuttenPlans x1367,Coca Cola - Zero Sugar,Carbonated,1.0,1,1.0,1.0
GuttenPlans,GuttenPlans x1367,Coca Cola - Zero Sugar,Carbonated,1.0,1,1.0,1.0
GuttenPlans,GuttenPlans x1367,Monster Energy Original,Carbonated,3.0,1,3.0,3.0
GuttenPlans,GuttenPlans x1367,Monster Energy Original,Carbonated,3.0,1,3.0,3.0
GuttenPlans,GuttenPlans x1367,Cheetos - Fleming Hot Crunchy,Food,1.5,1,1.5,1.5
GuttenPlans,GuttenPlans x1367,Ritz Bits Cheese,Food,1.25,1,1.25,1.25
GuttenPlans,GuttenPlans x1367,Ritz Bits Cheese,Food,1.25,1,1.25,1.25
GuttenPlans,GuttenPlans x1367,Snapple Diet Tea - Lemon,Non Carbonated,2.5,1,2.5,2.5
Brunswick Sq Mall,BSQ Mall x1366 - ATT,Poland Springs Water,Water,1.5,1,1.5,6.0
Brunswick Sq Mall,BSQ Mall x1366 - ATT,Monster Energy Original,Carbonated,3.0,1,3.0,6.0
Brunswick Sq Mall,BSQ Mall x1366 - ATT,Lays Baked - Original,Food,1.5,1,1.5,6.0
Brunswick Sq Mall,BSQ Mall x1366 - ATT,Poland Springs Water,Water,1.5,1,1.5,1.5
Brunswick Sq Mall,BSQ Mall x1364 - Zales,Oberto Specialty Meats - Original,Food,3.0,1,3.0,3.0
Brunswick Sq Mall,BSQ Mall x1366 - ATT,V8 Vegetable Juice - Original,Non Carbonated,1.5,1,1.5,1.5
Brunswick Sq Mall,BSQ Mall x1366 - ATT,Poland Springs Water,Water,1.5,1,1.5,1.5
Brunswick Sq Mall,BSQ Mall x1364 - Zales,Poland Springs Water,Water,1.5,3,4.5,4.5
GuttenPlans,GuttenPlans x1367,Cheetos - Fleming Hot Crunchy,Food,1.5,1,1.5,1.5
GuttenPlans,GuttenPlans x1367,Snapple Diet Tea - Peach Tea,Non Carbonated,2.5,1,2.5,2.5
GuttenPlans,GuttenPlans x1367,Snapple Diet Tea - Peach Tea,Non Carbonated,2.5,1,2.5,2.5
GuttenPlans,GuttenPlans x1367,Jack Links Beef Steak Original,Food,2.0,1,2.0,4.0
GuttenPlans,GuttenPlans x1367,KitKat - Crisp Wafers,Food,2.0,1,2.0,4.0
Earle Asphalt,Earle Asphalt x1371,Miss Vickie's Potato Chip - Smokehouse BBQ,Food,1.5,1,1.5,1.5
Earle Asphalt,Earle Asphalt x1371,Miss Vickie's Potato Chip - Lime & Cracked Pe,Food,1.5,1,1.5,1.5
Earle Asphalt,Earle Asphalt x1371,Snapple Diet Tea - Lemon,Non Carbonated,2.5,1,2.5,2.5
Earle Asphalt,Earle Asphalt x1371,Robert Irvine's - Fit Crunch -  Chocolate Pea,Food,2.0,1,2.0,2.0
Brunswick Sq Mall,BSQ Mall x1366 - ATT,Red Bull - Original,Carbonated,3.5,1,3.5,3.5
GuttenPlans,GuttenPlans x1367,Red Bull - Original,Carbonated,3.0,1,3.0,3.0
GuttenPlans,GuttenPlans x1367,Sunkist Soda - Orange,Carbonated,1.0,1,1.0,1.0
GuttenPlans,GuttenPlans x1367,Red Bull - Original,Carbonated,3.0,1,3.0,3.0
GuttenPlans,GuttenPlans x1367,KitKat - Crisp Wafers,Food,2.0,1,2.0,2.0
Earle Asphalt,Earle Asphalt x1371,Robert Irvine's - Fit Crunch -  Chocolate Pea,Food,2.0,1,2.0,2.0
GuttenPlans,GuttenPlans x1367,Coca Cola - Zero Sugar,Carbonated,1.0,1,1.0,1.0
Brunswick Sq Mall,BSQ Mall x1364 - Zales,Good Health Veggie Stix - Sea Salt,Food,1.5,1,1.5,1.5
GuttenPlans,GuttenPlans x1367,Coca Cola - Zero Sugar,Carbonated,1.0,1,1.0,1.0
GuttenPlans,GuttenPlans x1367,Monster Energy Original,Carbonated,3.0,1,3.0,3.0
Brunswick Sq Mall,BSQ Mall x1366 - ATT,Monster Energy Original,Carbonated,3.0,1,3.0,6.0
Brunswick Sq Mall,BSQ Mall x1366 - ATT,Poland Springs Water,Water,1.5,1,1.5,6.0
Brunswick Sq Mall,BSQ Mall x1366 - ATT,Lays Baked - Original,Food,1.5,1,1.5,6.0
GuttenPlans,GuttenPlans x1367,Coca Cola - Zero Sugar,Carbonated,1.0,1,1.0,1.0
GuttenPlans,GuttenPlans x1367,Coca Cola - Zero Sugar,Carbonated,1.0,1,1.0,1.0
GuttenPlans,GuttenPlans x1367,Coca Cola - Zero Sugar,Carbonated,1.0,1,1.0,1.0
GuttenPlans,GuttenPlans x1367,Monster Energy Original,Carbonated,3.0,1,3.0,3.0
Brunswick Sq Mall,BSQ Mall x1364 - Zales,Bai Antioxidant - Zambia Bingcherry,Non Carbonated,2.5,1,2.5,2.5
GuttenPlans,GuttenPlans x1367,Coca Cola - Zero Sugar,Carbonated,1.0,1,1.0,1.0
GuttenPlans,GuttenPlans x1367,Coca Cola - Zero Sugar,Carbonated,1.0,1,1.0,1.0
GuttenPlans,GuttenPlans x1367,Coca Cola - Zero Sugar,Carbonated,1.0,1,1.0,1.0
GuttenPlans,GuttenPlans x1367,Jack Links Beef Steak Original,Food,2.0,1,2.0,5.0
GuttenPlans,GuttenPlans x1367,Munchies Snack mix Flaming Hot,Food,1.5,1,1.5,5.0
GuttenPlans,GuttenPlans x1367,Cheetos Flaming Hot Limon Crunchy,Food,1.5,1,1.5,5.0
Earle Asphalt,Earle Asphalt x1371,Robert Irvine's - Fit Crunch -  Chocolate Pea,Food,2.0,1,2.0,2.0
Earle Asphalt,Earle Asphalt x1371,Miss Vickie's Potato Chip - Smokehouse BBQ,Food,1.5,1,1.5,1.5
Earle Asphalt,Earle Asphalt x1371,Miss Vickie's Potato Chip - Smokehouse BBQ,Food,1.5,1,1.5,1.5
Earle Asphalt,Earle Asphalt x1371,Snapple Diet Tea - Lemon,Non Carbonated,2.5,1,2.5,2.5
Earle Asphalt,Earle Asphalt x1371,Good Health Veggie Stix - Sea Salt,Food,1.5,1,1.5,1.5
Earle Asphalt,Earle Asphalt x1371,Robert Irvine's - Fit Crunch -  Chocolate Pea,Food,2.0,1,2.0,2.0
Brunswick Sq Mall,BSQ Mall x1366 - ATT,Bai Antioxidant - Molokai Coconut,Non Carbonated,2.5,1,2.5,4.0
Brunswick Sq Mall,BSQ Mall x1366 - ATT,Poland Springs Water,Water,1.5,1,1.5,4.0
Brunswick Sq Mall,BSQ Mall x1364 - Zales,Takis FUGEO mini,Food,1.5,1,1.5,1.5
GuttenPlans,GuttenPlans x1367,Sunkist Soda - Orange,Carbonated,1.0,1,1.0,1.0
GuttenPlans,GuttenPlans x1367,Sunkist Soda - Orange,Carbonated,1.0,1,1.0,1.0
GuttenPlans,GuttenPlans x1367,Good Health Veggie Stix - Sea Salt,Food,1.5,1,1.5,1.5
GuttenPlans,GuttenPlans x1367,Coca Cola - Zero Sugar,Carbonated,1.0,1,1.0,1.0
GuttenPlans,GuttenPlans x1367,Coca Cola - Zero Sugar,Carbonated,1.0,1,1.0,1.0
GuttenPlans,GuttenPlans x1367,Snapple Diet Tea - Peach Tea,Non Carbonated,2.5,1,2.5,2.5
GuttenPlans,GuttenPlans x1367,Sunkist Soda - Orange,Carbonated,1.0,1,1.0,1.0
GuttenPlans,GuttenPlans x1367,Sunkist Soda - Orange,Carbonated,1.0,1,1.0,1.0
GuttenPlans,GuttenPlans x1367,Sunkist Soda - Orange,Carbonated,1.0,1,1.0,1.0
GuttenPlans,GuttenPlans x1367,Monster Energy Original,Carbonated,3.0,1,3.0,3.0
GuttenPlans,GuttenPlans x1367,Monster Energy Original,Carbonated,3.0,1,3.0,3.0
Earle Asphalt,Earle Asphalt x1371,Miss Vickie's Potato Chip - Lime & Cracked Pe,Food,1.5,1,1.5,1.5
Earle Asphalt,Earle Asphalt x1371,Good Health Veggie Stix - Sea Salt,Food,1.5,1,1.5,1.5
Brunswick Sq Mall,BSQ Mall x1364 - Zales,Takis FUGEO mini,Food,1.5,1,1.5,1.5
Brunswick Sq Mall,BSQ Mall x1366 - ATT,Poland Springs Water,Water,1.5,1,1.5,1.5
Earle Asphalt,Earle Asphalt x1371,NuGo Dark Chocolate - Choc Chip,Food,2.0,1,2.0,2.0
Brunswick Sq Mall,BSQ Mall x1364 - Zales,SunChips Multigrain - Harvest Cheddar,Food,1.5,1,1.5,1.5
GuttenPlans,GuttenPlans x1367,Monster Energy Original,Carbonated,3.0,1,3.0,3.0
Brunswick Sq Mall,BSQ Mall x1366 - ATT,S. Pellegrino Sparkling Mineral Water,Water,2.0,1,2.0,2.0
GuttenPlans,GuttenPlans x1367,Snapple Diet Tea - Peach Tea,Non Carbonated,2.5,1,2.5,2.5
GuttenPlans,GuttenPlans x1367,Cheetos Flaming Hot Limon Crunchy,Food,1.5,1,1.5,1.5
GuttenPlans,GuttenPlans x1367,Monster Energy Original,Carbonated,3.0,1,3.0,3.0
Earle Asphalt,Earle Asphalt x1371,Miss Vickie's Potato Chip - Lime & Cracked Pe,Food,1.5,1,1.5,1.5
GuttenPlans,GuttenPlans x1367,Red Bull - Original,Carbonated,3.0,1,3.0,3.0
Earle Asphalt,Earle Asphalt x1371,Robert Irvine's - Fit Crunch -  Chocolate Pea,Food,2.0,1,2.0,2.0
GuttenPlans,GuttenPlans x1367,Snapple Diet Tea - Peach Tea,Non Carbonated,2.5,1,2.5,2.5
Earle Asphalt,Earle Asphalt x1371,Robert Irvine's - Fit Crunch -  Chocolate Pea,Food,2.0,1,2.0,2.0
GuttenPlans,GuttenPlans x1367,Skinny Pop Popcorn,Food,1.5,1,1.5,1.5
GuttenPlans,GuttenPlans x1367,Skinny Pop Popcorn,Food,1.5,1,1.5,1.5
GuttenPlans,GuttenPlans x1367,Jack Links Beef Steak Original,Food,2.0,1,2.0,5.5
GuttenPlans,GuttenPlans x1367,KitKat - Crisp Wafers,Food,2.0,1,2.0,5.5
GuttenPlans,GuttenPlans x1367,Newtons Fig Bar,Food,1.5,1,1.5,5.5
Brunswick Sq Mall,BSQ Mall x1366 - ATT,Snapple Diet Tea - Raspberry,Non Carbonated,2.5,1,2.5,2.5
Earle Asphalt,Earle Asphalt x1371,V8 Vegetable Juice - Original,Non Carbonated,1.5,1,1.5,1.5
Earle Asphalt,Earle Asphalt x1371,Takis - Hot Chilli Pepper & Lime,Food,1.5,1,1.5,1.5
Earle Asphalt,Earle Asphalt x1371,Takis - Hot Chilli Pepper & Lime,Food,1.5,1,1.5,1.5
Earle Asphalt,Earle Asphalt x1371,Good Health Veggie Stix - Sea Salt,Food,1.5,1,1.5,1.5
GuttenPlans,GuttenPlans x1367,Red Bull - Original,Carbonated,3.0,1,3.0,3.0
Earle Asphalt,Earle Asphalt x1371,Spindrift - Sparkling Water  Lime,Carbonated,1.5,1,1.5,1.5
Earle Asphalt,Earle Asphalt x1371,Belvita Breakfast Cookies - Blueberry,Food,1.5,1,1.5,1.5
Earle Asphalt,Earle Asphalt x1371,Vitamin Water - Ice Cool Blue Lavender,Water,2.5,1,2.5,2.5
Earle Asphalt,Earle Asphalt x1371,Takis - Hot Chilli Pepper & Lime,Food,1.5,1,1.5,1.5
Earle Asphalt,Earle Asphalt x1371,Coca Cola - Zero Sugar,Carbonated,1.5,1,1.5,1.5
Earle Asphalt,Earle Asphalt x1371,V8 Vegetable Juice - Original,Non Carbonated,1.5,1,1.5,1.5
GuttenPlans,GuttenPlans x1367,Skinny Pop Popcorn,Food,1.5,1,1.5,1.5
GuttenPlans,GuttenPlans x1367,CheezIt - Original,Food,1.0,1,1.0,1.0
GuttenPlans,GuttenPlans x1367,Coca Cola - Zero Sugar,Carbonated,1.0,1,1.0,1.0
GuttenPlans,GuttenPlans x1367,Sunkist Soda - Orange,Carbonated,1.0,1,1.0,1.0
GuttenPlans,GuttenPlans x1367,Sunkist Soda - Orange,Carbonated,1.0,1,1.0,1.0
GuttenPlans,GuttenPlans x1367,Oreo Single Server 6 ct,Food,2.0,1,2.0,2.0
GuttenPlans,GuttenPlans x1367,Sunkist Soda - Orange,Carbonated,1.0,1,1.0,1.0
GuttenPlans,GuttenPlans x1367,Sunkist Soda - Orange,Carbonated,1.0,1,1.0,1.0
GuttenPlans,GuttenPlans x1367,Coca Cola - Zero Sugar,Carbonated,1.0,1,1.0,1.0
GuttenPlans,GuttenPlans x1367,Doritos Famin Hot Nacho,Food,1.5,1,1.5,1.5
GuttenPlans,GuttenPlans x1367,Sunkist Soda - Orange,Carbonated,1.0,1,1.0,1.0
GuttenPlans,GuttenPlans x1367,Coca Cola - Zero Sugar,Carbonated,1.0,1,1.0,1.0
GuttenPlans,GuttenPlans x1367,Coca Cola - Zero Sugar,Carbonated,1.0,1,1.0,1.0
GuttenPlans,GuttenPlans x1367,Sunkist Soda - Orange,Carbonated,1.0,1,1.0,1.0
GuttenPlans,GuttenPlans x1367,Good Health Veggie Stix - Sea Salt,Food,1.5,1,1.5,1.5
GuttenPlans,GuttenPlans x1367,Coca Cola - Zero Sugar,Carbonated,1.0,1,1.0,1.0
Earle Asphalt,Earle Asphalt x1371,Good Health Veggie Stix - Zesty Ranch,Food,1.5,1,1.5,1.5
Brunswick Sq Mall,BSQ Mall x1366 - ATT,SunChips Multigrain - Harvest Cheddar,Food,1.5,1,1.5,1.5
Earle Asphalt,Earle Asphalt x1371,Miss Vickie's Potato Chip - Lime & Cracked Pe,Food,1.5,1,1.5,1.5
Earle Asphalt,Earle Asphalt x1371,Kinder - Bueno - Crispy Creamy Chocolate,Food,2.0,1,2.0,2.0
Earle Asphalt,Earle Asphalt x1371,Keto Krisp - Almond Butter,Carbonated,2.0,1,2.0,2.0
Earle Asphalt,Earle Asphalt x1371,NuGo Dark Chocolate - Choc Chip,Food,2.0,1,2.0,2.0
Earle Asphalt,Earle Asphalt x1371,Wonderful Pistachios - Variety,Food,2.0,2,4.0,4.0
Earle Asphalt,Earle Asphalt x1371,Vitamin Water - Ice Cool Blue Lavender,Water,2.5,1,2.5,2.5
Earle Asphalt,Earle Asphalt x1371,Coca Cola - Zero Sugar,Carbonated,1.5,1,1.5,1.5
GuttenPlans,GuttenPlans x1367,Coca Cola - Zero Sugar,Carbonated,1.0,1,1.0,1.0
GuttenPlans,GuttenPlans x1367,Sunkist Soda - Orange,Carbonated,1.0,1,1.0,1.0
Earle Asphalt,Earle Asphalt x1371,BodyArmor LYTE  - Peach Mango,Water,2.0,1,2.0,2.0
Earle Asphalt,Earle Asphalt x1371,Coca Cola - Zero Sugar,Carbonated,1.5,1,1.5,1.5
Earle Asphalt,Earle Asphalt x1371,Vitamin Water - Ice Cool Blue Lavender,Water,2.5,1,2.5,2.5
GuttenPlans,GuttenPlans x1367,Doritos Famin Hot Nacho,Food,1.5,1,1.5,1.5
GuttenPlans,GuttenPlans x1367,Coca Cola - Zero Sugar,Carbonated,1.0,1,1.0,1.0
GuttenPlans,GuttenPlans x1367,KitKat - Crisp Wafers,Food,2.0,1,2.0,2.0
GuttenPlans,GuttenPlans x1367,Coca Cola - Zero Sugar,Carbonated,1.0,1,1.0,1.0
GuttenPlans,GuttenPlans x1367,Monster Energy Original,Carbonated,3.0,1,3.0,3.0
GuttenPlans,GuttenPlans x1367,Coca Cola - Zero Sugar,Carbonated,1.0,1,1.0,1.0
GuttenPlans,GuttenPlans x1367,Monster Energy Original,Carbonated,3.0,1,3.0,3.0
GuttenPlans,GuttenPlans x1367,Doritos Famin Hot Nacho,Food,1.5,1,1.5,1.5
GuttenPlans,GuttenPlans x1367,Cheetos Flaming Hot Limon Crunchy,Food,1.5,1,1.5,1.5
Brunswick Sq Mall,BSQ Mall x1366 - ATT,V8 Vegetable Juice - Original,Non Carbonated,1.5,1,1.5,1.5
Brunswick Sq Mall,BSQ Mall x1364 - Zales,Robert Irvine's - Fit Crunch -  Chocolate Pea,Food,2.0,1,2.0,2.0
Brunswick Sq Mall,BSQ Mall x1366 - ATT,Good Health Veggie Stix - Sea Salt,Food,1.5,1,1.5,1.5
Brunswick Sq Mall,BSQ Mall x1366 - ATT,Keto Krisp - Almond Butter,Carbonated,1.25,1,1.25,1.25
Brunswick Sq Mall,BSQ Mall x1366 - ATT,V8 Vegetable Juice - Original,Non Carbonated,1.5,1,1.5,1.5
Brunswick Sq Mall,BSQ Mall x1366 - ATT,Red Bull - Original,Carbonated,3.5,1,3.5,3.5
Brunswick Sq Mall,BSQ Mall x1366 - ATT,Red Bull - Original,Carbonated,3.5,1,3.5,3.5
Brunswick Sq Mall,BSQ Mall x1366 - ATT,Good Health Veggie Stix - Sea Salt,Food,1.5,1,1.5,1.5
Brunswick Sq Mall,BSQ Mall x1364 - Zales,Spindrift - Sparkling Water Raspberry Lime,Non Carbonated,1.5,1,1.5,1.5
Brunswick Sq Mall,BSQ Mall x1364 - Zales,Miss Vickie's Potato Chip - Jalapeno,Food,1.5,1,1.5,1.5
Brunswick Sq Mall,BSQ Mall x1366 - ATT,V8 Vegetable Juice - Original,Non Carbonated,1.5,1,1.5,1.5
Brunswick Sq Mall,BSQ Mall x1366 - ATT,Monster Energy Original,Carbonated,3.0,1,3.0,3.0
Brunswick Sq Mall,BSQ Mall x1364 - Zales,Poland Springs Water,Water,1.5,1,1.5,1.5
Brunswick Sq Mall,BSQ Mall x1364 - Zales,KitKat - Crisp Wafers,Food,2.0,1,2.0,2.0
Brunswick Sq Mall,BSQ Mall x1366 - ATT,Bai Antioxidant - Molokai Coconut,Non Carbonated,2.5,1,2.5,2.5
Brunswick Sq Mall,BSQ Mall x1364 - Zales,Robert Irvine's - Fit Crunch -  Chocolate Pea,Food,2.0,1,2.0,2.0
Brunswick Sq Mall,BSQ Mall x1366 - ATT,Bai Antioxidant - Molokai Coconut,Non Carbonated,2.5,1,2.5,2.5
Brunswick Sq Mall,BSQ Mall x1364 - Zales,Good Health Veggie Stix - Sea Salt,Food,1.5,1,1.5,1.5
Brunswick Sq Mall,BSQ Mall x1364 - Zales,Poland Springs Water,Water,1.5,1,1.5,1.5
Brunswick Sq Mall,BSQ Mall x1364 - Zales,Zevia Zero Calorie Energy - Mango Ginger,Non Carbonated,2.5,1,2.5,2.5
Brunswick Sq Mall,BSQ Mall x1364 - Zales,Poland Springs Water,Water,1.5,2,3.0,3.0
Brunswick Sq Mall,BSQ Mall x1364 - Zales,Poland Springs Water,Water,1.5,1,1.5,1.5
Earle Asphalt,Earle Asphalt x1371,Miss Vickie's Potato Chip - Smokehouse BBQ,Food,1.5,1,1.5,1.5
Brunswick Sq Mall,BSQ Mall x1366 - ATT,Bubly - Cherry,Carbonated,1.5,1,1.5,1.5
Earle Asphalt,Earle Asphalt x1371,Miss Vickie's Potato Chip - Smokehouse BBQ,Food,1.5,1,1.5,1.5
Earle Asphalt,Earle Asphalt x1371,Keto Krisp - Almond Butter,Carbonated,2.0,1,2.0,2.0
Earle Asphalt,Earle Asphalt x1371,NuGo Dark Chocolate - Choc Chip,Food,2.0,1,2.0,2.0
GuttenPlans,GuttenPlans x1367,Cheetos Flaming Hot Limon Crunchy,Food,1.5,1,1.5,3.0
GuttenPlans,GuttenPlans x1367,Skinny Pop Popcorn,Food,1.5,1,1.5,3.0
GuttenPlans,GuttenPlans x1367,Doritos Famin Hot Nacho,Food,1.5,1,1.5,1.5
Brunswick Sq Mall,BSQ Mall x1366 - ATT,Red Bull - Original,Carbonated,3.5,1,3.5,3.5
Brunswick Sq Mall,BSQ Mall x1366 - ATT,Red Bull - Original,Carbonated,3.5,1,3.5,3.5
Brunswick Sq Mall,BSQ Mall x1366 - ATT,Snapple Diet Tea - Raspberry,Non Carbonated,2.5,1,2.5,2.5
GuttenPlans,GuttenPlans x1367,Sunkist Soda - Orange,Carbonated,1.0,1,1.0,1.0
GuttenPlans,GuttenPlans x1367,Coca Cola - Zero Sugar,Carbonated,1.0,1,1.0,1.0
GuttenPlans,GuttenPlans x1367,Sunkist Soda - Orange,Carbonated,1.0,1,1.0,1.0
GuttenPlans,GuttenPlans x1367,Sunkist Soda - Orange,Carbonated,1.0,1,1.0,1.0
GuttenPlans,GuttenPlans x1367,Coca Cola - Zero Sugar,Carbonated,1.0,1,1.0,1.0
GuttenPlans,GuttenPlans x1367,Doritos Famin Hot Nacho,Food,1.5,1,1.5,1.5
GuttenPlans,GuttenPlans x1367,Good Health Veggie Stix - Sea Salt,Food,1.5,1,1.5,1.5
GuttenPlans,GuttenPlans x1367,Monster Energy Original,Carbonated,3.0,1,3.0,3.0
Brunswick Sq Mall,BSQ Mall x1364 - Zales,Poland Springs Water,Water,1.5,1,1.5,1.5
Brunswick Sq Mall,BSQ Mall x1364 - Zales,Poland Springs Water,Water,1.5,1,1.5,1.5
Brunswick Sq Mall,BSQ Mall x1366 - ATT,Miss Vickie's Potato Chip - Sea Salt Original,Food,1.5,1,1.5,1.5
Earle Asphalt,Earle Asphalt x1371,Snapple Diet Tea - Lemon,Non Carbonated,2.5,1,2.5,2.5
Earle Asphalt,Earle Asphalt x1371,Keto Krisp - Almond Butter,Carbonated,2.0,1,2.0,2.0
Brunswick Sq Mall,BSQ Mall x1366 - ATT,Keto Krisp - Almond Butter,Carbonated,1.25,1,1.25,1.25
Brunswick Sq Mall,BSQ Mall x1366 - ATT,Keto Krisp - Almond Butter,Carbonated,1.25,1,1.25,1.25
GuttenPlans,GuttenPlans x1367,Snapple Diet Tea - Peach Tea,Non Carbonated,2.5,1,2.5,2.5
GuttenPlans,GuttenPlans x1367,Popchips Potato - Barbeque,Food,1.5,1,1.5,1.5
GuttenPlans,GuttenPlans x1367,Sunkist Soda - Orange,Carbonated,1.0,1,1.0,1.0
GuttenPlans,GuttenPlans x1367,Monster Energy Original,Carbonated,3.0,1,3.0,3.0
GuttenPlans,GuttenPlans x1367,Red Bull - Original,Carbonated,3.0,1,3.0,3.0
Earle Asphalt,Earle Asphalt x1371,Good Health Veggie Stix - Sea Salt,Food,1.5,1,1.5,1.5
Earle Asphalt,Earle Asphalt x1371,Wonderful Pistachios - Variety,Food,2.0,1,2.0,2.0
Earle Asphalt,Earle Asphalt x1371,Wonderful Pistachios - Variety,Food,2.0,1,2.0,2.0
Earle Asphalt,Earle Asphalt x1371,Good Health Veggie Stix - Sea Salt,Food,1.5,1,1.5,1.5
Earle Asphalt,Earle Asphalt x1371,Wonderful Pistachios - Variety,Food,2.0,1,2.0,2.0
Earle Asphalt,Earle Asphalt x1371,Wonderful Pistachios - Variety,Food,2.0,1,2.0,2.0
Brunswick Sq Mall,BSQ Mall x1366 - ATT,V8 Vegetable Juice - Original,Non Carbonated,1.5,1,1.5,1.5
GuttenPlans,GuttenPlans x1367,Monster Energy Original,Carbonated,3.0,1,3.0,3.0
GuttenPlans,GuttenPlans x1367,Sunkist Soda - Orange,Carbonated,1.0,1,1.0,1.0
GuttenPlans,GuttenPlans x1367,Sunkist Soda - Orange,Carbonated,1.0,1,1.0,1.0
GuttenPlans,GuttenPlans x1367,Coca Cola - Zero Sugar,Carbonated,1.0,1,1.0,1.0
GuttenPlans,GuttenPlans x1367,Takis FUGEO mini,Food,1.5,1,1.5,1.5
GuttenPlans,GuttenPlans x1367,Red Bull - Original,Carbonated,3.0,1,3.0,3.0
GuttenPlans,GuttenPlans x1367,Doritos Famin Hot Nacho,Food,1.5,1,1.5,1.5
GuttenPlans,GuttenPlans x1367,Monster Energy Original,Carbonated,3.0,1,3.0,3.0
GuttenPlans,GuttenPlans x1367,Monster Energy Original,Carbonated,3.0,1,3.0,3.0
Earle Asphalt,Earle Asphalt x1371,Belvita Snack Packs - Blueberry,Food,1.25,1,1.25,1.25
Earle Asphalt,Earle Asphalt x1371,Miss Vickie's Potato Chip - Smokehouse BBQ,Food,1.5,1,1.5,1.5
GuttenPlans,GuttenPlans x1367,Takis FUGEO mini,Food,1.5,1,1.5,1.5
Earle Asphalt,Earle Asphalt x1371,Snapple Diet Tea - Lemon,Non Carbonated,2.5,1,2.5,2.5
Earle Asphalt,Earle Asphalt x1371,Snyder's of Hanover Pretzel - Cheddar Cheese,Food,1.5,1,1.5,1.5
Earle Asphalt,Earle Asphalt x1371,CheezIt - Original,Food,1.25,1,1.25,1.25
Brunswick Sq Mall,BSQ Mall x1366 - ATT,Monster Energy Original,Carbonated,3.0,1,3.0,3.0
Earle Asphalt,Earle Asphalt x1371,Belvita Snack Packs - Blueberry,Food,1.25,1,1.25,1.25
Earle Asphalt,Earle Asphalt x1371,Miss Vickie's Potato Chip - Lime & Cracked Pe,Food,1.5,1,1.5,1.5
Earle Asphalt,Earle Asphalt x1371,Keto Krisp - Almond Butter,Carbonated,2.0,1,2.0,2.0
GuttenPlans,GuttenPlans x1367,Monster Energy Original,Carbonated,3.0,1,3.0,3.0
GuttenPlans,GuttenPlans x1367,Oreo Single Server 6 ct,Food,2.0,1,2.0,2.0
Brunswick Sq Mall,BSQ Mall x1364 - Zales,Robert Irvine's - Fit Crunch -  Chocolate Pea,Food,2.0,1,2.0,4.5
Brunswick Sq Mall,BSQ Mall x1364 - Zales,Snapple Diet Tea - Peach Tea,Non Carbonated,2.5,1,2.5,4.5
GuttenPlans,GuttenPlans x1367,Good Health Veggie Stix - Sea Salt,Food,1.5,1,1.5,1.5
GuttenPlans,GuttenPlans x1367,Sunkist Soda - Orange,Carbonated,1.0,1,1.0,1.0
GuttenPlans,GuttenPlans x1367,Monster Energy Original,Carbonated,3.0,1,3.0,3.0
GuttenPlans,GuttenPlans x1367,Skinny Pop Popcorn,Food,1.5,1,1.5,1.5
GuttenPlans,GuttenPlans x1367,Monster Energy Original,Carbonated,3.0,1,3.0,3.0
GuttenPlans,GuttenPlans x1367,Cheetos - Fleming Hot Crunchy,Food,1.5,1,1.5,1.5
GuttenPlans,GuttenPlans x1367,Monster Energy Original,Carbonated,3.0,1,3.0,3.0
Earle Asphalt,Earle Asphalt x1371,Wonderful Pistachios - Variety,Food,2.0,1,2.0,2.0
Earle Asphalt,Earle Asphalt x1371,Miss Vickie's Potato Chip - Lime & Cracked Pe,Food,1.5,1,1.5,1.5
Earle Asphalt,Earle Asphalt x1371,Keto Krisp - Almond Butter,Carbonated,2.0,1,2.0,2.0
Earle Asphalt,Earle Asphalt x1371,Wonderful Pistachios - Variety,Food,2.0,1,2.0,2.0
Earle Asphalt,Earle Asphalt x1371,Miss Vickie's Potato Chip - Smokehouse BBQ,Food,1.5,1,1.5,1.5
Earle Asphalt,Earle Asphalt x1371,Good Health Veggie Stix - Sea Salt,Food,1.5,1,1.5,1.5
Earle Asphalt,Earle Asphalt x1371,Wonderful Pistachios - Variety,Food,2.0,1,2.0,2.0
Earle Asphalt,Earle Asphalt x1371,Good Health Veggie Stix - Sea Salt,Food,1.5,1,1.5,1.5
GuttenPlans,GuttenPlans x1367,Jack Links Beef Steak Original,Food,2.0,1,2.0,6.5
GuttenPlans,GuttenPlans x1367,Popchips Potato - Barbeque,Food,1.5,1,1.5,6.5
GuttenPlans,GuttenPlans x1367,Monster Energy Original,Carbonated,3.0,1,3.0,6.5
GuttenPlans,GuttenPlans x1367,Coca Cola - Zero Sugar,Carbonated,1.0,1,1.0,1.0
Brunswick Sq Mall,BSQ Mall x1364 - Zales,Bubly - Grapefruit,Water,1.5,1,1.5,1.5
Brunswick Sq Mall,BSQ Mall x1364 - Zales,Spindrift - Sparkling Water  Lime,Carbonated,1.5,1,1.5,1.5
Brunswick Sq Mall,BSQ Mall x1366 - ATT,Red Bull - Original,Carbonated,3.5,1,3.5,3.5
Brunswick Sq Mall,BSQ Mall x1366 - ATT,KitKat - Crisp Wafers,Food,1.25,1,1.25,1.25
GuttenPlans,GuttenPlans x1367,Coca Cola - Zero Sugar,Carbonated,1.0,1,1.0,1.0
GuttenPlans,GuttenPlans x1367,Sunkist Soda - Orange,Carbonated,1.0,1,1.0,1.0
GuttenPlans,GuttenPlans x1367,Red Bull - Original,Carbonated,3.0,1,3.0,3.0
GuttenPlans,GuttenPlans x1367,Monster Energy Original,Carbonated,3.0,1,3.0,3.0
GuttenPlans,GuttenPlans x1367,Cheetos - Fleming Hot Crunchy,Food,1.5,1,1.5,1.5
GuttenPlans,GuttenPlans x1367,Mini Chips Ahoy,Food,1.5,1,1.5,1.5
GuttenPlans,GuttenPlans x1367,Red Bull - Original,Carbonated,3.0,1,3.0,3.0
GuttenPlans,GuttenPlans x1367,Oreo Single Server 6 ct,Food,2.0,1,2.0,2.0
GuttenPlans,GuttenPlans x1367,Snapple Diet Tea - Lemon,Non Carbonated,2.5,1,2.5,2.5
GuttenPlans,GuttenPlans x1367,Snapple Diet Tea - Lemon,Non Carbonated,2.5,1,2.5,2.5
Brunswick Sq Mall,BSQ Mall x1366 - ATT,Good Health Veggie Stix - Sea Salt,Food,1.5,1,1.5,1.5
Brunswick Sq Mall,BSQ Mall x1366 - ATT,Bai Antioxidant - Molokai Coconut,Non Carbonated,2.5,1,2.5,2.5
Brunswick Sq Mall,BSQ Mall x1364 - Zales,Bai Antioxidant - Zambia Bingcherry,Non Carbonated,2.5,1,2.5,2.5
Brunswick Sq Mall,BSQ Mall x1364 - Zales,Bai Antioxidant - Zambia Bingcherry,Non Carbonated,2.5,1,2.5,2.5
Brunswick Sq Mall,BSQ Mall x1364 - Zales,Takis FUGEO mini,Food,1.5,2,3.0,5.5
Brunswick Sq Mall,BSQ Mall x1364 - Zales,Snapple Diet Tea - Peach Tea,Non Carbonated,2.5,1,2.5,5.5
Brunswick Sq Mall,BSQ Mall x1366 - ATT,Snapple Diet Tea - Raspberry,Non Carbonated,2.5,1,2.5,2.5
Brunswick Sq Mall,BSQ Mall x1364 - Zales,Miss Vickie's Potato Chip - Sea Salt Original,Food,1.5,1,1.5,1.5
Brunswick Sq Mall,BSQ Mall x1366 - ATT,Newtons Fig Bar,Food,2.0,1,2.0,2.0
Brunswick Sq Mall,BSQ Mall x1366 - ATT,Snapple Diet Tea - Raspberry,Non Carbonated,2.5,1,2.5,2.5
Brunswick Sq Mall,BSQ Mall x1366 - ATT,Snapple Diet Tea - Raspberry,Non Carbonated,2.5,1,2.5,2.5
Brunswick Sq Mall,BSQ Mall x1364 - Zales,Poland Springs Water,Water,1.5,1,1.5,1.5
Brunswick Sq Mall,BSQ Mall x1364 - Zales,Vitamin Water - Squeezed Lemonade,Water,2.75,1,2.75,2.75
Brunswick Sq Mall,BSQ Mall x1366 - ATT,Bai Antioxidant - Molokai Coconut,Non Carbonated,2.5,1,2.5,2.5
Brunswick Sq Mall,BSQ Mall x1366 - ATT,KitKat - Crisp Wafers,Food,1.25,1,1.25,1.25
Brunswick Sq Mall,BSQ Mall x1364 - Zales,Poland Springs Water,Water,1.5,1,1.5,1.5
Brunswick Sq Mall,BSQ Mall x1364 - Zales,Takis FUGEO mini,Food,1.5,1,1.5,1.5
Brunswick Sq Mall,BSQ Mall x1364 - Zales,Takis FUGEO mini,Food,1.5,1,1.5,1.5
Brunswick Sq Mall,BSQ Mall x1364 - Zales,RXBAR - Protein Bar - Peanut Butter,Food,2.0,1,2.0,2.0
Brunswick Sq Mall,BSQ Mall x1364 - Zales,Poland Springs Water,Water,1.5,1,1.5,1.5
GuttenPlans,GuttenPlans x1367,Snapple Diet Tea - Lemon,Non Carbonated,2.5,1,2.5,2.5
GuttenPlans,GuttenPlans x1367,Mini Chips Ahoy,Food,1.5,1,1.5,1.5
GuttenPlans,GuttenPlans x1367,Mini Chips Ahoy,Food,1.5,1,1.5,1.5
Earle Asphalt,Earle Asphalt x1371,Good Health Veggie Stix - Sea Salt,Food,1.5,1,1.5,1.5
Earle Asphalt,Earle Asphalt x1371,Wonderful Pistachios - Variety,Food,2.0,1,2.0,2.0
GuttenPlans,GuttenPlans x1367,Sunkist Soda - Orange,Carbonated,1.0,1,1.0,1.0
GuttenPlans,GuttenPlans x1367,Monster Energy Original,Carbonated,3.0,1,3.0,3.0
GuttenPlans,GuttenPlans x1367,Coca Cola - Zero Sugar,Carbonated,1.0,1,1.0,1.0
GuttenPlans,GuttenPlans x1367,Coca Cola - Zero Sugar,Carbonated,1.0,1,1.0,1.0
GuttenPlans,GuttenPlans x1367,Sunkist Soda - Orange,Carbonated,1.0,1,1.0,1.0
GuttenPlans,GuttenPlans x1367,Miss Vickie's Potato Chip - Sea Salt & Vinega,Food,1.5,1,1.5,1.5
GuttenPlans,GuttenPlans x1367,Sunkist Soda - Orange,Carbonated,1.0,1,1.0,1.0
GuttenPlans,GuttenPlans x1367,Coca Cola - Zero Sugar,Carbonated,1.0,1,1.0,1.0
GuttenPlans,GuttenPlans x1367,Sunkist Soda - Orange,Carbonated,1.0,1,1.0,1.0
GuttenPlans,GuttenPlans x1367,Sunkist Soda - Orange,Carbonated,1.0,1,1.0,1.0
GuttenPlans,GuttenPlans x1367,Coca Cola - Zero Sugar,Carbonated,1.0,1,1.0,1.0
GuttenPlans,GuttenPlans x1367,Coca Cola - Zero Sugar,Carbonated,1.0,1,1.0,1.0
GuttenPlans,GuttenPlans x1367,Red Bull - Original,Carbonated,3.0,1,3.0,3.0
GuttenPlans,GuttenPlans x1367,Sunkist Soda - Orange,Carbonated,1.0,1,1.0,1.0
GuttenPlans,GuttenPlans x1367,Coca Cola - Zero Sugar,Carbonated,1.0,1,1.0,1.0
GuttenPlans,GuttenPlans x1367,Coca Cola - Zero Sugar,Carbonated,1.0,1,1.0,1.0
Earle Asphalt,Earle Asphalt x1371,Wonderful Pistachios - Variety,Food,2.0,1,2.0,2.0
Earle Asphalt,Earle Asphalt x1371,Wonderful Pistachios - Variety,Food,2.0,1,2.0,2.0
GuttenPlans,GuttenPlans x1367,Cheetos Flaming Hot Limon Crunchy,Food,1.5,1,1.5,5.0
GuttenPlans,GuttenPlans x1367,Takis FUGEO mini,Food,1.5,1,1.5,5.0
GuttenPlans,GuttenPlans x1367,KitKat - Crisp Wafers,Food,2.0,1,2.0,5.0
GuttenPlans,GuttenPlans x1367,Jack Links Beef Steak Original,Food,2.0,2,4.0,6.0
GuttenPlans,GuttenPlans x1367,KitKat - Crisp Wafers,Food,2.0,1,2.0,6.0
Earle Asphalt,Earle Asphalt x1371,Vitamin Water - Squeezed Lemonade,Water,2.5,1,2.5,2.5
GuttenPlans,GuttenPlans x1367,Coca Cola - Zero Sugar,Carbonated,1.0,1,1.0,1.0
GuttenPlans,GuttenPlans x1367,Coca Cola - Zero Sugar,Carbonated,1.0,1,1.0,1.0
GuttenPlans,GuttenPlans x1367,Coca Cola - Zero Sugar,Carbonated,1.0,1,1.0,1.0
Brunswick Sq Mall,BSQ Mall x1364 - Zales,Good Health Veggie Stix - Sea Salt,Food,1.5,1,1.5,1.5
Brunswick Sq Mall,BSQ Mall x1364 - Zales,Good Health Veggie Stix - Sea Salt,Food,1.5,1,1.5,1.5
Brunswick Sq Mall,BSQ Mall x1366 - ATT,Newtons Fig Bar,Food,2.0,1,2.0,2.0
Brunswick Sq Mall,BSQ Mall x1366 - ATT,SunChips Multigrain - Salsa,Food,1.5,1,1.5,1.5
GuttenPlans,GuttenPlans x1367,Coca Cola - Zero Sugar,Carbonated,1.0,1,1.0,1.0
Brunswick Sq Mall,BSQ Mall x1364 - Zales,Poland Springs Water,Water,1.5,2,3.0,3.0
GuttenPlans,GuttenPlans x1367,Monster Energy Original,Carbonated,3.0,1,3.0,3.0
GuttenPlans,GuttenPlans x1367,Cheetos - Fleming Hot Crunchy,Food,1.5,1,1.5,1.5
GuttenPlans,GuttenPlans x1367,Red Bull - Original,Carbonated,3.0,1,3.0,3.0
GuttenPlans,GuttenPlans x1367,KitKat - Crisp Wafers,Food,2.0,1,2.0,2.0
GuttenPlans,GuttenPlans x1367,Good Health Veggie Stix - Sea Salt,Food,1.5,1,1.5,1.5
GuttenPlans,GuttenPlans x1367,Coca Cola - Zero Sugar,Carbonated,1.0,1,1.0,1.0
Earle Asphalt,Earle Asphalt x1371,Good Health Veggie Stix - Sea Salt,Food,1.5,1,1.5,1.5
Earle Asphalt,Earle Asphalt x1371,Wonderful Pistachios - Variety,Food,2.0,1,2.0,2.0
Earle Asphalt,Earle Asphalt x1371,Wonderful Pistachios - Variety,Food,2.0,1,2.0,2.0
Brunswick Sq Mall,BSQ Mall x1366 - ATT,Red Bull - Original,Carbonated,3.5,1,3.5,3.5
Earle Asphalt,Earle Asphalt x1371,Snapple Diet Tea - Lemon,Non Carbonated,2.5,1,2.5,2.5
Earle Asphalt,Earle Asphalt x1371,CheezIt - Original,Food,1.25,1,1.25,1.25
GuttenPlans,GuttenPlans x1367,Monster Energy Original,Carbonated,3.0,1,3.0,3.0
GuttenPlans,GuttenPlans x1367,Coca Cola - Zero Sugar,Carbonated,1.0,1,1.0,1.0
GuttenPlans,GuttenPlans x1367,Red Bull - Original,Carbonated,3.0,1,3.0,3.0
GuttenPlans,GuttenPlans x1367,Snapple Diet Tea - Peach Tea,Non Carbonated,2.5,1,2.5,2.5
GuttenPlans,GuttenPlans x1367,Monster Energy Original,Carbonated,3.0,1,3.0,3.0
GuttenPlans,GuttenPlans x1367,Coca Cola - Zero Sugar,Carbonated,1.0,1,1.0,1.0
GuttenPlans,GuttenPlans x1367,Coca Cola - Zero Sugar,Carbonated,1.0,1,1.0,1.0
GuttenPlans,GuttenPlans x1367,Coca Cola - Zero Sugar,Carbonated,1.0,1,1.0,1.0
GuttenPlans,GuttenPlans x1367,Monster Energy Original,Carbonated,3.0,1,3.0,3.0
GuttenPlans,GuttenPlans x1367,Cheetos - Fleming Hot Crunchy,Food,1.5,1,1.5,1.5
GuttenPlans,GuttenPlans x1367,Takis FUGEO mini,Food,1.5,1,1.5,1.5
GuttenPlans,GuttenPlans x1367,Coca Cola - Zero Sugar,Carbonated,1.0,1,1.0,1.0
GuttenPlans,GuttenPlans x1367,Popchips Potato - Barbeque,Food,1.5,1,1.5,1.5
GuttenPlans,GuttenPlans x1367,Nutter Butter Bites,Food,1.0,1,1.0,1.0
Earle Asphalt,Earle Asphalt x1371,Miss Vickie's Potato Chip - Smokehouse BBQ,Food,1.5,1,1.5,1.5
Brunswick Sq Mall,BSQ Mall x1366 - ATT,Red Bull - Original,Carbonated,3.5,2,7.0,7.0
GuttenPlans,GuttenPlans x1367,Jack Links Beef Steak Original,Food,2.0,1,2.0,7.0
GuttenPlans,GuttenPlans x1367,KitKat - Crisp Wafers,Food,2.0,1,2.0,7.0
GuttenPlans,GuttenPlans x1367,Monster Energy Original,Carbonated,3.0,1,3.0,7.0
GuttenPlans,GuttenPlans x1367,Snapple Tea - Raspberry,Non Carbonated,2.5,1,2.5,2.5
GuttenPlans,GuttenPlans x1367,Coca Cola - Zero Sugar,Carbonated,1.0,1,1.0,1.0
GuttenPlans,GuttenPlans x1367,Monster Energy Original,Carbonated,3.0,1,3.0,3.0
GuttenPlans,GuttenPlans x1367,Monster Energy Original,Carbonated,3.0,1,3.0,3.0
GuttenPlans,GuttenPlans x1367,Jacks Links Bar Beef Strip,Food,2.0,1,2.0,2.0
GuttenPlans,GuttenPlans x1367,Takis FUGEO mini,Food,1.5,1,1.5,1.5
GuttenPlans,GuttenPlans x1367,Coca Cola - Zero Sugar,Carbonated,1.0,1,1.0,1.0
GuttenPlans,GuttenPlans x1367,KitKat - Crisp Wafers,Food,2.0,1,2.0,2.0
GuttenPlans,GuttenPlans x1367,Nutter Butter Bites,Food,1.0,1,1.0,1.0
GuttenPlans,GuttenPlans x1367,Red Bull - Original,Carbonated,3.0,1,3.0,3.0
GuttenPlans,GuttenPlans x1367,Takis FUGEO mini,Food,1.5,1,1.5,1.5
GuttenPlans,GuttenPlans x1367,Snapple Tea - Raspberry,Non Carbonated,2.5,1,2.5,2.5
GuttenPlans,GuttenPlans x1367,Popchips Potato - Barbeque,Food,1.5,1,1.5,1.5
GuttenPlans,GuttenPlans x1367,Good Health Veggie Stix - Sea Salt,Food,1.5,1,1.5,1.5
GuttenPlans,GuttenPlans x1367,Takis FUGEO mini,Food,1.5,1,1.5,1.5
GuttenPlans,GuttenPlans x1367,Jack Links Beef Steak Original,Food,2.0,1,2.0,6.5
GuttenPlans,GuttenPlans x1367,KitKat - Crisp Wafers,Food,2.0,1,2.0,6.5
GuttenPlans,GuttenPlans x1367,Snapple Tea - Raspberry,Non Carbonated,2.5,1,2.5,6.5
GuttenPlans,GuttenPlans x1367,KitKat - Crisp Wafers,Food,2.0,1,2.0,2.0
Earle Asphalt,Earle Asphalt x1371,Robert Irvine's - Fit Crunch -  Chocolate Pea,Food,2.0,1,2.0,5.5
Earle Asphalt,Earle Asphalt x1371,Spindrift - Sparkling Water  Lime,Carbonated,1.5,1,1.5,5.5
Earle Asphalt,Earle Asphalt x1371,BodyArmor LYTE  - Peach Mango,Water,2.0,1,2.0,5.5
Earle Asphalt,Earle Asphalt x1371,Miss Vickie's Potato Chip - Smokehouse BBQ,Food,1.5,1,1.5,1.5
Earle Asphalt,Earle Asphalt x1371,Good Health Veggie Stix - Sea Salt,Food,1.5,1,1.5,1.5
Earle Asphalt,Earle Asphalt x1371,Good Health Veggie Stix - Zesty Ranch,Food,1.5,1,1.5,1.5
GuttenPlans,GuttenPlans x1367,Jack Links Beef Steak Original,Food,2.0,1,2.0,5.0
GuttenPlans,GuttenPlans x1367,Cheetos Flaming Hot Limon Crunchy,Food,1.5,1,1.5,5.0
GuttenPlans,GuttenPlans x1367,Mini Chips Ahoy,Food,1.5,1,1.5,5.0
GuttenPlans,GuttenPlans x1367,Takis FUGEO mini,Food,1.5,1,1.5,3.0
GuttenPlans,GuttenPlans x1367,Mini Chips Ahoy,Food,1.5,1,1.5,3.0
Brunswick Sq Mall,BSQ Mall x1366 - ATT,Red Bull - Original,Carbonated,3.5,1,3.5,3.5
Earle Asphalt,Earle Asphalt x1371,CheezIt - Original,Food,1.25,1,1.25,1.25
Earle Asphalt,Earle Asphalt x1371,CheezIt - Original,Food,1.25,1,1.25,1.25
GuttenPlans,GuttenPlans x1367,Stretch Island Fruit Leathers Snacks - Variet,Food,1.0,1,1.0,1.0
GuttenPlans,GuttenPlans x1367,KitKat - Crisp Wafers,Food,2.0,1,2.0,2.0
Brunswick Sq Mall,BSQ Mall x1364 - Zales,KitKat - Crisp Wafers,Food,2.0,1,2.0,2.0
Brunswick Sq Mall,BSQ Mall x1366 - ATT,S. Pellegrino Sparkling Mineral Water,Water,2.0,1,2.0,2.0
GuttenPlans,GuttenPlans x1367,Red Bull - Original,Carbonated,3.0,1,3.0,3.0
GuttenPlans,GuttenPlans x1367,Monster Energy Original,Carbonated,3.0,1,3.0,3.0
GuttenPlans,GuttenPlans x1367,Mini Chips Ahoy,Food,1.5,1,1.5,1.5
GuttenPlans,GuttenPlans x1367,Cheetos - Fleming Hot Crunchy,Food,1.5,1,1.5,1.5
GuttenPlans,GuttenPlans x1367,Oreo Single Server 6 ct,Food,2.0,1,2.0,2.0
Brunswick Sq Mall,BSQ Mall x1366 - ATT,Red Bull - Original,Carbonated,3.5,1,3.5,3.5
Brunswick Sq Mall,BSQ Mall x1364 - Zales,Zevia Zero Calorie Energy - Mango Ginger,Non Carbonated,2.5,1,2.5,2.5
Brunswick Sq Mall,BSQ Mall x1364 - Zales,SunChips Multigrain - Harvest Cheddar,Food,1.5,1,1.5,1.5
Brunswick Sq Mall,BSQ Mall x1366 - ATT,Monster Energy Original,Carbonated,3.0,1,3.0,3.0
Brunswick Sq Mall,BSQ Mall x1366 - ATT,Monster Energy Original,Carbonated,3.0,1,3.0,3.0
Brunswick Sq Mall,BSQ Mall x1364 - Zales,Miss Vickie's Potato Chip - Sea Salt Original,Food,1.5,1,1.5,1.5
Brunswick Sq Mall,BSQ Mall x1364 - Zales,Coca Cola - Zero Sugar,Carbonated,1.5,1,1.5,1.5
Brunswick Sq Mall,BSQ Mall x1364 - Zales,Poland Springs Water,Water,1.5,1,1.5,1.5
Brunswick Sq Mall,BSQ Mall x1366 - ATT,Takis - Hot Chilli Pepper & Lime,Food,1.5,1,1.5,1.5
Brunswick Sq Mall,BSQ Mall x1366 - ATT,Takis - Hot Chilli Pepper & Lime,Food,1.5,1,1.5,1.5
Brunswick Sq Mall,BSQ Mall x1364 - Zales,KitKat - Crisp Wafers,Food,2.0,1,2.0,2.0
Brunswick Sq Mall,BSQ Mall x1366 - ATT,SunChips Multigrain - Salsa,Food,1.5,1,1.5,1.5
Earle Asphalt,Earle Asphalt x1371,Takis - Hot Chilli Pepper & Lime,Food,1.25,1,1.25,1.25
Brunswick Sq Mall,BSQ Mall x1364 - Zales,Ruffles Baked  - Cheddar & Sour Cream,Food,1.5,1,1.5,1.5
Brunswick Sq Mall,BSQ Mall x1364 - Zales,Takis FUGEO mini,Food,1.5,1,1.5,1.5
Brunswick Sq Mall,BSQ Mall x1364 - Zales,Poland Springs Water,Water,1.5,1,1.5,1.5
Brunswick Sq Mall,BSQ Mall x1364 - Zales,Poland Springs Water,Water,1.5,1,1.5,1.5
Brunswick Sq Mall,BSQ Mall x1366 - ATT,Monster Energy Original,Carbonated,3.0,1,3.0,3.0
Brunswick Sq Mall,BSQ Mall x1364 - Zales,Poland Springs Water,Water,1.5,1,1.5,1.5
Brunswick Sq Mall,BSQ Mall x1364 - Zales,Poland Springs Water,Water,1.5,1,1.5,1.5
Brunswick Sq Mall,BSQ Mall x1364 - Zales,Popchips Potato - Sea Salt,Food,1.5,1,1.5,1.5
Brunswick Sq Mall,BSQ Mall x1364 - Zales,Wonderful Pistachios - Variety,Food,2.0,1,2.0,2.0
Brunswick Sq Mall,BSQ Mall x1366 - ATT,KitKat - Crisp Wafers,Food,1.25,1,1.25,3.25
Brunswick Sq Mall,BSQ Mall x1366 - ATT,Wonderful Pistachios - Variety,Food,2.0,1,2.0,3.25
Brunswick Sq Mall,BSQ Mall x1366 - ATT,Takis - Hot Chilli Pepper & Lime,Food,1.5,1,1.5,1.5
Brunswick Sq Mall,BSQ Mall x1366 - ATT,SunChips Multigrain - Original,Food,1.5,1,1.5,1.5
Brunswick Sq Mall,BSQ Mall x1364 - Zales,Takis FUGEO mini,Food,1.5,1,1.5,1.5
Brunswick Sq Mall,BSQ Mall x1364 - Zales,Bai Antioxidant - Zambia Bingcherry,Non Carbonated,2.5,1,2.5,2.5
Brunswick Sq Mall,BSQ Mall x1366 - ATT,Miss Vickie's Potato Chip - Sea Salt & Vinega,Food,1.5,1,1.5,1.5
Brunswick Sq Mall,BSQ Mall x1366 - ATT,Red Bull - Original,Carbonated,3.5,1,3.5,3.5
GuttenPlans,GuttenPlans x1367,Mini Chips Ahoy,Food,1.5,1,1.5,4.5
GuttenPlans,GuttenPlans x1367,Miss Vickie's Potato Chip - Sea Salt & Vinega,Food,1.5,1,1.5,4.5
GuttenPlans,GuttenPlans x1367,Cheetos Flaming Hot Limon Crunchy,Food,1.5,1,1.5,4.5
GuttenPlans,GuttenPlans x1367,Cheetos Flaming Hot Limon Crunchy,Food,1.5,3,4.5,4.5
Earle Asphalt,Earle Asphalt x1371,Keto Krisp - Almond Butter,Carbonated,2.0,1,2.0,2.0
Earle Asphalt,Earle Asphalt x1371,NuGo Dark Chocolate - Choc Chip,Food,2.0,1,2.0,2.0
Earle Asphalt,Earle Asphalt x1371,Miss Vickie's Potato Chip - Lime & Cracked Pe,Food,1.5,1,1.5,1.5
Brunswick Sq Mall,BSQ Mall x1366 - ATT,Monster Energy Original,Carbonated,3.0,1,3.0,3.0
GuttenPlans,GuttenPlans x1367,Red Bull - Original,Carbonated,3.0,1,3.0,3.0
Brunswick Sq Mall,BSQ Mall x1364 - Zales,Miss Vickie's Potato Chip - Jalapeno,Food,1.5,1,1.5,1.5
Brunswick Sq Mall,BSQ Mall x1364 - Zales,Poland Springs Water,Water,1.5,1,1.5,1.5
Brunswick Sq Mall,BSQ Mall x1366 - ATT,Snapple Diet Tea - Raspberry,Non Carbonated,2.5,1,2.5,2.5
Brunswick Sq Mall,BSQ Mall x1364 - Zales,Poland Springs Water,Water,1.5,1,1.5,1.5
GuttenPlans,GuttenPlans x1367,Monster Energy Original,Carbonated,3.0,1,3.0,3.0
GuttenPlans,GuttenPlans x1367,Red Bull - Original,Carbonated,3.0,1,3.0,3.0
GuttenPlans,GuttenPlans x1367,Good Health Veggie Stix - Sea Salt,Food,1.5,1,1.5,1.5
Brunswick Sq Mall,BSQ Mall x1366 - ATT,Miss Vickie's Potato Chip - Sea Salt & Vinega,Food,1.5,1,1.5,1.5
Brunswick Sq Mall,BSQ Mall x1366 - ATT,Miss Vickie's Potato Chip - Sea Salt & Vinega,Food,1.5,1,1.5,1.5
Brunswick Sq Mall,BSQ Mall x1366 - ATT,Miss Vickie's Potato Chip - Sea Salt & Vinega,Food,1.5,1,1.5,1.5
Brunswick Sq Mall,BSQ Mall x1366 - ATT,Miss Vickie's Potato Chip - Sea Salt & Vinega,Food,1.5,1,1.5,1.5
Earle Asphalt,Earle Asphalt x1371,Belvita Snack Packs - Blueberry,Food,1.25,2,2.5,2.5
Earle Asphalt,Earle Asphalt x1371,Miss Vickie's Potato Chip - Lime & Cracked Pe,Food,1.5,1,1.5,1.5
Brunswick Sq Mall,BSQ Mall x1366 - ATT,SunChips Multigrain - Harvest Cheddar,Food,1.5,1,1.5,1.5
GuttenPlans,GuttenPlans x1367,Red Bull - Original,Carbonated,3.0,1,3.0,3.0
GuttenPlans,GuttenPlans x1367,Cheetos - Fleming Hot Crunchy,Food,1.5,1,1.5,1.5
GuttenPlans,GuttenPlans x1367,Cheetos - Fleming Hot Crunchy,Food,1.5,1,1.5,1.5
GuttenPlans,GuttenPlans x1367,Nutter Butter Bites,Food,1.0,1,1.0,1.0
Earle Asphalt,Earle Asphalt x1371,Keto Krisp - Almond Butter,Carbonated,2.0,1,2.0,2.0
Earle Asphalt,Earle Asphalt x1371,Robert Irvine's - Fit Crunch -  Chocolate Pea,Food,2.0,1,2.0,2.0
GuttenPlans,GuttenPlans x1367,Snapple Tea - Raspberry,Non Carbonated,2.5,1,2.5,2.5
GuttenPlans,GuttenPlans x1367,Snapple Tea - Raspberry,Non Carbonated,2.5,1,2.5,2.5
Earle Asphalt,Earle Asphalt x1371,Robert Irvine's - Fit Crunch -  Chocolate Pea,Food,2.0,1,2.0,2.0
Earle Asphalt,Earle Asphalt x1371,Keto Krisp - Almond Butter,Carbonated,2.0,1,2.0,2.0
GuttenPlans,GuttenPlans x1367,Snapple Tea - Raspberry,Non Carbonated,2.5,1,2.5,2.5
GuttenPlans,GuttenPlans x1367,Oreo Single Server 6 ct,Food,2.0,1,2.0,2.0
GuttenPlans,GuttenPlans x1367,Oreo Single Server 6 ct,Food,2.0,1,2.0,2.0
GuttenPlans,GuttenPlans x1367,Pure Organic Pineapple Passionfruit,Food,1.0,1,1.0,1.0
GuttenPlans,GuttenPlans x1367,Miss Vickie's Potato Chip - Sea Salt & Vinega,Food,1.5,1,1.5,1.5
GuttenPlans,GuttenPlans x1367,Newtons Fig Bar,Food,1.5,1,1.5,1.5
Earle Asphalt,Earle Asphalt x1371,CheezIt - Original,Food,1.25,1,1.25,1.25
Earle Asphalt,Earle Asphalt x1371,Snyder's of Hanover Pretzel - Cheddar Cheese,Food,1.5,1,1.5,1.5
GuttenPlans,GuttenPlans x1367,Oreo Single Server 6 ct,Food,2.0,1,2.0,2.0
Earle Asphalt,Earle Asphalt x1371,Keto Krisp - Almond Butter,Carbonated,2.0,1,2.0,2.0
Earle Asphalt,Earle Asphalt x1371,Miss Vickie's Potato Chip - Lime & Cracked Pe,Food,1.5,1,1.5,1.5
GuttenPlans,GuttenPlans x1367,Snapple Diet Tea - Lemon,Non Carbonated,2.5,1,2.5,2.5
GuttenPlans,GuttenPlans x1367,Oreo Single Server 6 ct,Food,2.0,1,2.0,2.0
Brunswick Sq Mall,BSQ Mall x1364 - Zales,Poland Springs Water,Water,1.5,1,1.5,1.5
Brunswick Sq Mall,BSQ Mall x1364 - Zales,Wonderful Pistachios - Variety,Food,2.0,1,2.0,2.0
GuttenPlans,GuttenPlans x1367,Snapple Diet Tea - Lemon,Non Carbonated,2.5,1,2.5,2.5
GuttenPlans,GuttenPlans x1367,Newtons Fig Bar,Food,1.5,1,1.5,1.5
GuttenPlans,GuttenPlans x1367,Newtons Fig Bar,Food,1.5,1,1.5,1.5
GuttenPlans,GuttenPlans x1367,Snapple Diet Tea - Lemon,Non Carbonated,2.5,1,2.5,2.5
GuttenPlans,GuttenPlans x1367,Miss Vickie's Potato Chip - Sea Salt & Vinega,Food,1.5,1,1.5,1.5
GuttenPlans,GuttenPlans x1367,Oreo Single Server 6 ct,Food,2.0,1,2.0,2.0
GuttenPlans,GuttenPlans x1367,Oreo Single Server 6 ct,Food,2.0,1,2.0,2.0
GuttenPlans,GuttenPlans x1367,Pure Organic Pineapple Passionfruit,Food,1.0,1,1.0,1.0
GuttenPlans,GuttenPlans x1367,Nutter Butter Bites,Food,1.0,1,1.0,1.0
GuttenPlans,GuttenPlans x1367,CheezIt - Original,Food,1.0,1,1.0,1.0
Earle Asphalt,Earle Asphalt x1371,Snyder's of Hanover Pretzel - Cheddar Cheese,Food,1.5,1,1.5,1.5
Earle Asphalt,Earle Asphalt x1371,CheezIt - Original,Food,1.25,1,1.25,1.25
Earle Asphalt,Earle Asphalt x1371,Belvita Snack Packs - Blueberry,Food,1.25,1,1.25,1.25
GuttenPlans,GuttenPlans x1367,Snapple Diet Tea - Lemon,Non Carbonated,2.5,1,2.5,2.5
Earle Asphalt,Earle Asphalt x1371,Snapple Diet Tea - Lemon,Non Carbonated,2.5,1,2.5,2.5
GuttenPlans,GuttenPlans x1367,Oreo Single Server 6 ct,Food,2.0,1,2.0,2.0
Brunswick Sq Mall,BSQ Mall x1364 - Zales,Poland Springs Water,Water,1.5,1,1.5,1.5
GuttenPlans,GuttenPlans x1367,Snapple Diet Tea - Lemon,Non Carbonated,2.5,1,2.5,2.5
GuttenPlans,GuttenPlans x1367,Skinny Pop Popcorn,Food,1.5,1,1.5,4.0
GuttenPlans,GuttenPlans x1367,Snapple Diet Tea - Lemon,Non Carbonated,2.5,1,2.5,4.0
Earle Asphalt,Earle Asphalt x1371,Snyder's of Hanover Pretzel - Cheddar Cheese,Food,1.5,1,1.5,1.5
Earle Asphalt,Earle Asphalt x1371,Snyder's of Hanover Pretzel - Cheddar Cheese,Food,1.5,1,1.5,1.5
GuttenPlans,GuttenPlans x1367,Monster Energy Original,Carbonated,3.0,1,3.0,3.0
Brunswick Sq Mall,BSQ Mall x1364 - Zales,KIND Bar - Dark Choc Almond SeaSalt,Food,1.5,1,1.5,1.5
Brunswick Sq Mall,BSQ Mall x1366 - ATT,Red Bull - Original,Carbonated,3.5,1,3.5,3.5
GuttenPlans,GuttenPlans x1367,Monster Energy Original,Carbonated,3.0,1,3.0,3.0
GuttenPlans,GuttenPlans x1367,Fritos - Original,Food,1.5,1,1.5,1.5
GuttenPlans,GuttenPlans x1367,Cheetos Flaming Hot Limon Crunchy,Food,1.5,1,1.5,1.5
GuttenPlans,GuttenPlans x1367,Funyuns - Flaming Hot,Food,1.5,1,1.5,1.5
GuttenPlans,GuttenPlans x1367,Nutter Butter Bites,Food,1.0,1,1.0,1.0
GuttenPlans,GuttenPlans x1367,Monster Energy Original,Carbonated,3.0,1,3.0,3.0
GuttenPlans,GuttenPlans x1367,Oreo Single Server 6 ct,Food,2.0,1,2.0,2.0
GuttenPlans,GuttenPlans x1367,Coca Cola - Zero Sugar,Carbonated,1.0,1,1.0,1.0
GuttenPlans,GuttenPlans x1367,Oreo Single Server 6 ct,Food,2.0,1,2.0,2.0
GuttenPlans,GuttenPlans x1367,Funyuns - Flaming Hot,Food,1.5,1,1.5,1.5
GuttenPlans,GuttenPlans x1367,Funyuns - Flaming Hot,Food,1.5,1,1.5,1.5
GuttenPlans,GuttenPlans x1367,Skinny Pop Popcorn,Food,1.5,1,1.5,1.5
GuttenPlans,GuttenPlans x1367,Sunkist Soda - Orange,Carbonated,1.0,1,1.0,1.0
GuttenPlans,GuttenPlans x1367,Coca Cola - Zero Sugar,Carbonated,1.0,1,1.0,1.0
GuttenPlans,GuttenPlans x1367,Snapple Diet Tea - Lemon,Non Carbonated,2.5,1,2.5,2.5
Brunswick Sq Mall,BSQ Mall x1366 - ATT,Red Bull - Original,Carbonated,3.5,1,3.5,3.5
Brunswick Sq Mall,BSQ Mall x1366 - ATT,Vitamin Water - Squeezed Lemonade,Water,2.75,1,2.75,2.75
GuttenPlans,GuttenPlans x1367,Coca Cola - Zero Sugar,Carbonated,1.0,1,1.0,1.0
Brunswick Sq Mall,BSQ Mall x1364 - Zales,Poland Springs Water,Water,1.5,1,1.5,1.5
Brunswick Sq Mall,BSQ Mall x1364 - Zales,NuGo Dark Chocolate - Pretzel Sea Salt,Food,2.0,2,4.0,4.0
Brunswick Sq Mall,BSQ Mall x1364 - Zales,Popchips Potato - Sea Salt,Food,1.5,1,1.5,1.5
Brunswick Sq Mall,BSQ Mall x1364 - Zales,Bubly - Grapefruit,Water,1.5,1,1.5,1.5
Brunswick Sq Mall,BSQ Mall x1364 - Zales,KIND Bar - Dark Choc Almond SeaSalt,Food,1.5,1,1.5,4.5
Brunswick Sq Mall,BSQ Mall x1364 - Zales,Coca Cola - Zero Sugar,Carbonated,1.5,2,3.0,4.5
Brunswick Sq Mall,BSQ Mall x1364 - Zales,Keto Krisp - Almond/Chocolate,Carbonated,2.25,1,2.25,2.25
Brunswick Sq Mall,BSQ Mall x1366 - ATT,Bai Antioxidant - Molokai Coconut,Non Carbonated,2.5,1,2.5,2.5
Brunswick Sq Mall,BSQ Mall x1364 - Zales,Coca Cola - Zero Sugar,Carbonated,1.5,1,1.5,1.5
Brunswick Sq Mall,BSQ Mall x1364 - Zales,Coca Cola - Zero Sugar,Carbonated,1.5,1,1.5,1.5
Brunswick Sq Mall,BSQ Mall x1364 - Zales,Coca Cola - Zero Sugar,Carbonated,1.5,1,1.5,1.5
GuttenPlans,GuttenPlans x1367,Fritos - Original,Food,1.5,1,1.5,3.0
GuttenPlans,GuttenPlans x1367,Chesters Fries Flaming hot,Food,1.5,1,1.5,3.0
Earle Asphalt,Earle Asphalt x1371,Keto Krisp - Almond Butter,Carbonated,2.0,1,2.0,2.0
Earle Asphalt,Earle Asphalt x1371,NuGo Dark Chocolate - Choc Chip,Food,2.0,1,2.0,2.0
Earle Asphalt,Earle Asphalt x1371,SunChips Multigrain - Salsa,Food,1.5,1,1.5,1.5
Earle Asphalt,Earle Asphalt x1371,SunChips Multigrain - Salsa,Food,1.5,1,1.5,1.5
Brunswick Sq Mall,BSQ Mall x1364 - Zales,Lays Baked - Original,Food,1.5,1,1.5,1.5
GuttenPlans,GuttenPlans x1367,Sunkist Soda - Orange,Carbonated,1.0,1,1.0,1.0
GuttenPlans,GuttenPlans x1367,Coca Cola - Zero Sugar,Carbonated,1.0,1,1.0,1.0
GuttenPlans,GuttenPlans x1367,Funyuns - Flaming Hot,Food,1.5,1,1.5,1.5
GuttenPlans,GuttenPlans x1367,Funyuns - Flaming Hot,Food,1.5,1,1.5,1.5
GuttenPlans,GuttenPlans x1367,Funyuns - Flaming Hot,Food,1.5,1,1.5,1.5
GuttenPlans,GuttenPlans x1367,Coca Cola - Zero Sugar,Carbonated,1.0,1,1.0,1.0
GuttenPlans,GuttenPlans x1367,Monster Energy Original,Carbonated,3.0,1,3.0,3.0
Brunswick Sq Mall,BSQ Mall x1364 - Zales,Coca Cola - Zero Sugar,Carbonated,1.5,1,1.5,1.5
GuttenPlans,GuttenPlans x1367,Sunkist Soda - Orange,Carbonated,1.0,1,1.0,1.0
GuttenPlans,GuttenPlans x1367,Fritos - Original,Food,1.5,1,1.5,6.0
GuttenPlans,GuttenPlans x1367,Chesters Fries Flaming hot,Food,1.5,1,1.5,6.0
GuttenPlans,GuttenPlans x1367,Red Bull - Original,Carbonated,3.0,1,3.0,6.0
Earle Asphalt,Earle Asphalt x1371,SunChips Multigrain - Salsa,Food,1.5,1,1.5,1.5
GuttenPlans,GuttenPlans x1367,Skinny Pop Popcorn,Food,1.5,1,1.5,1.5
Earle Asphalt,Earle Asphalt x1371,Keto Krisp - Almond Butter,Carbonated,2.0,1,2.0,2.0
GuttenPlans,GuttenPlans x1367,Monster Energy Original,Carbonated,3.0,1,3.0,3.0
Earle Asphalt,Earle Asphalt x1371,Wonderful Pistachios - Variety,Food,2.0,1,2.0,2.0
GuttenPlans,GuttenPlans x1367,Red Bull - Original,Carbonated,3.0,1,3.0,3.0
GuttenPlans,GuttenPlans x1367,Red Bull - Original,Carbonated,3.0,1,3.0,3.0
Brunswick Sq Mall,BSQ Mall x1366 - ATT,Vitamin Water - Squeezed Lemonade,Water,2.75,1,2.75,2.75
GuttenPlans,GuttenPlans x1367,Oreo Single Server 6 ct,Food,2.0,1,2.0,2.0
Brunswick Sq Mall,BSQ Mall x1364 - Zales,Lays Baked - Original,Food,1.5,1,1.5,1.5
GuttenPlans,GuttenPlans x1367,Coca Cola - Zero Sugar,Carbonated,1.0,1,1.0,1.0
GuttenPlans,GuttenPlans x1367,Oreo Single Server 6 ct,Food,2.0,1,2.0,2.0
GuttenPlans,GuttenPlans x1367,Good Health Veggie Stix - Zesty Ranch,Food,1.5,1,1.5,1.5
GuttenPlans,GuttenPlans x1367,Chesters Fries Flaming hot,Food,1.5,1,1.5,1.5
GuttenPlans,GuttenPlans x1367,Coca Cola - Zero Sugar,Carbonated,1.0,1,1.0,1.0
GuttenPlans,GuttenPlans x1367,Coca Cola - Zero Sugar,Carbonated,1.0,1,1.0,1.0
GuttenPlans,GuttenPlans x1367,Red Bull - Original,Carbonated,3.0,1,3.0,3.0
GuttenPlans,GuttenPlans x1367,Sunkist Soda - Orange,Carbonated,1.0,1,1.0,1.0
GuttenPlans,GuttenPlans x1367,Coca Cola - Zero Sugar,Carbonated,1.0,1,1.0,1.0
GuttenPlans,GuttenPlans x1367,Cheetos Flaming Hot Limon Crunchy,Food,1.5,1,1.5,1.5
GuttenPlans,GuttenPlans x1367,Skinny Pop Popcorn,Food,1.5,1,1.5,1.5
GuttenPlans,GuttenPlans x1367,Chesters Fries Flaming hot,Food,1.5,1,1.5,1.5
GuttenPlans,GuttenPlans x1367,Monster Energy Original,Carbonated,3.0,1,3.0,3.0
GuttenPlans,GuttenPlans x1367,Ritz Bits Cheese,Food,1.5,1,1.5,1.5
GuttenPlans,GuttenPlans x1367,Red Bull - Original,Carbonated,3.0,1,3.0,3.0
GuttenPlans,GuttenPlans x1367,Ritz Bits Cheese,Food,1.5,1,1.5,1.5
GuttenPlans,GuttenPlans x1367,Red Bull - Original,Carbonated,3.0,1,3.0,3.0
GuttenPlans,GuttenPlans x1367,Red Bull - Original,Carbonated,3.0,1,3.0,3.0
Earle Asphalt,Earle Asphalt x1371,Miss Vickie's Potato Chip - Jalapeno,Food,1.5,1,1.5,1.5
Earle Asphalt,Earle Asphalt x1371,Takis - Hot Chilli Pepper & Lime,Food,1.25,2,2.5,3.75
Earle Asphalt,Earle Asphalt x1371,Takis - Hot Chilli Pepper & Lime,Food,1.25,1,1.25,3.75
Earle Asphalt,Earle Asphalt x1371,Snapple Diet Tea - Lemon,Non Carbonated,2.5,1,2.5,2.5
GuttenPlans,GuttenPlans x1367,Monster Energy Original,Carbonated,3.0,1,3.0,3.0
Earle Asphalt,Earle Asphalt x1371,Keto Krisp - Almond Butter,Carbonated,2.0,1,2.0,2.0
Earle Asphalt,Earle Asphalt x1371,Robert Irvine's - Fit Crunch -  Chocolate Pea,Food,2.0,1,2.0,2.0
Earle Asphalt,Earle Asphalt x1371,Miss Vickie's Potato Chip - Jalapeno,Food,1.5,1,1.5,1.5
GuttenPlans,GuttenPlans x1367,Sunkist Soda - Orange,Carbonated,1.0,1,1.0,1.0
Brunswick Sq Mall,BSQ Mall x1364 - Zales,Cheetos Baked - Crunchy Cheese,Food,1.5,1,1.5,1.5
GuttenPlans,GuttenPlans x1367,Red Bull - Original,Carbonated,3.0,1,3.0,5.0
GuttenPlans,GuttenPlans x1367,Oreo Single Server 6 ct,Food,2.0,1,2.0,5.0
GuttenPlans,GuttenPlans x1367,Coca Cola - Zero Sugar,Carbonated,1.0,1,1.0,1.0
GuttenPlans,GuttenPlans x1367,Nutter Butter Bites,Food,1.0,1,1.0,1.0
GuttenPlans,GuttenPlans x1367,Oreo Single Server 6 ct,Food,2.0,1,2.0,2.0
GuttenPlans,GuttenPlans x1367,Coca Cola - Zero Sugar,Carbonated,1.0,1,1.0,1.0
GuttenPlans,GuttenPlans x1367,Monster Energy Original,Carbonated,3.0,1,3.0,3.0
GuttenPlans,GuttenPlans x1367,Monster Energy Original,Carbonated,3.0,1,3.0,3.0
GuttenPlans,GuttenPlans x1367,Monster Energy Original,Carbonated,3.0,1,3.0,3.0
GuttenPlans,GuttenPlans x1367,Fritos - Original,Food,1.5,1,1.5,5.5
GuttenPlans,GuttenPlans x1367,Oreo Single Server 6 ct,Food,2.0,1,2.0,5.5
GuttenPlans,GuttenPlans x1367,Oreo Single Server 6 ct,Food,2.0,1,2.0,5.5
Earle Asphalt,Earle Asphalt x1371,SunChips Multigrain - Salsa,Food,1.5,1,1.5,1.5
Earle Asphalt,Earle Asphalt x1371,SunChips Multigrain - Salsa,Food,1.5,1,1.5,1.5
GuttenPlans,GuttenPlans x1367,Monster Energy Original,Carbonated,3.0,1,3.0,3.0
Earle Asphalt,Earle Asphalt x1371,SunChips Multigrain - Salsa,Food,1.5,1,1.5,1.5
GuttenPlans,GuttenPlans x1367,Monster Energy Original,Carbonated,3.0,1,3.0,3.0
GuttenPlans,GuttenPlans x1367,Coca Cola - Zero Sugar,Carbonated,1.0,1,1.0,1.0
Earle Asphalt,Earle Asphalt x1371,Robert Irvine's - Fit Crunch -  Chocolate Pea,Food,2.0,1,2.0,2.0
GuttenPlans,GuttenPlans x1367,Sunkist Soda - Orange,Carbonated,1.0,1,1.0,1.0
GuttenPlans,GuttenPlans x1367,Coca Cola - Zero Sugar,Carbonated,1.0,1,1.0,1.0
GuttenPlans,GuttenPlans x1367,Coca Cola - Zero Sugar,Carbonated,1.0,1,1.0,1.0
GuttenPlans,GuttenPlans x1367,Fritos - Original,Food,1.5,1,1.5,1.5
GuttenPlans,GuttenPlans x1367,Coca Cola - Zero Sugar,Carbonated,1.0,1,1.0,1.0
GuttenPlans,GuttenPlans x1367,Coca Cola - Zero Sugar,Carbonated,1.0,1,1.0,1.0
GuttenPlans,GuttenPlans x1367,Coca Cola - Zero Sugar,Carbonated,1.0,1,1.0,1.0
GuttenPlans,GuttenPlans x1367,Coca Cola - Zero Sugar,Carbonated,1.0,1,1.0,1.0
GuttenPlans,GuttenPlans x1367,Oreo Single Server 6 ct,Food,2.0,1,2.0,5.5
GuttenPlans,GuttenPlans x1367,Oreo Single Server 6 ct,Food,2.0,1,2.0,5.5
GuttenPlans,GuttenPlans x1367,Chesters Fries Flaming hot,Food,1.5,1,1.5,5.5
GuttenPlans,GuttenPlans x1367,Sunkist Soda - Orange,Carbonated,1.0,1,1.0,1.0
Earle Asphalt,Earle Asphalt x1371,SunChips Multigrain - Salsa,Food,1.5,1,1.5,1.5
Earle Asphalt,Earle Asphalt x1371,Robert Irvine's - Fit Crunch -  Chocolate Pea,Food,2.0,1,2.0,2.0
GuttenPlans,GuttenPlans x1367,Sunkist Soda - Orange,Carbonated,1.0,1,1.0,1.0
GuttenPlans,GuttenPlans x1367,Monster Energy Original,Carbonated,3.0,1,3.0,3.0
GuttenPlans,GuttenPlans x1367,Coca Cola - Zero Sugar,Carbonated,1.0,1,1.0,1.0
Brunswick Sq Mall,BSQ Mall x1364 - Zales,Miss Vickie's Potato Chip - Sea Salt Original,Food,1.5,1,1.5,1.5
GuttenPlans,GuttenPlans x1367,Coca Cola - Zero Sugar,Carbonated,1.0,1,1.0,1.0
GuttenPlans,GuttenPlans x1367,Newtons Fig Bar,Food,1.5,1,1.5,1.5
GuttenPlans,GuttenPlans x1367,Oreo Single Server 6 ct,Food,2.0,1,2.0,2.0
GuttenPlans,GuttenPlans x1367,Chesters Fries Flaming hot,Food,1.5,1,1.5,1.5
GuttenPlans,GuttenPlans x1367,Coca Cola - Zero Sugar,Carbonated,1.0,1,1.0,1.0
GuttenPlans,GuttenPlans x1367,Sunkist Soda - Orange,Carbonated,1.0,1,1.0,1.0
GuttenPlans,GuttenPlans x1367,Coca Cola - Zero Sugar,Carbonated,1.0,1,1.0,1.0
GuttenPlans,GuttenPlans x1367,Coca Cola - Zero Sugar,Carbonated,1.0,1,1.0,1.0
GuttenPlans,GuttenPlans x1367,Newtons Fig Bar,Food,1.5,1,1.5,1.5
GuttenPlans,GuttenPlans x1367,Sunkist Soda - Orange,Carbonated,1.0,1,1.0,1.0
GuttenPlans,GuttenPlans x1367,Monster Energy Original,Carbonated,3.0,1,3.0,3.0
GuttenPlans,GuttenPlans x1367,Good Health Veggie Stix - Zesty Ranch,Food,1.5,1,1.5,1.5
GuttenPlans,GuttenPlans x1367,Cheetos - Fleming Hot Crunchy,Food,1.5,1,1.5,1.5
GuttenPlans,GuttenPlans x1367,Nutter Butter Bites,Food,1.0,1,1.0,1.0
GuttenPlans,GuttenPlans x1367,Monster Energy Original,Carbonated,3.0,1,3.0,3.0
Brunswick Sq Mall,BSQ Mall x1364 - Zales,KitKat - Crisp Wafers,Food,2.0,1,2.0,2.0
Brunswick Sq Mall,BSQ Mall x1364 - Zales,Lays Baked - Original,Food,1.5,1,1.5,1.5
Brunswick Sq Mall,BSQ Mall x1364 - Zales,Lays Baked - Original,Food,1.5,1,1.5,1.5
Brunswick Sq Mall,BSQ Mall x1364 - Zales,Poland Springs Water,Water,1.5,1,1.5,1.5
Brunswick Sq Mall,BSQ Mall x1364 - Zales,Vitamin Water - Ice Cool Blue Lavender,Water,2.75,1,2.75,2.75
Brunswick Sq Mall,BSQ Mall x1364 - Zales,Snapple Diet Tea - Peach Tea,Non Carbonated,2.5,1,2.5,2.5
Brunswick Sq Mall,BSQ Mall x1364 - Zales,Snapple Diet Tea - Peach Tea,Non Carbonated,2.5,1,2.5,2.5
Brunswick Sq Mall,BSQ Mall x1364 - Zales,Lays Baked - Original,Food,1.5,1,1.5,1.5
Brunswick Sq Mall,BSQ Mall x1364 - Zales,Poland Springs Water,Water,1.5,1,1.5,1.5
Brunswick Sq Mall,BSQ Mall x1364 - Zales,Oberto Specialty Meats - Original,Food,2.0,1,2.0,2.0
Brunswick Sq Mall,BSQ Mall x1364 - Zales,Miss Vickie's Potato Chip - Sea Salt & Vinega,Food,1.5,1,1.5,1.5
Brunswick Sq Mall,BSQ Mall x1364 - Zales,Poland Springs Water,Water,1.5,1,1.5,1.5
GuttenPlans,GuttenPlans x1367,Chesters Fries Flaming hot,Food,1.5,1,1.5,1.5
Earle Asphalt,Earle Asphalt x1371,SunChips Multigrain - Harvest Cheddar,Food,1.5,1,1.5,1.5
Earle Asphalt,Earle Asphalt x1371,Robert Irvine's - Fit Crunch -  Chocolate Pea,Food,2.0,1,2.0,2.0
GuttenPlans,GuttenPlans x1367,Monster Energy Original,Carbonated,3.0,1,3.0,3.0
GuttenPlans,GuttenPlans x1367,Coca Cola - Zero Sugar,Carbonated,1.0,1,1.0,1.0
Brunswick Sq Mall,BSQ Mall x1364 - Zales,Oberto Specialty Meats - Original,Food,2.0,1,2.0,5.0
Brunswick Sq Mall,BSQ Mall x1364 - Zales,Poland Springs Water,Water,1.5,2,3.0,5.0
Brunswick Sq Mall,BSQ Mall x1364 - Zales,Vitamin Water - Squeezed Lemonade,Water,2.75,1,2.75,2.75
GuttenPlans,GuttenPlans x1367,Coca Cola - Zero Sugar,Carbonated,1.0,1,1.0,1.0
GuttenPlans,GuttenPlans x1367,Sunkist Soda - Orange,Carbonated,1.0,1,1.0,1.0
GuttenPlans,GuttenPlans x1367,Cheetos - Fleming Hot Crunchy,Food,1.5,1,1.5,1.5
GuttenPlans,GuttenPlans x1367,Coca Cola - Zero Sugar,Carbonated,1.0,1,1.0,1.0
GuttenPlans,GuttenPlans x1367,Cheetos Flaming Hot Limon Crunchy,Food,1.5,1,1.5,1.5
GuttenPlans,GuttenPlans x1367,Cheetos Flaming Hot Limon Crunchy,Food,1.5,1,1.5,1.5
GuttenPlans,GuttenPlans x1367,Cheetos - Fleming Hot Crunchy,Food,1.5,1,1.5,1.5
GuttenPlans,GuttenPlans x1367,Ritz Bits Cheese,Food,1.5,1,1.5,1.5
Earle Asphalt,Earle Asphalt x1371,Miss Vickie's Potato Chip - Jalapeno,Food,1.5,1,1.5,1.5
GuttenPlans,GuttenPlans x1367,Monster Energy Original,Carbonated,3.0,1,3.0,3.0
Earle Asphalt,Earle Asphalt x1371,Robert Irvine's - Fit Crunch -  Chocolate Pea,Food,2.0,1,2.0,2.0
Earle Asphalt,Earle Asphalt x1371,SunChips Multigrain - Harvest Cheddar,Food,1.5,1,1.5,1.5
GuttenPlans,GuttenPlans x1367,Skinny Pop Popcorn,Food,1.5,1,1.5,1.5
Earle Asphalt,Earle Asphalt x1371,Miss Vickie's Potato Chip - Jalapeno,Food,1.5,1,1.5,1.5
GuttenPlans,GuttenPlans x1367,Sunkist Soda - Orange,Carbonated,1.0,1,1.0,1.0
Brunswick Sq Mall,BSQ Mall x1366 - ATT,Robert Irvine's - Fit Crunch -  Chocolate Pea,Food,2.0,1,2.0,2.0
GuttenPlans,GuttenPlans x1367,Sunkist Soda - Orange,Carbonated,1.0,1,1.0,1.0
GuttenPlans,GuttenPlans x1367,Monster Energy Original,Carbonated,3.0,1,3.0,3.0
GuttenPlans,GuttenPlans x1367,Sunkist Soda - Orange,Carbonated,1.0,1,1.0,1.0
GuttenPlans,GuttenPlans x1367,Coca Cola - Zero Sugar,Carbonated,1.0,1,1.0,1.0
GuttenPlans,GuttenPlans x1367,Monster Energy Original,Carbonated,3.0,1,3.0,3.0
GuttenPlans,GuttenPlans x1367,Sunkist Soda - Orange,Carbonated,1.0,1,1.0,1.0
Earle Asphalt,Earle Asphalt x1371,Belvita Snack Packs - Blueberry,Food,1.25,1,1.25,1.25
Earle Asphalt,Earle Asphalt x1371,Robert Irvine's - Fit Crunch -  Chocolate Pea,Food,2.0,1,2.0,2.0
Earle Asphalt,Earle Asphalt x1371,SunChips Multigrain - Harvest Cheddar,Food,1.5,1,1.5,1.5
Earle Asphalt,Earle Asphalt x1371,Robert Irvine's - Fit Crunch -  Chocolate Pea,Food,2.0,1,2.0,2.0
GuttenPlans,GuttenPlans x1367,Good Health Veggie Stix - Zesty Ranch,Food,1.5,1,1.5,1.5
Earle Asphalt,Earle Asphalt x1371,Vitamin Water - Squeezed Lemonade,Water,2.5,1,2.5,2.5
GuttenPlans,GuttenPlans x1367,Cheetos - Fleming Hot Crunchy,Food,1.5,1,1.5,1.5
Brunswick Sq Mall,BSQ Mall x1364 - Zales,KitKat - Crisp Wafers,Food,2.0,1,2.0,2.0
GuttenPlans,GuttenPlans x1367,Monster Energy Original,Carbonated,3.0,1,3.0,3.0
GuttenPlans,GuttenPlans x1367,Sunkist Soda - Orange,Carbonated,1.0,1,1.0,1.0
GuttenPlans,GuttenPlans x1367,Sunkist Soda - Orange,Carbonated,1.0,1,1.0,1.0
GuttenPlans,GuttenPlans x1367,Cheetos - Fleming Hot Crunchy,Food,1.5,1,1.5,1.5
GuttenPlans,GuttenPlans x1367,Sunkist Soda - Orange,Carbonated,1.0,1,1.0,1.0
GuttenPlans,GuttenPlans x1367,Oreo Single Server 6 ct,Food,2.0,2,4.0,6.0
GuttenPlans,GuttenPlans x1367,Oreo Single Server 6 ct,Food,2.0,1,2.0,6.0
GuttenPlans,GuttenPlans x1367,Monster Energy Original,Carbonated,3.0,1,3.0,3.0
Earle Asphalt,Earle Asphalt x1371,SunChips Multigrain - Harvest Cheddar,Food,1.5,1,1.5,1.5
Earle Asphalt,Earle Asphalt x1371,Robert Irvine's - Fit Crunch -  Chocolate Pea,Food,2.0,1,2.0,2.0
Earle Asphalt,Earle Asphalt x1371,RXBAR - Protein Bar - Peanut Butter,Food,2.0,1,2.0,2.0
Earle Asphalt,Earle Asphalt x1371,Robert Irvine's - Fit Crunch -  Chocolate Pea,Food,2.0,1,2.0,2.0
GuttenPlans,GuttenPlans x1367,Chesters Fries Flaming hot,Food,1.5,1,1.5,3.0
GuttenPlans,GuttenPlans x1367,Cheetos - Fleming Hot Crunchy,Food,1.5,1,1.5,3.0
Earle Asphalt,Earle Asphalt x1371,SunChips Multigrain - Harvest Cheddar,Food,1.5,1,1.5,1.5
Earle Asphalt,Earle Asphalt x1371,Miss Vickie's Potato Chip - Smokehouse BBQ,Food,1.5,1,1.5,1.5
GuttenPlans,GuttenPlans x1367,Coca Cola - Zero Sugar,Carbonated,1.0,1,1.0,1.0
GuttenPlans,GuttenPlans x1367,Good Health Veggie Stix - Zesty Ranch,Food,1.5,1,1.5,1.5
GuttenPlans,GuttenPlans x1367,Monster Energy Original,Carbonated,3.0,1,3.0,3.0
GuttenPlans,GuttenPlans x1367,Oreo Single Server 6 ct,Food,2.0,1,2.0,2.0
GuttenPlans,GuttenPlans x1367,Coca Cola - Zero Sugar,Carbonated,1.0,1,1.0,1.0
GuttenPlans,GuttenPlans x1367,Coca Cola - Zero Sugar,Carbonated,1.0,1,1.0,1.0
GuttenPlans,GuttenPlans x1367,Coca Cola - Zero Sugar,Carbonated,1.0,1,1.0,1.0
GuttenPlans,GuttenPlans x1367,Skinny Pop Popcorn,Food,1.5,1,1.5,1.5
GuttenPlans,GuttenPlans x1367,Cheetos - Fleming Hot Crunchy,Food,1.5,1,1.5,4.75
GuttenPlans,GuttenPlans x1367,Chum Fruit Bites - Mango/Strawberry,Food,1.25,1,1.25,4.75
GuttenPlans,GuttenPlans x1367,Oreo Single Server 6 ct,Food,2.0,1,2.0,4.75
Earle Asphalt,Earle Asphalt x1371,Miss Vickie's Potato Chip - Jalapeno,Food,1.5,1,1.5,1.5
Earle Asphalt,Earle Asphalt x1371,Miss Vickie's Potato Chip - Smokehouse BBQ,Food,1.5,1,1.5,1.5
Earle Asphalt,Earle Asphalt x1371,NuGo Dark Chocolate - Choc Chip,Food,2.0,1,2.0,2.0
Brunswick Sq Mall,BSQ Mall x1364 - Zales,Lays Baked - Original,Food,1.5,1,1.5,1.5
Earle Asphalt,Earle Asphalt x1371,Seapoint Farms Dry Roasted Edamame - Wasabi,Food,2.5,1,2.5,2.5
Brunswick Sq Mall,BSQ Mall x1364 - Zales,Newtons Fig Bar,Food,1.25,1,1.25,1.25
GuttenPlans,GuttenPlans x1367,Oreo Single Server 6 ct,Food,2.0,1,2.0,2.0
Brunswick Sq Mall,BSQ Mall x1366 - ATT,S. Pellegrino Sparkling Mineral Water,Water,2.0,1,2.0,2.0
Brunswick Sq Mall,BSQ Mall x1366 - ATT,Cheetos Baked - Flaming Hot,Food,1.5,1,1.5,1.5
GuttenPlans,GuttenPlans x1367,Good Health Veggie Stix - Zesty Ranch,Food,1.5,1,1.5,1.5
GuttenPlans,GuttenPlans x1367,Cheetos Flaming Hot Limon Crunchy,Food,1.5,1,1.5,1.5
GuttenPlans,GuttenPlans x1367,CheezIt - Original,Food,1.0,1,1.0,1.0
GuttenPlans,GuttenPlans x1367,Newtons Fig Bar,Food,1.5,1,1.5,1.5
GuttenPlans,GuttenPlans x1367,Monster Energy Original,Carbonated,3.0,1,3.0,3.0
GuttenPlans,GuttenPlans x1367,Monster Energy Original,Carbonated,3.0,1,3.0,3.0
Brunswick Sq Mall,BSQ Mall x1364 - Zales,CheezIt - Cheddar Sour Cream and Onion,Food,1.25,1,1.25,1.25
Brunswick Sq Mall,BSQ Mall x1366 - ATT,Monster Energy Original,Carbonated,3.0,1,3.0,3.0
Brunswick Sq Mall,BSQ Mall x1364 - Zales,Takis FUGEO mini,Food,1.5,1,1.5,1.5
Brunswick Sq Mall,BSQ Mall x1366 - ATT,Good Health Veggie Stix - Sea Salt,Food,1.5,1,1.5,1.5
Brunswick Sq Mall,BSQ Mall x1366 - ATT,KitKat - Crisp Wafers,Food,1.25,1,1.25,1.25
Brunswick Sq Mall,BSQ Mall x1364 - Zales,Vitamin Water - Squeezed Lemonade,Water,2.75,1,2.75,2.75
Brunswick Sq Mall,BSQ Mall x1366 - ATT,RXBAR - Protein Bar - Chocolate Sea Salt,Food,2.0,1,2.0,2.0
Brunswick Sq Mall,BSQ Mall x1364 - Zales,Takis FUGEO mini,Food,1.5,1,1.5,1.5
Brunswick Sq Mall,BSQ Mall x1364 - Zales,Spindrift - Sparkling Water  Lime,Carbonated,1.5,1,1.5,1.5
Brunswick Sq Mall,BSQ Mall x1366 - ATT,Snapple Diet Tea - Raspberry,Non Carbonated,2.5,1,2.5,2.5
Brunswick Sq Mall,BSQ Mall x1366 - ATT,Takis - Hot Chilli Pepper & Lime,Food,1.5,1,1.5,1.5
Brunswick Sq Mall,BSQ Mall x1366 - ATT,KitKat - Crisp Wafers,Food,1.25,1,1.25,1.25
Brunswick Sq Mall,BSQ Mall x1364 - Zales,Poland Springs Water,Water,1.5,1,1.5,5.5
Brunswick Sq Mall,BSQ Mall x1364 - Zales,Oberto Specialty Meats - Original,Food,2.0,2,4.0,5.5
Brunswick Sq Mall,BSQ Mall x1366 - ATT,KitKat - Crisp Wafers,Food,1.25,1,1.25,1.25
Brunswick Sq Mall,BSQ Mall x1364 - Zales,Bai Antioxidant - Brasilia BB,Non Carbonated,2.5,1,2.5,2.5
Earle Asphalt,Earle Asphalt x1371,Snapple Diet Tea - Lemon,Non Carbonated,2.5,1,2.5,2.5
Earle Asphalt,Earle Asphalt x1371,SunChips Multigrain - Harvest Cheddar,Food,1.5,1,1.5,1.5
Earle Asphalt,Earle Asphalt x1371,RXBAR - Protein Bar - Chocolate Sea Salt,Food,2.0,1,2.0,2.0
Brunswick Sq Mall,BSQ Mall x1366 - ATT,Vitamin Water - Squeezed Lemonade,Water,2.75,1,2.75,2.75
Brunswick Sq Mall,BSQ Mall x1364 - Zales,Poland Springs Water,Water,1.5,1,1.5,1.5
Brunswick Sq Mall,BSQ Mall x1364 - Zales,Takis FUGEO mini,Food,1.5,1,1.5,1.5
EB Public Library,EB Public Library x1380,Starbucks Doubleshot Energy - Mocha,Non Carbonated,1.0,1,1.0,1.0
GuttenPlans,GuttenPlans x1367,Monster Energy Original,Carbonated,3.0,1,3.0,3.0
GuttenPlans,GuttenPlans x1367,Monster Energy Original,Carbonated,3.0,1,3.0,3.0
EB Public Library,EB Public Library x1380,Coca Cola - Zero Sugar,Carbonated,1.5,1,1.5,1.5
GuttenPlans,GuttenPlans x1367,KitKat - Crisp Wafers,Food,2.0,1,2.0,2.0
GuttenPlans,GuttenPlans x1367,SunChips Multigrain - Salsa,Food,1.5,1,1.5,1.5
GuttenPlans,GuttenPlans x1367,Nutter Butter Bites,Food,1.0,1,1.0,1.0
GuttenPlans,GuttenPlans x1367,Nutter Butter Bites,Food,1.0,1,1.0,1.0
Brunswick Sq Mall,BSQ Mall x1364 - Zales,Miss Vickie's Potato Chip - Sea Salt & Vinega,Food,1.5,1,1.5,1.5
Brunswick Sq Mall,BSQ Mall x1364 - Zales,Miss Vickie's Potato Chip - Sea Salt & Vinega,Food,1.5,1,1.5,1.5
Brunswick Sq Mall,BSQ Mall x1364 - Zales,Bubly - Blackberry,Water,1.5,1,1.5,1.5
Brunswick Sq Mall,BSQ Mall x1364 - Zales,Coca Cola - Zero Sugar,Carbonated,1.5,1,1.5,1.5
GuttenPlans,GuttenPlans x1367,Monster Energy Original,Carbonated,3.0,1,3.0,3.0
GuttenPlans,GuttenPlans x1367,Doritos Nacho Cheese,Food,1.5,1,1.5,1.5
GuttenPlans,GuttenPlans x1367,Cheetos - Crunchy,Food,1.5,1,1.5,1.5
Earle Asphalt,Earle Asphalt x1371,SunChips Multigrain - Harvest Cheddar,Food,1.5,1,1.5,1.5
Brunswick Sq Mall,BSQ Mall x1364 - Zales,Poland Springs Water,Water,1.5,1,1.5,1.5
Brunswick Sq Mall,BSQ Mall x1366 - ATT,Snyder's of Hanover Pretzel - Cheddar Cheese,Food,1.5,1,1.5,1.5
GuttenPlans,GuttenPlans x1367,KitKat - Crisp Wafers,Food,2.0,1,2.0,2.0
EB Public Library,EB Public Library x1380,Coca Cola - Zero Sugar,Carbonated,1.5,1,1.5,1.5
GuttenPlans,GuttenPlans x1367,Newtons Fig Bar,Food,1.5,1,1.5,1.5
GuttenPlans,GuttenPlans x1367,Newtons Fig Bar,Food,1.5,1,1.5,1.5
GuttenPlans,GuttenPlans x1367,Newtons Fig Bar,Food,1.5,1,1.5,1.5
GuttenPlans,GuttenPlans x1367,Newtons Fig Bar,Food,1.5,1,1.5,1.5
EB Public Library,EB Public Library x1380,Seapoint Farms Dry Roasted Edamame - Wasabi,Food,2.5,1,2.5,2.5
GuttenPlans,GuttenPlans x1367,Doritos Nacho Cheese,Food,1.5,1,1.5,1.5
GuttenPlans,GuttenPlans x1367,Monster Energy Original,Carbonated,3.0,1,3.0,3.0
GuttenPlans,GuttenPlans x1367,KitKat - Crisp Wafers,Food,2.0,1,2.0,2.0
EB Public Library,EB Public Library x1380,Spindrift - Sparkling Water - Pineapple,Carbonated,1.5,1,1.5,1.5
EB Public Library,EB Public Library x1380,Spindrift - Sparkling Water - Pineapple,Carbonated,1.5,1,1.5,1.5
EB Public Library,EB Public Library x1380,Iberia Coconut Water,Non Carbonated,2.0,1,2.0,2.0
GuttenPlans,GuttenPlans x1367,Monster Energy Original,Carbonated,3.0,1,3.0,3.0
GuttenPlans,GuttenPlans x1367,Doritos Nacho Cheese,Food,1.5,1,1.5,1.5
GuttenPlans,GuttenPlans x1367,Monster Energy Original,Carbonated,3.0,1,3.0,3.0
GuttenPlans,GuttenPlans x1367,Jacks Links Bar Beef Strip,Food,2.0,1,2.0,2.0
GuttenPlans,GuttenPlans x1367,SunChips Multigrain - Salsa,Food,1.5,1,1.5,1.5
GuttenPlans,GuttenPlans x1367,Nutter Butter Bites,Food,1.0,1,1.0,1.0
GuttenPlans,GuttenPlans x1367,Doritos Nacho Cheese,Food,1.5,1,1.5,4.5
GuttenPlans,GuttenPlans x1367,Doritos Cool Ranch,Food,1.5,1,1.5,4.5
GuttenPlans,GuttenPlans x1367,Lays - Classic,Food,1.5,1,1.5,4.5
Earle Asphalt,Earle Asphalt x1371,Snapple Diet Tea - Lemon,Non Carbonated,2.5,1,2.5,2.5
GuttenPlans,GuttenPlans x1367,Monster Energy Original,Carbonated,3.0,1,3.0,3.0
EB Public Library,EB Public Library x1380,Genius Keto Bar - Chocolate Dream,Food,2.0,1,2.0,2.0
GuttenPlans,GuttenPlans x1367,Doritos Cool Ranch,Food,1.5,1,1.5,4.5
GuttenPlans,GuttenPlans x1367,Lays - Classic,Food,1.5,1,1.5,4.5
GuttenPlans,GuttenPlans x1367,Doritos Nacho Cheese,Food,1.5,1,1.5,4.5
GuttenPlans,GuttenPlans x1367,Lays - Classic,Food,1.5,1,1.5,1.5
EB Public Library,EB Public Library x1380,KitKat - Crisp Wafers,Food,2.0,1,2.0,2.0
EB Public Library,EB Public Library x1380,Miss Vickie's Potato Chip - Lime & Cracked Pe,Food,1.5,1,1.5,1.5
EB Public Library,EB Public Library x1380,,,2.0,1,2.0,2.0
EB Public Library,EB Public Library x1380,Miss Vickie's Potato Chip - Lime & Cracked Pe,Food,1.5,1,1.5,1.5
EB Public Library,EB Public Library x1380,Spindrift - Sparkling Water - Pineapple,Carbonated,1.5,1,1.5,1.5
Earle Asphalt,Earle Asphalt x1371,Miss Vickie's Potato Chip - Jalapeno,Food,1.5,1,1.5,1.5
EB Public Library,EB Public Library x1380,Miss Vickie's Potato Chip - Jalapeno,Food,1.5,1,1.5,1.5
Brunswick Sq Mall,BSQ Mall x1364 - Zales,Poland Springs Water,Water,1.5,1,1.5,1.5
Brunswick Sq Mall,BSQ Mall x1364 - Zales,Bai Antioxidant - Brasilia BB,Non Carbonated,2.5,1,2.5,2.5
GuttenPlans,GuttenPlans x1367,Monster Energy Original,Carbonated,3.0,1,3.0,3.0
GuttenPlans,GuttenPlans x1367,Doritos Cool Ranch,Food,1.5,1,1.5,1.5
GuttenPlans,GuttenPlans x1367,Cheetos - Crunchy,Food,1.5,1,1.5,1.5
Brunswick Sq Mall,BSQ Mall x1366 - ATT,Monster Energy Original,Carbonated,3.0,1,3.0,3.0
EB Public Library,EB Public Library x1380,Lenny & Larrys - SnickerDoodle,Food,2.5,1,2.5,2.5
EB Public Library,EB Public Library x1380,Miss Vickie's Potato Chip - Lime & Cracked Pe,Food,1.5,1,1.5,1.5
GuttenPlans,GuttenPlans x1367,CheezIt - Original,Food,1.0,1,1.0,1.0
Brunswick Sq Mall,BSQ Mall x1364 - Zales,Spindrift - Sparkling Water  Lime,Carbonated,1.5,1,1.5,1.5
Brunswick Sq Mall,BSQ Mall x1366 - ATT,Autumns Granola Bar - Cinnamon Almond,Food,2.0,1,2.0,2.0
EB Public Library,EB Public Library x1380,Coca Cola - Zero Sugar,Carbonated,1.5,1,1.5,1.5
GuttenPlans,GuttenPlans x1367,Nutter Butter Bites,Food,1.0,1,1.0,1.0
GuttenPlans,GuttenPlans x1367,Monster Energy Original,Carbonated,3.0,1,3.0,3.0
GuttenPlans,GuttenPlans x1367,Nutter Butter Bites,Food,1.0,1,1.0,1.0
GuttenPlans,GuttenPlans x1367,Nutter Butter Bites,Food,1.0,1,1.0,1.0
GuttenPlans,GuttenPlans x1367,CheezIt - Original,Food,1.0,1,1.0,1.0
GuttenPlans,GuttenPlans x1367,SunChips Multigrain - French Onion,Food,1.5,1,1.5,1.5
GuttenPlans,GuttenPlans x1367,Monster Energy Original,Carbonated,3.0,1,3.0,3.0
GuttenPlans,GuttenPlans x1367,Newtons Fig Bar,Food,1.5,1,1.5,1.5
GuttenPlans,GuttenPlans x1367,Monster Energy Original,Carbonated,3.0,1,3.0,3.0
GuttenPlans,GuttenPlans x1367,Doritos Nacho Cheese,Food,1.5,1,1.5,4.5
GuttenPlans,GuttenPlans x1367,Doritos Cool Ranch,Food,1.5,1,1.5,4.5
GuttenPlans,GuttenPlans x1367,Lays - Classic,Food,1.5,1,1.5,4.5
Earle Asphalt,Earle Asphalt x1371,Miss Vickie's Potato Chip - Lime & Cracked Pe,Food,1.5,1,1.5,1.5
Brunswick Sq Mall,BSQ Mall x1366 - ATT,Lays Baked - Barbecue,Food,1.5,1,1.5,1.5
Earle Asphalt,Earle Asphalt x1371,Robert Irvine's - Fit Crunch -  Chocolate Pea,Food,2.0,1,2.0,2.0
Brunswick Sq Mall,BSQ Mall x1364 - Zales,Poland Springs Water,Water,1.5,1,1.5,1.5
GuttenPlans,GuttenPlans x1367,Monster Energy Original,Carbonated,3.0,1,3.0,3.0
EB Public Library,EB Public Library x1380,Coca Cola - Zero Sugar,Carbonated,1.5,1,1.5,1.5
Brunswick Sq Mall,BSQ Mall x1364 - Zales,Takis FUGEO mini,Food,1.5,1,1.5,1.5
EB Public Library,EB Public Library x1380,Miss Vickie's Potato Chip - Sea Salt & Vinega,Food,1.5,1,1.5,1.5
EB Public Library,EB Public Library x1380,Miss Vickie's Potato Chip - Jalapeno,Food,1.5,1,1.5,1.5
EB Public Library,EB Public Library x1380,Miss Vickie's Potato Chip - Smokehouse BBQ,Food,1.5,1,1.5,1.5
EB Public Library,EB Public Library x1380,Miss Vickie's Potato Chip - Jalapeno,Food,1.5,1,1.5,1.5
Brunswick Sq Mall,BSQ Mall x1364 - Zales,Vitamin Water - Ice Cool Blue Lavender,Water,2.75,1,2.75,2.75
EB Public Library,EB Public Library x1380,Miss Vickie's Potato Chip - Jalapeno,Food,1.5,1,1.5,1.5
Brunswick Sq Mall,BSQ Mall x1364 - Zales,Coca Cola - Zero Sugar,Carbonated,1.5,1,1.5,1.5
GuttenPlans,GuttenPlans x1367,Cheetos - Crunchy,Food,1.5,1,1.5,1.5
GuttenPlans,GuttenPlans x1367,Doritos Cool Ranch,Food,1.5,1,1.5,1.5
GuttenPlans,GuttenPlans x1367,Cheetos - Crunchy,Food,1.5,1,1.5,1.5
GuttenPlans,GuttenPlans x1367,Doritos Nacho Cheese,Food,1.5,1,1.5,1.5
GuttenPlans,GuttenPlans x1367,Cheetos - Crunchy,Food,1.5,1,1.5,1.5
GuttenPlans,GuttenPlans x1367,Cheetos - Crunchy,Food,1.5,1,1.5,1.5
EB Public Library,EB Public Library x1380,Miss Vickie's Potato Chip - Sea Salt & Vinega,Food,1.5,1,1.5,1.5
Earle Asphalt,Earle Asphalt x1371,Miss Vickie's Potato Chip - Smokehouse BBQ,Food,1.5,1,1.5,1.5
EB Public Library,EB Public Library x1380,Genius Keto Bar - Chocolate Dream,Food,2.0,1,2.0,2.0
GuttenPlans,GuttenPlans x1367,Doritos Cool Ranch,Food,1.5,2,3.0,5.0
GuttenPlans,GuttenPlans x1367,KitKat - Crisp Wafers,Food,2.0,1,2.0,5.0
EB Public Library,EB Public Library x1380,CheezIt - Original,Food,1.25,1,1.25,2.75
EB Public Library,EB Public Library x1380,Miss Vickie's Potato Chip - Lime & Cracked Pe,Food,1.5,1,1.5,2.75
EB Public Library,EB Public Library x1380,Spindrift - Sparkling Water - Pineapple,Carbonated,1.5,1,1.5,1.5
Brunswick Sq Mall,BSQ Mall x1366 - ATT,Lays Baked - Barbecue,Food,1.5,1,1.5,1.5
Earle Asphalt,Earle Asphalt x1371,Wonderful Pistachios - Variety,Food,2.0,1,2.0,2.0
Earle Asphalt,Earle Asphalt x1371,Wonderful Pistachios - Variety,Food,2.0,1,2.0,2.0
EB Public Library,EB Public Library x1380,Miss Vickie's Potato Chip - Sea Salt Original,Food,1.5,1,1.5,1.5
EB Public Library,EB Public Library x1380,Spindrift - Sparkling Water - Pineapple,Carbonated,1.5,1,1.5,1.5
EB Public Library,EB Public Library x1380,Bai Antioxidant - Kula Watermelon,Non Carbonated,2.75,1,2.75,2.75
EB Public Library,EB Public Library x1380,Autumns Granola Bar - Cinnamon Almond,Food,2.0,1,2.0,2.0
Brunswick Sq Mall,BSQ Mall x1364 - Zales,Poland Springs Water,Water,1.5,1,1.5,1.5
Brunswick Sq Mall,BSQ Mall x1366 - ATT,Takis - Hot Chilli Pepper & Lime,Food,1.5,1,1.5,1.5
Brunswick Sq Mall,BSQ Mall x1364 - Zales,Cheetos Baked - Crunchy Cheese,Food,1.5,1,1.5,1.5
Brunswick Sq Mall,BSQ Mall x1364 - Zales,KitKat - Crisp Wafers,Food,2.0,1,2.0,2.0
Brunswick Sq Mall,BSQ Mall x1366 - ATT,Monster Energy Original,Carbonated,3.0,1,3.0,3.0
Brunswick Sq Mall,BSQ Mall x1366 - ATT,Snapple Diet Tea - Raspberry,Non Carbonated,2.5,1,2.5,2.5
GuttenPlans,GuttenPlans x1367,KitKat - Crisp Wafers,Food,2.0,1,2.0,2.0
Brunswick Sq Mall,BSQ Mall x1364 - Zales,Takis FUGEO mini,Food,1.5,1,1.5,1.5
Brunswick Sq Mall,BSQ Mall x1364 - Zales,Cheetos Baked - Crunchy Cheese,Food,1.5,1,1.5,1.5
Brunswick Sq Mall,BSQ Mall x1364 - Zales,Vitamin Water - Ice Cool Blue Lavender,Water,2.75,1,2.75,2.75
EB Public Library,EB Public Library x1380,Iberia Coconut Water,Non Carbonated,2.0,1,2.0,2.0
Brunswick Sq Mall,BSQ Mall x1366 - ATT,Vitamin Water - Squeezed Lemonade,Water,2.75,1,2.75,2.75
Brunswick Sq Mall,BSQ Mall x1364 - Zales,Poland Springs Water,Water,1.5,1,1.5,1.5
Brunswick Sq Mall,BSQ Mall x1366 - ATT,Good Health Veggie Stix - Sea Salt,Food,1.5,1,1.5,1.5
EB Public Library,EB Public Library x1380,Autumns Granola Bar - Cinnamon Almond,Food,2.0,1,2.0,2.0
EB Public Library,EB Public Library x1380,Miss Vickie's Potato Chip - Jalapeno,Food,1.5,1,1.5,1.5
Brunswick Sq Mall,BSQ Mall x1366 - ATT,S. Pellegrino Sparkling Mineral Water,Water,2.0,1,2.0,2.0
EB Public Library,EB Public Library x1380,Coca Cola - Zero Sugar,Carbonated,1.5,1,1.5,1.5
EB Public Library,EB Public Library x1380,RXBAR - Protein Bar - Peanut Butter,Food,2.0,1,2.0,2.0
Brunswick Sq Mall,BSQ Mall x1364 - Zales,Takis FUGEO mini,Food,1.5,1,1.5,1.5
EB Public Library,EB Public Library x1380,Miss Vickie's Potato Chip - Lime & Cracked Pe,Food,1.5,1,1.5,1.5
EB Public Library,EB Public Library x1380,Bai Antioxidant - Kula Watermelon,Non Carbonated,2.75,1,2.75,2.75
Brunswick Sq Mall,BSQ Mall x1366 - ATT,S. Pellegrino Sparkling Mineral Water,Water,2.0,1,2.0,2.0
Brunswick Sq Mall,BSQ Mall x1366 - ATT,S. Pellegrino Sparkling Mineral Water,Water,2.0,1,2.0,2.0
Brunswick Sq Mall,BSQ Mall x1366 - ATT,Bai Antioxidant - Molokai Coconut,Non Carbonated,2.5,1,2.5,2.5
Brunswick Sq Mall,BSQ Mall x1364 - Zales,Lays Baked - Original,Food,1.5,1,1.5,1.5
Brunswick Sq Mall,BSQ Mall x1364 - Zales,Popchips Potato - Sea Salt,Food,1.5,1,1.5,1.5
Brunswick Sq Mall,BSQ Mall x1366 - ATT,Miss Vickie's Potato Chip - Sea Salt Original,Food,1.5,1,1.5,1.5
Brunswick Sq Mall,BSQ Mall x1364 - Zales,Miss Vickie's Potato Chip - Sea Salt & Vinega,Food,1.5,1,1.5,1.5
Brunswick Sq Mall,BSQ Mall x1364 - Zales,Coca Cola - Zero Sugar,Carbonated,1.5,1,1.5,1.5
Brunswick Sq Mall,BSQ Mall x1364 - Zales,Takis FUGEO mini,Food,1.5,1,1.5,1.5
Brunswick Sq Mall,BSQ Mall x1364 - Zales,Bubly - Blackberry,Water,1.5,1,1.5,1.5
Brunswick Sq Mall,BSQ Mall x1364 - Zales,Cheetos Baked - Crunchy Cheese,Food,1.5,1,1.5,1.5
Brunswick Sq Mall,BSQ Mall x1364 - Zales,Poland Springs Water,Water,1.5,1,1.5,1.5
Brunswick Sq Mall,BSQ Mall x1364 - Zales,Poland Springs Water,Water,1.5,1,1.5,1.5
Brunswick Sq Mall,BSQ Mall x1364 - Zales,Snapple Diet Tea - Peach Tea,Non Carbonated,2.5,1,2.5,2.5
Brunswick Sq Mall,BSQ Mall x1366 - ATT,Snapple Diet Tea - Raspberry,Non Carbonated,2.5,1,2.5,2.5
Brunswick Sq Mall,BSQ Mall x1364 - Zales,Poland Springs Water,Water,1.5,1,1.5,1.5
Brunswick Sq Mall,BSQ Mall x1364 - Zales,Cheetos Baked - Crunchy Cheese,Food,1.5,1,1.5,1.5
Brunswick Sq Mall,BSQ Mall x1366 - ATT,S. Pellegrino Sparkling Mineral Water,Water,2.0,1,2.0,2.0
EB Public Library,EB Public Library x1380,Starbucks Doubleshot Energy - Mocha,Non Carbonated,3.5,1,3.5,3.5
EB Public Library,EB Public Library x1380,Honest Tea - Berry Hibiscus,Non Carbonated,2.75,1,2.75,2.75
EB Public Library,EB Public Library x1380,Hungry Buddha - Chocolate Chip,Food,2.0,1,2.0,2.0
EB Public Library,EB Public Library x1380,Miss Vickie's Potato Chip - Lime & Cracked Pe,Food,1.5,1,1.5,1.5
EB Public Library,EB Public Library x1380,KitKat - Crisp Wafers,Food,2.0,1,2.0,2.0
EB Public Library,EB Public Library x1380,CheezIt - Original,Food,1.25,1,1.25,1.25
EB Public Library,EB Public Library x1380,Miss Vickie's Potato Chip - Lime & Cracked Pe,Food,1.5,1,1.5,1.5
EB Public Library,EB Public Library x1380,Lenny & Larrys - SnickerDoodle,Food,2.5,1,2.5,2.5
Brunswick Sq Mall,BSQ Mall x1366 - ATT,Vitamin Water - Squeezed Lemonade,Water,2.75,1,2.75,2.75
EB Public Library,EB Public Library x1380,Lenny & Larrys - SnickerDoodle,Food,2.5,1,2.5,2.5
Brunswick Sq Mall,BSQ Mall x1364 - Zales,Miss Vickie's Potato Chip - Sea Salt & Vinega,Food,1.5,1,1.5,1.5
Brunswick Sq Mall,BSQ Mall x1364 - Zales,Coca Cola - Zero Sugar,Carbonated,1.5,1,1.5,1.5
Brunswick Sq Mall,BSQ Mall x1366 - ATT,Robert Irvine's - Fit Crunch -  Chocolate Pea,Food,2.0,1,2.0,2.0
Earle Asphalt,Earle Asphalt x1371,Snapple Diet Tea - Lemon,Non Carbonated,2.5,1,2.5,2.5
Earle Asphalt,Earle Asphalt x1371,Wonderful Pistachios - Variety,Food,2.0,1,2.0,2.0
EB Public Library,EB Public Library x1380,Miss Vickie's Potato Chip - Sea Salt & Vinega,Food,1.5,1,1.5,1.5
GuttenPlans,GuttenPlans x1367,KitKat - Crisp Wafers,Food,2.0,1,2.0,3.5
GuttenPlans,GuttenPlans x1367,SunChips Multigrain - Harvest Cheddar,Food,1.5,1,1.5,3.5
GuttenPlans,GuttenPlans x1367,KitKat - Crisp Wafers,Food,2.0,1,2.0,2.0
EB Public Library,EB Public Library x1380,Miss Vickie's Potato Chip - Sea Salt & Vinega,Food,1.5,1,1.5,1.5
EB Public Library,EB Public Library x1380,Seapoint Farms Dry Roasted Edamame - Wasabi,Food,2.5,1,2.5,2.5
EB Public Library,EB Public Library x1380,Coca Cola - Zero Sugar,Carbonated,1.5,1,1.5,1.5
Brunswick Sq Mall,BSQ Mall x1364 - Zales,Poland Springs Water,Water,1.5,1,1.5,1.5
Earle Asphalt,Earle Asphalt x1371,Miss Vickie's Potato Chip - Smokehouse BBQ,Food,1.5,1,1.5,1.5
Earle Asphalt,Earle Asphalt x1371,Robert Irvine's - Fit Crunch -  Chocolate Pea,Food,2.0,1,2.0,2.0
EB Public Library,EB Public Library x1380,RXBAR - Protein Bar - Chocolate Sea Salt,Food,2.0,1,2.0,2.0
EB Public Library,EB Public Library x1380,Starbucks Doubleshot Energy - Mocha,Non Carbonated,3.5,1,3.5,3.5
EB Public Library,EB Public Library x1380,CheezIt - Original,Food,1.25,1,1.25,1.25
EB Public Library,EB Public Library x1380,Bai Antioxidant - Kula Watermelon,Non Carbonated,2.75,1,2.75,2.75
EB Public Library,EB Public Library x1380,Miss Vickie's Potato Chip - Sea Salt Original,Food,1.5,1,1.5,1.5
EB Public Library,EB Public Library x1380,Iberia Coconut Water,Non Carbonated,2.0,1,2.0,2.0
Brunswick Sq Mall,BSQ Mall x1364 - Zales,Coca Cola - Zero Sugar,Carbonated,1.5,1,1.5,1.5
EB Public Library,EB Public Library x1380,Miss Vickie's Potato Chip - Smokehouse BBQ,Food,1.5,1,1.5,1.5
Brunswick Sq Mall,BSQ Mall x1364 - Zales,Coca Cola - Zero Sugar,Carbonated,1.5,1,1.5,1.5
Brunswick Sq Mall,BSQ Mall x1366 - ATT,Vitamin Water - Squeezed Lemonade,Water,2.75,1,2.75,4.0
Brunswick Sq Mall,BSQ Mall x1366 - ATT,Oreo Mini,Food,1.25,1,1.25,4.0
Brunswick Sq Mall,BSQ Mall x1364 - Zales,Coca Cola - Zero Sugar,Carbonated,1.5,1,1.5,1.5
Brunswick Sq Mall,BSQ Mall x1364 - Zales,Robert Irvine's - Fit Crunch -  Chocolate Pea,Food,2.0,1,2.0,3.5
Brunswick Sq Mall,BSQ Mall x1364 - Zales,Miss Vickie's Potato Chip - Sea Salt Original,Food,1.5,1,1.5,3.5
GuttenPlans,GuttenPlans x1367,SunChips Multigrain - Harvest Cheddar,Food,1.5,1,1.5,5.0
GuttenPlans,GuttenPlans x1367,KitKat - Crisp Wafers,Food,2.0,1,2.0,5.0
GuttenPlans,GuttenPlans x1367,SunChips Multigrain - Salsa,Food,1.5,1,1.5,5.0
Earle Asphalt,Earle Asphalt x1371,Miss Vickie's Potato Chip - Smokehouse BBQ,Food,1.5,1,1.5,1.5
Brunswick Sq Mall,BSQ Mall x1366 - ATT,Vitamin Water - Squeezed Lemonade,Water,2.75,1,2.75,2.75
EB Public Library,EB Public Library x1380,Spindrift - Sparkling Water - Pineapple,Carbonated,1.5,1,1.5,1.5
Brunswick Sq Mall,BSQ Mall x1364 - Zales,Snapple Diet Tea - Peach Tea,Non Carbonated,2.5,1,2.5,2.5
Brunswick Sq Mall,BSQ Mall x1364 - Zales,Takis FUGEO mini,Food,1.5,1,1.5,1.5
EB Public Library,EB Public Library x1380,CheezIt - Original,Food,1.25,1,1.25,1.25
EB Public Library,EB Public Library x1380,Bai Antioxidant - Kula Watermelon,Non Carbonated,2.75,1,2.75,2.75
EB Public Library,EB Public Library x1380,KitKat - Crisp Wafers,Food,2.0,1,2.0,2.0
EB Public Library,EB Public Library x1380,Spindrift - Sparkling Water - Pineapple,Carbonated,1.5,1,1.5,1.5
EB Public Library,EB Public Library x1380,Bai Antioxidant - Kula Watermelon,Non Carbonated,2.75,1,2.75,2.75
Brunswick Sq Mall,BSQ Mall x1364 - Zales,Takis FUGEO mini,Food,1.5,1,1.5,1.5
Brunswick Sq Mall,BSQ Mall x1364 - Zales,Takis FUGEO mini,Food,1.5,1,1.5,1.5
EB Public Library,EB Public Library x1380,Coca Cola - Zero Sugar,Carbonated,1.5,1,1.5,1.5
EB Public Library,EB Public Library x1380,Miss Vickie's Potato Chip - Sea Salt Original,Food,1.5,1,1.5,1.5
GuttenPlans,GuttenPlans x1367,Good Health Veggie Stix - Zesty Ranch,Food,1.5,1,1.5,1.5
EB Public Library,EB Public Library x1380,Miss Vickie's Potato Chip - Smokehouse BBQ,Food,1.5,1,1.5,1.5
EB Public Library,EB Public Library x1380,Miss Vickie's Potato Chip - Lime & Cracked Pe,Food,1.5,1,1.5,1.5
EB Public Library,EB Public Library x1380,Miss Vickie's Potato Chip - Smokehouse BBQ,Food,1.5,1,1.5,1.5
EB Public Library,EB Public Library x1380,Iberia Coconut Water,Non Carbonated,2.0,1,2.0,2.0
EB Public Library,EB Public Library x1380,Coca Cola - Zero Sugar,Carbonated,1.5,1,1.5,1.5
EB Public Library,EB Public Library x1380,KitKat - Crisp Wafers,Food,2.0,1,2.0,2.0
GuttenPlans,GuttenPlans x1367,SunChips Multigrain - Salsa,Food,1.5,1,1.5,3.0
GuttenPlans,GuttenPlans x1367,SunChips Multigrain - Harvest Cheddar,Food,1.5,1,1.5,3.0
EB Public Library,EB Public Library x1380,CheezIt - Original,Food,1.25,1,1.25,1.25
EB Public Library,EB Public Library x1380,Miss Vickie's Potato Chip - Lime & Cracked Pe,Food,1.5,1,1.5,3.5
EB Public Library,EB Public Library x1380,Robert Irvine's - Fit Crunch -  Chocolate Pea,Food,2.0,1,2.0,3.5
Earle Asphalt,Earle Asphalt x1371,Kinder - Bueno - Crispy Creamy Chocolate,Food,2.0,1,2.0,2.0
Earle Asphalt,Earle Asphalt x1371,Wonderful Pistachios - Variety,Food,2.0,1,2.0,2.0
Earle Asphalt,Earle Asphalt x1371,Wonderful Pistachios - Variety,Food,2.0,1,2.0,2.0
GuttenPlans,GuttenPlans x1367,Cheetos - Crunchy,Food,1.5,1,1.5,1.5
Earle Asphalt,Earle Asphalt x1371,Robert Irvine's - Fit Crunch -  Chocolate Pea,Food,2.0,1,2.0,2.0
GuttenPlans,GuttenPlans x1367,Good Health Veggie Stix - Zesty Ranch,Food,1.5,1,1.5,1.5
GuttenPlans,GuttenPlans x1367,SunChips Multigrain - Salsa,Food,1.5,1,1.5,1.5
Brunswick Sq Mall,BSQ Mall x1366 - ATT,Oreo Mini,Food,1.25,1,1.25,1.25
Brunswick Sq Mall,BSQ Mall x1364 - Zales,Snapple Diet Tea - Peach Tea,Non Carbonated,2.5,1,2.5,2.5
GuttenPlans,GuttenPlans x1367,SunChips Multigrain - Harvest Cheddar,Food,1.5,1,1.5,1.5
EB Public Library,EB Public Library x1380,Miss Vickie's Potato Chip - Sea Salt & Vinega,Food,1.5,1,1.5,1.5
EB Public Library,EB Public Library x1380,Honest Tea - Berry Hibiscus,Non Carbonated,2.75,1,2.75,2.75
EB Public Library,EB Public Library x1380,Honest Tea - Berry Hibiscus,Non Carbonated,2.75,1,2.75,2.75
Brunswick Sq Mall,BSQ Mall x1366 - ATT,CheezIt - White Cheddar,Food,1.25,1,1.25,1.25
GuttenPlans,GuttenPlans x1367,Chum Fruit Bites - Mango/Strawberry,Food,1.25,1,1.25,3.25
GuttenPlans,GuttenPlans x1367,KitKat - Crisp Wafers,Food,2.0,1,2.0,3.25
Earle Asphalt,Earle Asphalt x1371,Wonderful Pistachios - Variety,Food,2.0,1,2.0,2.0
EB Public Library,EB Public Library x1380,Honest Tea - Berry Hibiscus,Non Carbonated,2.75,1,2.75,2.75
Earle Asphalt,Earle Asphalt x1371,NuGo Dark Chocolate - Choc Chip,Food,2.0,1,2.0,2.0
EB Public Library,EB Public Library x1380,Honest Tea - Berry Hibiscus,Non Carbonated,2.75,1,2.75,2.75
EB Public Library,EB Public Library x1380,Miss Vickie's Potato Chip - Lime & Cracked Pe,Food,1.5,1,1.5,1.5
EB Public Library,EB Public Library x1380,Miss Vickie's Potato Chip - Sea Salt & Vinega,Food,1.5,1,1.5,1.5
EB Public Library,EB Public Library x1380,Starbucks Doubleshot Energy - Mocha,Non Carbonated,3.5,1,3.5,3.5
EB Public Library,EB Public Library x1380,Miss Vickie's Potato Chip - Sea Salt Original,Food,1.5,1,1.5,1.5
GuttenPlans,GuttenPlans x1367,CheezIt - Original,Food,1.0,1,1.0,1.0
GuttenPlans,GuttenPlans x1367,SunChips Multigrain - Salsa,Food,1.5,1,1.5,1.5
Brunswick Sq Mall,BSQ Mall x1366 - ATT,Oreo Mini,Food,1.25,1,1.25,1.25
EB Public Library,EB Public Library x1380,,,2.0,1,2.0,2.0
EB Public Library,EB Public Library x1380,Remedy Kombucha - Ginger Lemon,Carbonated,3.0,1,3.0,3.0
EB Public Library,EB Public Library x1380,Miss Vickie's Potato Chip - Smokehouse BBQ,Food,1.5,1,1.5,1.5
GuttenPlans,GuttenPlans x1367,SunChips Multigrain - Original,Food,1.5,1,1.5,3.5
GuttenPlans,GuttenPlans x1367,Jacks Links Bar Beef Strip,Food,2.0,1,2.0,3.5
EB Public Library,EB Public Library x1380,Coca Cola - Zero Sugar,Carbonated,1.5,1,1.5,1.5
EB Public Library,EB Public Library x1380,Miss Vickie's Potato Chip - Sea Salt & Vinega,Food,1.5,1,1.5,1.5
EB Public Library,EB Public Library x1380,Honest Tea - Berry Hibiscus,Non Carbonated,2.75,1,2.75,2.75
EB Public Library,EB Public Library x1380,,,2.0,1,2.0,3.25
EB Public Library,EB Public Library x1380,CheezIt - Original,Food,1.25,1,1.25,3.25
GuttenPlans,GuttenPlans x1367,Funyuns - Flaming Hot,Food,1.5,1,1.5,1.5
GuttenPlans,GuttenPlans x1367,Funyuns - Flaming Hot,Food,1.5,1,1.5,1.5
GuttenPlans,GuttenPlans x1367,Funyuns - Flaming Hot,Food,1.5,1,1.5,1.5
Brunswick Sq Mall,BSQ Mall x1366 - ATT,S. Pellegrino Sparkling Mineral Water,Water,2.0,1,2.0,2.0
GuttenPlans,GuttenPlans x1367,Coca Cola - Zero Sugar,Carbonated,1.0,1,1.0,1.0
GuttenPlans,GuttenPlans x1367,KitKat - Crisp Wafers,Food,2.0,1,2.0,2.0
GuttenPlans,GuttenPlans x1367,KitKat - Crisp Wafers,Food,2.0,1,2.0,2.0
GuttenPlans,GuttenPlans x1367,Doritos Dinamita Chile Lemon,,1.0,1,1.0,1.0
GuttenPlans,GuttenPlans x1367,Red Bull - Original,Carbonated,3.0,1,3.0,3.0
GuttenPlans,GuttenPlans x1367,Monster Energy Original,Carbonated,3.25,1,3.25,3.25
GuttenPlans,GuttenPlans x1367,KitKat - Crisp Wafers,Food,2.0,1,2.0,2.0
GuttenPlans,GuttenPlans x1367,Cheetos Flaming Hot Limon Crunchy,Food,1.0,1,1.0,1.0
GuttenPlans,GuttenPlans x1367,Doritos Dinamita Chile Lemon,,1.5,1,1.5,1.5
GuttenPlans,GuttenPlans x1367,Doritos Dinamita Chile Lemon,,1.0,1,1.0,1.0
EB Public Library,EB Public Library x1380,Genius Keto Bar - Chocolate Dream,Food,2.0,1,2.0,2.0
Brunswick Sq Mall,BSQ Mall x1366 - ATT,Cheetos Baked - Flaming Hot,Food,1.5,1,1.5,1.5
Brunswick Sq Mall,BSQ Mall x1364 - Zales,Takis FUGEO mini,Food,1.5,1,1.5,1.5
EB Public Library,EB Public Library x1380,Spindrift - Sparkling Water - Pineapple,Carbonated,1.5,1,1.5,1.5
Brunswick Sq Mall,BSQ Mall x1364 - Zales,SunChips Multigrain - Harvest Cheddar,Food,1.5,1,1.5,1.5
EB Public Library,EB Public Library x1380,Miss Vickie's Potato Chip - Sea Salt & Vinega,Food,1.5,1,1.5,1.5
Brunswick Sq Mall,BSQ Mall x1364 - Zales,Coca Cola - Zero Sugar,Carbonated,1.5,1,1.5,1.5
Brunswick Sq Mall,BSQ Mall x1364 - Zales,Poland Springs Water,Water,1.5,1,1.5,4.0
Brunswick Sq Mall,BSQ Mall x1364 - Zales,Snapple Diet Tea - Peach Tea,Non Carbonated,2.5,1,2.5,4.0
Brunswick Sq Mall,BSQ Mall x1364 - Zales,SunChips Multigrain - Original,Food,1.5,3,4.5,4.5
Brunswick Sq Mall,BSQ Mall x1366 - ATT,Starbucks Refresher - Real Coconut Water,Carbonated,3.5,1,3.5,3.5
Brunswick Sq Mall,BSQ Mall x1364 - Zales,SunChips Multigrain - Original,Food,1.5,3,4.5,4.5
Brunswick Sq Mall,BSQ Mall x1364 - Zales,SunChips Multigrain - Original,Food,1.5,1,1.5,1.5
EB Public Library,EB Public Library x1380,Good Health Veggie Stix - Sea Salt,Food,1.5,1,1.5,1.5
EB Public Library,EB Public Library x1380,Seapoint Farms Dry Roasted Edamame - Wasabi,Food,2.5,1,2.5,2.5
EB Public Library,EB Public Library x1380,Good Health Veggie Stix - Zesty Ranch,Food,1.5,1,1.5,1.5
Brunswick Sq Mall,BSQ Mall x1364 - Zales,Coca Cola - Zero Sugar,Carbonated,1.5,1,1.5,1.5
GuttenPlans,GuttenPlans x1367,Coca Cola - Zero Sugar,Carbonated,1.0,1,1.0,1.0
GuttenPlans,GuttenPlans x1367,Coca Cola - Zero Sugar,Carbonated,1.0,1,1.0,1.0
GuttenPlans,GuttenPlans x1367,Funyuns - Flaming Hot,Food,1.5,1,1.5,5.5
GuttenPlans,GuttenPlans x1367,KitKat - Crisp Wafers,Food,2.0,1,2.0,5.5
GuttenPlans,GuttenPlans x1367,KitKat - Crisp Wafers,Food,2.0,1,2.0,5.5
Earle Asphalt,Earle Asphalt x1371,Jacks Links Bar Beef Strip,Food,2.0,1,2.0,2.0
Earle Asphalt,Earle Asphalt x1371,Jacks Links Bar Beef Strip,Food,2.0,1,2.0,2.0
EB Public Library,EB Public Library x1380,Coca Cola - Zero Sugar,Carbonated,1.5,1,1.5,1.5
Earle Asphalt,Earle Asphalt x1371,Miss Vickie's Potato Chip - Jalapeno,Food,1.5,1,1.5,1.5
EB Public Library,EB Public Library x1380,CheezIt - Original,Food,1.25,1,1.25,1.25
Earle Asphalt,Earle Asphalt x1371,Miss Vickie's Potato Chip - Smokehouse BBQ,Food,1.5,1,1.5,3.0
Earle Asphalt,Earle Asphalt x1371,SunChips Multigrain - Harvest Cheddar,Food,1.5,1,1.5,3.0
Earle Asphalt,Earle Asphalt x1371,Jacks Links Bar Beef Strip,Food,2.0,1,2.0,2.0
Earle Asphalt,Earle Asphalt x1371,Robert Irvine's - Fit Crunch -  Chocolate Pea,Food,2.0,1,2.0,2.0
Earle Asphalt,Earle Asphalt x1371,Miss Vickie's Potato Chip - Jalapeno,Food,1.5,1,1.5,1.5
EB Public Library,EB Public Library x1380,Starbucks Doubleshot Energy - Mocha,Non Carbonated,3.5,1,3.5,3.5
EB Public Library,EB Public Library x1380,Coca Cola - Zero Sugar,Carbonated,1.5,1,1.5,1.5
Earle Asphalt,Earle Asphalt x1371,Miss Vickie's Potato Chip - Sea Salt & Vinega,Food,1.5,1,1.5,1.5
Earle Asphalt,Earle Asphalt x1371,Jacks Links Bar Beef Strip,Food,2.0,1,2.0,2.0
GuttenPlans,GuttenPlans x1367,Coca Cola - Zero Sugar,Carbonated,1.0,1,1.0,1.0
GuttenPlans,GuttenPlans x1367,Cheetos Flaming Hot Limon Crunchy,Food,1.0,1,1.0,1.0
EB Public Library,EB Public Library x1380,Hungry Buddha - Coconut Cocoa,Food,2.0,1,2.0,2.0
Earle Asphalt,Earle Asphalt x1371,Vitamin Water - Squeezed Lemonade,Water,2.5,1,2.5,2.5
GuttenPlans,GuttenPlans x1367,Cheetos Flaming Hot Limon Crunchy,Food,1.0,1,1.0,1.0
EB Public Library,EB Public Library x1380,Bai Antioxidant - Zambia Bingcherry,Non Carbonated,2.75,1,2.75,2.75
Brunswick Sq Mall,BSQ Mall x1364 - Zales,SunChips Multigrain - Salsa,Food,1.5,1,1.5,1.5
EB Public Library,EB Public Library x1380,Genius Keto Bar - Chocolate Dream,Food,2.0,1,2.0,2.0
GuttenPlans,GuttenPlans x1367,Coca Cola - Zero Sugar,Carbonated,1.0,1,1.0,1.0
GuttenPlans,GuttenPlans x1367,Red Bull - Original,Carbonated,3.0,1,3.0,3.0
GuttenPlans,GuttenPlans x1367,Doritos Dinamita Chile Lemon,,1.0,1,1.0,1.0
GuttenPlans,GuttenPlans x1367,SunChips Multigrain - French Onion,Food,1.5,1,1.5,1.5
GuttenPlans,GuttenPlans x1367,Coca Cola - Zero Sugar,Carbonated,1.0,1,1.0,1.0
GuttenPlans,GuttenPlans x1367,Coca Cola - Zero Sugar,Carbonated,1.0,1,1.0,1.0
Brunswick Sq Mall,BSQ Mall x1364 - Zales,Poland Springs Water,Water,1.5,1,1.5,1.5
Brunswick Sq Mall,BSQ Mall x1364 - Zales,Poland Springs Water,Water,1.5,1,1.5,1.5
GuttenPlans,GuttenPlans x1367,Doritos Dinamita Chile Lemon,,1.5,1,1.5,1.5
GuttenPlans,GuttenPlans x1367,Cheetos Flaming Hot Limon Crunchy,Food,1.0,1,1.0,1.0
GuttenPlans,GuttenPlans x1367,Sunkist Soda - Orange,Carbonated,1.0,1,1.0,1.0
GuttenPlans,GuttenPlans x1367,Cheetos Flaming Hot Limon Crunchy,Food,1.0,1,1.0,1.0
GuttenPlans,GuttenPlans x1367,Coca Cola - Zero Sugar,Carbonated,1.0,1,1.0,1.0
GuttenPlans,GuttenPlans x1367,Coca Cola - Zero Sugar,Carbonated,1.0,1,1.0,1.0
GuttenPlans,GuttenPlans x1367,Funyuns - Flaming Hot,Food,1.5,1,1.5,1.5
EB Public Library,EB Public Library x1380,Coca Cola - Zero Sugar,Carbonated,1.5,1,1.5,1.5
Earle Asphalt,Earle Asphalt x1371,Jacks Links Bar Beef Strip,Food,2.0,1,2.0,2.0
Earle Asphalt,Earle Asphalt x1371,Made in Nature - Mangoes Sweet & Tangy,Food,2.0,1,2.0,2.0
GuttenPlans,GuttenPlans x1367,Doritos Dinamita Chile Lemon,,1.0,1,1.0,4.0
GuttenPlans,GuttenPlans x1367,SunChips Multigrain - Original,Food,1.5,1,1.5,4.0
GuttenPlans,GuttenPlans x1367,SunChips Multigrain - French Onion,Food,1.5,1,1.5,4.0
GuttenPlans,GuttenPlans x1367,Red Bull - Original,Carbonated,3.0,1,3.0,3.0
Earle Asphalt,Earle Asphalt x1371,Miss Vickie's Potato Chip - Smokehouse BBQ,Food,1.5,1,1.5,1.5
Earle Asphalt,Earle Asphalt x1371,Jacks Links Bar Beef Strip,Food,2.0,1,2.0,2.0
Brunswick Sq Mall,BSQ Mall x1366 - ATT,SunChips Multigrain - Harvest Cheddar,Food,1.5,1,1.5,1.5
EB Public Library,EB Public Library x1380,Spindrift - Sparkling Water - Pineapple,Carbonated,1.5,1,1.5,1.5
GuttenPlans,GuttenPlans x1367,Sunkist Soda - Orange,Carbonated,1.0,1,1.0,1.0
GuttenPlans,GuttenPlans x1367,Coca Cola - Zero Sugar,Carbonated,1.0,1,1.0,1.0
GuttenPlans,GuttenPlans x1367,Cheetos Flaming Hot Limon Crunchy,Food,1.0,1,1.0,1.0
GuttenPlans,GuttenPlans x1367,Funyuns - Flaming Hot,Food,1.5,1,1.5,1.5
GuttenPlans,GuttenPlans x1367,Funyuns - Flaming Hot,Food,1.5,1,1.5,1.5
GuttenPlans,GuttenPlans x1367,KitKat - Crisp Wafers,Food,2.0,1,2.0,2.0
EB Public Library,EB Public Library x1380,SunChips Multigrain - Salsa,Food,1.5,1,1.5,1.5
EB Public Library,EB Public Library x1380,Genius Keto Bar - Chocolate Dream,Food,2.0,1,2.0,2.0
GuttenPlans,GuttenPlans x1367,Coca Cola - Zero Sugar,Carbonated,1.0,1,1.0,1.0
GuttenPlans,GuttenPlans x1367,Coca Cola - Zero Sugar,Carbonated,1.0,1,1.0,1.0
GuttenPlans,GuttenPlans x1367,Coca Cola - Zero Sugar,Carbonated,1.0,1,1.0,1.0
GuttenPlans,GuttenPlans x1367,SunChips Multigrain - Original,Food,1.5,1,1.5,1.5
GuttenPlans,GuttenPlans x1367,SunChips Multigrain - Original,Food,1.5,1,1.5,1.5
GuttenPlans,GuttenPlans x1367,Coca Cola - Zero Sugar,Carbonated,1.0,1,1.0,1.0
Earle Asphalt,Earle Asphalt x1371,Jacks Links Bar Beef Strip,Food,2.0,1,2.0,2.0
Earle Asphalt,Earle Asphalt x1371,Jacks Links Bar Beef Strip,Food,2.0,1,2.0,2.0
EB Public Library,EB Public Library x1380,Spindrift - Sparkling Water - Pineapple,Carbonated,1.5,1,1.5,1.5
GuttenPlans,GuttenPlans x1367,Doritos Famin Hot Nacho,Food,1.5,1,1.5,1.5
Earle Asphalt,Earle Asphalt x1371,Miss Vickie's Potato Chip - Jalapeno,Food,1.5,1,1.5,1.5
GuttenPlans,GuttenPlans x1367,Doritos Dinamita Chile Lemon,,1.5,1,1.5,4.25
GuttenPlans,GuttenPlans x1367,SunChips Multigrain - Original,Food,1.5,1,1.5,4.25
GuttenPlans,GuttenPlans x1367,Chum Fruit Bites - Mango/Strawberry,Food,1.25,1,1.25,4.25
Earle Asphalt,Earle Asphalt x1371,CheezIt - Original,Food,1.25,1,1.25,3.25
Earle Asphalt,Earle Asphalt x1371,Jacks Links Bar Beef Strip,Food,2.0,1,2.0,3.25
Brunswick Sq Mall,BSQ Mall x1366 - ATT,Bai Antioxidant - Molokai Coconut,Non Carbonated,2.5,1,2.5,2.5
Brunswick Sq Mall,BSQ Mall x1366 - ATT,Starbucks Refresher - Real Coconut Water,Carbonated,3.5,1,3.5,3.5
Brunswick Sq Mall,BSQ Mall x1366 - ATT,Starbucks Refresher - Real Coconut Water,Carbonated,3.5,1,3.5,3.5
GuttenPlans,GuttenPlans x1367,Monster Energy Original,Carbonated,3.25,1,3.25,3.25
EB Public Library,EB Public Library x1380,Coca Cola - Zero Sugar,Carbonated,1.5,1,1.5,1.5
GuttenPlans,GuttenPlans x1367,Red Bull - Original,Carbonated,3.0,1,3.0,3.0
EB Public Library,EB Public Library x1380,Oreo Mini,Food,2.0,1,2.0,2.0
EB Public Library,EB Public Library x1380,Starbucks Doubleshot Energy - Mocha,Non Carbonated,3.5,1,3.5,3.5
EB Public Library,EB Public Library x1380,Keto Krisp - Almond/Chocolate,Carbonated,2.0,1,2.0,2.0
Brunswick Sq Mall,BSQ Mall x1364 - Zales,Vitamin Water - Squeezed Lemonade,Water,2.75,1,2.75,2.75
GuttenPlans,GuttenPlans x1367,Sunkist Soda - Orange,Carbonated,1.0,1,1.0,1.0
EB Public Library,EB Public Library x1380,Oreo Mini,Food,2.0,1,2.0,2.0
EB Public Library,EB Public Library x1380,Good Health Veggie Stix - Sea Salt,Food,1.5,1,1.5,1.5
EB Public Library,EB Public Library x1380,Good Health Veggie Stix - Sea Salt,Food,1.5,1,1.5,1.5
EB Public Library,EB Public Library x1380,Miss Vickie's Potato Chip - Lime & Cracked Pe,Food,1.5,1,1.5,3.5
EB Public Library,EB Public Library x1380,Iberia Coconut Water,Non Carbonated,2.0,1,2.0,3.5
GuttenPlans,GuttenPlans x1367,Cheetos Flaming Hot Limon Crunchy,Food,1.0,1,1.0,1.0
GuttenPlans,GuttenPlans x1367,Coca Cola - Zero Sugar,Carbonated,1.0,1,1.0,1.0
GuttenPlans,GuttenPlans x1367,Red Bull - Original,Carbonated,3.0,1,3.0,3.0
GuttenPlans,GuttenPlans x1367,Sunkist Soda - Orange,Carbonated,1.0,1,1.0,1.0
GuttenPlans,GuttenPlans x1367,Doritos Dinamita Chile Lemon,,1.0,1,1.0,1.0
EB Public Library,EB Public Library x1380,Starbucks Doubleshot Energy - Mocha,Non Carbonated,3.5,1,3.5,3.5
EB Public Library,EB Public Library x1380,SunChips Multigrain - Harvest Cheddar,Food,1.5,1,1.5,1.5
Brunswick Sq Mall,BSQ Mall x1364 - Zales,Poland Springs Water,Water,1.5,1,1.5,1.5
EB Public Library,EB Public Library x1380,Iberia Coconut Water,Non Carbonated,2.0,1,2.0,2.0
GuttenPlans,GuttenPlans x1367,Monster Energy Original,Carbonated,3.25,1,3.25,3.25
GuttenPlans,GuttenPlans x1367,Chesters Fries Flaming hot,Food,1.5,1,1.5,1.5
GuttenPlans,GuttenPlans x1367,Coca Cola - Zero Sugar,Carbonated,1.0,1,1.0,1.0
GuttenPlans,GuttenPlans x1367,Monster Energy Original,Carbonated,3.25,1,3.25,3.25
GuttenPlans,GuttenPlans x1367,Doritos Dinamita Chile Lemon,,1.0,1,1.0,1.0
GuttenPlans,GuttenPlans x1367,Doritos Dinamita Chile Lemon,,1.0,1,1.0,1.0
GuttenPlans,GuttenPlans x1367,Chesters Fries Flaming hot,Food,1.5,2,3.0,4.5
GuttenPlans,GuttenPlans x1367,Cheetos Flaming Hot Limon Crunchy,Food,1.5,1,1.5,4.5
Earle Asphalt,Earle Asphalt x1371,Belvita Snack Packs - Cinnamon,Food,1.25,1,1.25,1.25
Earle Asphalt,Earle Asphalt x1371,Snapple Diet Tea - Lemon,Non Carbonated,2.5,1,2.5,4.0
Earle Asphalt,Earle Asphalt x1371,SunChips Multigrain - Harvest Cheddar,Food,1.5,1,1.5,4.0
Brunswick Sq Mall,BSQ Mall x1364 - Zales,SunChips Multigrain - Original,Food,1.5,1,1.5,4.5
Brunswick Sq Mall,BSQ Mall x1364 - Zales,Takis FUGEO mini,Food,1.5,2,3.0,4.5
Earle Asphalt,Earle Asphalt x1371,Robert Irvine's - Fit Crunch -  Chocolate Pea,Food,2.0,1,2.0,2.0
Earle Asphalt,Earle Asphalt x1371,Jacks Links Bar Beef Strip,Food,2.0,1,2.0,2.0
Earle Asphalt,Earle Asphalt x1371,Jacks Links Bar Beef Strip,Food,2.0,1,2.0,2.0
Earle Asphalt,Earle Asphalt x1371,Jacks Links Bar Beef Strip,Food,2.0,1,2.0,2.0
Earle Asphalt,Earle Asphalt x1371,Snapple Diet Tea - Lemon,Non Carbonated,2.5,1,2.5,2.5
EB Public Library,EB Public Library x1380,RXBAR - Protein Bar - Peanut Butter,Food,2.0,1,2.0,2.0
EB Public Library,EB Public Library x1380,Spindrift - Sparkling Water - Pineapple,Carbonated,1.5,1,1.5,1.5
Earle Asphalt,Earle Asphalt x1371,SunChips Multigrain - Harvest Cheddar,Food,1.5,1,1.5,1.5
GuttenPlans,GuttenPlans x1367,Monster Energy Original,Carbonated,3.25,1,3.25,3.25
EB Public Library,EB Public Library x1380,Good Health Veggie Stix - Zesty Ranch,Food,1.5,1,1.5,1.5
EB Public Library,EB Public Library x1380,Good Health Veggie Stix - Sea Salt,Food,1.5,1,1.5,1.5
EB Public Library,EB Public Library x1380,SunChips Multigrain - Harvest Cheddar,Food,1.5,1,1.5,1.5
EB Public Library,EB Public Library x1380,Poland Springs Water,Water,1.5,1,1.5,1.5
EB Public Library,EB Public Library x1380,Iberia Coconut Water,Non Carbonated,2.0,1,2.0,2.0
EB Public Library,EB Public Library x1380,Keto Krisp - Almond/Chocolate,Carbonated,2.0,1,2.0,2.0
GuttenPlans,GuttenPlans x1367,Coca Cola - Zero Sugar,Carbonated,1.0,1,1.0,1.0
GuttenPlans,GuttenPlans x1367,Coca Cola - Zero Sugar,Carbonated,1.0,1,1.0,1.0
GuttenPlans,GuttenPlans x1367,Coca Cola - Zero Sugar,Carbonated,1.0,1,1.0,1.0
GuttenPlans,GuttenPlans x1367,Red Bull - Original,Carbonated,3.0,1,3.0,5.0
GuttenPlans,GuttenPlans x1367,KitKat - Crisp Wafers,Food,2.0,1,2.0,5.0
GuttenPlans,GuttenPlans x1367,Coca Cola - Zero Sugar,Carbonated,1.0,1,1.0,1.0
GuttenPlans,GuttenPlans x1367,Coca Cola - Zero Sugar,Carbonated,1.0,1,1.0,1.0
Brunswick Sq Mall,BSQ Mall x1366 - ATT,Monster Energy Original,Carbonated,3.0,1,3.0,3.0
Earle Asphalt,Earle Asphalt x1371,Wonderful Pistachios - Variety,Food,2.0,1,2.0,2.0
GuttenPlans,GuttenPlans x1367,Coca Cola - Zero Sugar,Carbonated,1.0,1,1.0,1.0
EB Public Library,EB Public Library x1380,Spindrift - Sparkling Water - Pineapple,Carbonated,1.5,1,1.5,1.5
Earle Asphalt,Earle Asphalt x1371,SunChips Multigrain - Harvest Cheddar,Food,1.5,1,1.5,4.0
Earle Asphalt,Earle Asphalt x1371,Snapple Diet Tea - Lemon,Non Carbonated,2.5,1,2.5,4.0
Earle Asphalt,Earle Asphalt x1371,SunChips Multigrain - Harvest Cheddar,Food,1.5,1,1.5,1.5
EB Public Library,EB Public Library x1380,Miss Vickie's Potato Chip - Sea Salt & Vinega,Food,1.5,1,1.5,1.5
EB Public Library,EB Public Library x1380,Poland Springs Water,Water,1.5,1,1.5,1.5
EB Public Library,EB Public Library x1380,Belvita Snack Packs - Blueberry,Food,2.0,1,2.0,2.0
EB Public Library,EB Public Library x1380,Honest Tea - Berry Hibiscus,Non Carbonated,2.75,1,2.75,2.75
GuttenPlans,GuttenPlans x1367,Coca Cola - Zero Sugar,Carbonated,1.0,1,1.0,1.0
GuttenPlans,GuttenPlans x1367,Monster Energy Original,Carbonated,3.25,1,3.25,3.25
GuttenPlans,GuttenPlans x1367,SunChips Multigrain - French Onion,Food,1.5,1,1.5,1.5
Brunswick Sq Mall,BSQ Mall x1366 - ATT,Starbucks Refresher - Real Coconut Water,Carbonated,3.5,1,3.5,3.5
Brunswick Sq Mall,BSQ Mall x1366 - ATT,S. Pellegrino Sparkling Mineral Water,Water,2.0,1,2.0,2.0
Brunswick Sq Mall,BSQ Mall x1366 - ATT,Starbucks Refresher - Real Coconut Water,Carbonated,3.5,1,3.5,3.5
GuttenPlans,GuttenPlans x1367,Red Bull - Original,Carbonated,3.0,1,3.0,3.0
GuttenPlans,GuttenPlans x1367,KitKat - Crisp Wafers,Food,2.0,1,2.0,2.0
GuttenPlans,GuttenPlans x1367,Coca Cola - Zero Sugar,Carbonated,1.0,1,1.0,1.0
GuttenPlans,GuttenPlans x1367,Red Bull - Original,Carbonated,3.0,1,3.0,3.0
GuttenPlans,GuttenPlans x1367,KitKat - Crisp Wafers,Food,2.0,1,2.0,2.0
GuttenPlans,GuttenPlans x1367,Sunkist Soda - Orange,Carbonated,1.0,1,1.0,1.0
GuttenPlans,GuttenPlans x1367,Jacks Links Bar Beef Strip,Food,2.0,1,2.0,2.0
GuttenPlans,GuttenPlans x1367,Coca Cola - Zero Sugar,Carbonated,1.0,1,1.0,1.0
GuttenPlans,GuttenPlans x1367,Sunkist Soda - Orange,Carbonated,1.0,1,1.0,1.0
GuttenPlans,GuttenPlans x1367,Good Health Veggie Stix - Zesty Ranch,Food,1.5,1,1.5,1.5
GuttenPlans,GuttenPlans x1367,Coca Cola - Zero Sugar,Carbonated,1.0,1,1.0,1.0
GuttenPlans,GuttenPlans x1367,Coca Cola - Zero Sugar,Carbonated,1.0,1,1.0,1.0
GuttenPlans,GuttenPlans x1367,Coca Cola - Zero Sugar,Carbonated,1.0,1,1.0,1.0
GuttenPlans,GuttenPlans x1367,Snapple Tea - Raspberry,Non Carbonated,2.5,1,2.5,2.5
EB Public Library,EB Public Library x1380,Coca Cola - Zero Sugar,Carbonated,1.5,1,1.5,1.5
EB Public Library,EB Public Library x1380,Coca Cola - Zero Sugar,Carbonated,1.5,1,1.5,1.5
EB Public Library,EB Public Library x1380,Keto Krisp - Almond/Chocolate,Carbonated,2.0,1,2.0,2.0
EB Public Library,EB Public Library x1380,SunChips Multigrain - Salsa,Food,1.5,1,1.5,1.5
EB Public Library,EB Public Library x1380,Oreo Mini,Food,2.0,1,2.0,2.0
EB Public Library,EB Public Library x1380,SunChips Multigrain - Salsa,Food,1.5,1,1.5,1.5
EB Public Library,EB Public Library x1380,Poland Springs Water,Water,1.5,1,1.5,1.5
EB Public Library,EB Public Library x1380,Miss Vickie's Potato Chip - Sea Salt & Vinega,Food,1.5,1,1.5,1.5
EB Public Library,EB Public Library x1380,Oreo Mini,Food,2.0,1,2.0,2.0
EB Public Library,EB Public Library x1380,Spindrift - Sparkling Water - Pineapple,Carbonated,1.5,1,1.5,1.5
Brunswick Sq Mall,BSQ Mall x1366 - ATT,Vitamin Water - Squeezed Lemonade,Water,2.75,1,2.75,2.75
EB Public Library,EB Public Library x1380,Good Health Veggie Stix - Sea Salt,Food,1.5,1,1.5,1.5
EB Public Library,EB Public Library x1380,Good Health Veggie Stix - Sea Salt,Food,1.5,1,1.5,1.5
EB Public Library,EB Public Library x1380,SunChips Multigrain - Salsa,Food,1.5,1,1.5,1.5
EB Public Library,EB Public Library x1380,SunChips Multigrain - Salsa,Food,1.5,1,1.5,1.5
EB Public Library,EB Public Library x1380,Poland Springs Water,Water,1.5,1,1.5,1.5
EB Public Library,EB Public Library x1380,Poland Springs Water,Water,1.5,1,1.5,1.5
Brunswick Sq Mall,BSQ Mall x1364 - Zales,Oreo Mini,Food,2.0,1,2.0,2.0
Brunswick Sq Mall,BSQ Mall x1364 - Zales,Keto Bar - Creamy Peanut Butter Chocolate,Food,1.5,1,1.5,1.5
EB Public Library,EB Public Library x1380,Oreo Mini,Food,2.0,1,2.0,2.0
EB Public Library,EB Public Library x1380,SunChips Multigrain - Original,Food,1.5,1,1.5,1.5
EB Public Library,EB Public Library x1380,Poland Springs Water,Water,1.5,1,1.5,1.5
EB Public Library,EB Public Library x1380,Good Health Veggie Stix - Sea Salt,Food,1.5,1,1.5,1.5
Brunswick Sq Mall,BSQ Mall x1366 - ATT,Monster Energy Original,Carbonated,3.0,1,3.0,3.0
Brunswick Sq Mall,BSQ Mall x1366 - ATT,KitKat - Crisp Wafers,Food,2.0,1,2.0,2.0
Brunswick Sq Mall,BSQ Mall x1366 - ATT,SunChips Multigrain - Harvest Cheddar,Food,1.5,1,1.5,1.5
Brunswick Sq Mall,BSQ Mall x1366 - ATT,Snapple Diet Tea - Raspberry,Non Carbonated,2.5,1,2.5,2.5
EB Public Library,EB Public Library x1380,Oreo Mini,Food,2.0,1,2.0,2.0
EB Public Library,EB Public Library x1380,Bai Antioxidant - Zambia Bingcherry,Non Carbonated,2.75,1,2.75,2.75
EB Public Library,EB Public Library x1380,CheezIt - Original,Food,1.25,1,1.25,1.25
EB Public Library,EB Public Library x1380,CheezIt - Original,Food,1.25,1,1.25,1.25
EB Public Library,EB Public Library x1380,Seapoint Farms Dry Roasted Edamame - Wasabi,Food,2.5,1,2.5,2.5
EB Public Library,EB Public Library x1380,Skippy Peanut Butter - Go Paks,Food,4.5,1,4.5,4.5
EB Public Library,EB Public Library x1380,SunChips Multigrain - Harvest Cheddar,Food,1.5,1,1.5,1.5
EB Public Library,EB Public Library x1380,Good Health Veggie Stix - Zesty Ranch,Food,1.5,1,1.5,1.5
Brunswick Sq Mall,BSQ Mall x1366 - ATT,Vitamin Water - Squeezed Lemonade,Water,2.75,1,2.75,2.75
Brunswick Sq Mall,BSQ Mall x1364 - Zales,SunChips Multigrain - Salsa,Food,1.5,1,1.5,1.5
Brunswick Sq Mall,BSQ Mall x1364 - Zales,Bubly - Blackberry,Water,1.5,1,1.5,1.5
Earle Asphalt,Earle Asphalt x1371,Miss Vickie's Potato Chip - Jalapeno,Food,1.5,1,1.5,1.5
EB Public Library,EB Public Library x1380,Starbucks Doubleshot Energy - Mocha,Non Carbonated,3.5,1,3.5,3.5
EB Public Library,EB Public Library x1380,Poland Springs Water,Water,1.5,1,1.5,1.5
EB Public Library,EB Public Library x1380,Poland Springs Water,Water,1.5,1,1.5,1.5
Earle Asphalt,Earle Asphalt x1371,CheezIt - Original,Food,1.25,1,1.25,3.25
Earle Asphalt,Earle Asphalt x1371,Wonderful Pistachios - Variety,Food,2.0,1,2.0,3.25
EB Public Library,EB Public Library x1380,Iberia Coconut Water,Non Carbonated,2.0,1,2.0,2.0
EB Public Library,EB Public Library x1380,Starbucks Doubleshot Energy - Mocha,Non Carbonated,3.5,1,3.5,3.5
Earle Asphalt,Earle Asphalt x1371,Miss Vickie's Potato Chip - Smokehouse BBQ,Food,1.5,1,1.5,1.5
Earle Asphalt,Earle Asphalt x1371,Snapple Diet Tea - Lemon,Non Carbonated,2.5,1,2.5,2.5
Earle Asphalt,Earle Asphalt x1371,SunChips Multigrain - Harvest Cheddar,Food,1.5,1,1.5,1.5
Earle Asphalt,Earle Asphalt x1371,Robert Irvine's - Fit Crunch -  Chocolate Pea,Food,2.0,1,2.0,2.0
EB Public Library,EB Public Library x1380,Spindrift - Sparkling Water - Pineapple,Carbonated,1.5,1,1.5,1.5
EB Public Library,EB Public Library x1380,Honest Tea - Berry Hibiscus,Non Carbonated,2.75,1,2.75,2.75
GuttenPlans,GuttenPlans x1367,SunChips Multigrain - French Onion,Food,1.5,1,1.5,1.5
GuttenPlans,GuttenPlans x1367,SunChips Multigrain - French Onion,Food,1.5,1,1.5,1.5
GuttenPlans,GuttenPlans x1367,Monster Energy Original,Carbonated,3.25,1,3.25,3.25
EB Public Library,EB Public Library x1380,Keto Krisp - Almond/Chocolate,Carbonated,2.0,1,2.0,2.0
EB Public Library,EB Public Library x1380,Spindrift - Sparkling Water - Pineapple,Carbonated,1.5,1,1.5,1.5
EB Public Library,EB Public Library x1380,Spindrift - Sparkling Water - Pineapple,Carbonated,1.5,1,1.5,1.5
EB Public Library,EB Public Library x1380,RXBAR - Protein Bar - Peanut Butter,Food,2.0,1,2.0,2.0
Brunswick Sq Mall,BSQ Mall x1366 - ATT,Snapple Diet Tea - Raspberry,Non Carbonated,2.5,1,2.5,2.5
Earle Asphalt,Earle Asphalt x1371,Wonderful Pistachios - Variety,Food,2.0,1,2.0,2.0
EB Public Library,EB Public Library x1380,Good Health Veggie Stix - Zesty Ranch,Food,1.5,1,1.5,1.5
EB Public Library,EB Public Library x1380,Oreo Mini,Food,2.0,1,2.0,2.0
EB Public Library,EB Public Library x1380,SunChips Multigrain - Salsa,Food,1.5,1,1.5,1.5
EB Public Library,EB Public Library x1380,Good Health Veggie Stix - Zesty Ranch,Food,1.5,1,1.5,1.5
EB Public Library,EB Public Library x1380,SunChips Multigrain - Harvest Cheddar,Food,1.5,1,1.5,1.5
EB Public Library,EB Public Library x1380,Good Health Veggie Stix - Sea Salt,Food,1.5,1,1.5,1.5
EB Public Library,EB Public Library x1380,Genius Keto Bar - Chocolate Dream,Food,2.0,1,2.0,2.0
EB Public Library,EB Public Library x1380,Coca Cola - Zero Sugar,Carbonated,1.5,1,1.5,1.5
EB Public Library,EB Public Library x1380,Miss Vickie's Potato Chip - Lime & Cracked Pe,Food,1.5,1,1.5,1.5
EB Public Library,EB Public Library x1380,Oreo Mini,Food,2.0,1,2.0,2.0
EB Public Library,EB Public Library x1380,SunChips Multigrain - Harvest Cheddar,Food,1.5,1,1.5,1.5
EB Public Library,EB Public Library x1380,Miss Vickie's Potato Chip - Sea Salt & Vinega,Food,1.5,1,1.5,1.5
EB Public Library,EB Public Library x1380,Good Health Veggie Stix - Zesty Ranch,Food,1.5,1,1.5,1.5
EB Public Library,EB Public Library x1380,SunChips Multigrain - Harvest Cheddar,Food,1.5,1,1.5,1.5
GuttenPlans,GuttenPlans x1367,Coca Cola - Zero Sugar,Carbonated,1.0,1,1.0,1.0
GuttenPlans,GuttenPlans x1367,KitKat - Crisp Wafers,Food,2.0,1,2.0,2.0
GuttenPlans,GuttenPlans x1367,Monster Energy Original,Carbonated,3.25,1,3.25,3.25
GuttenPlans,GuttenPlans x1367,Chesters Fries Flaming hot,Food,1.5,1,1.5,1.5
Brunswick Sq Mall,BSQ Mall x1364 - Zales,Coca Cola - Zero Sugar,Carbonated,1.5,1,1.5,1.5
GuttenPlans,GuttenPlans x1367,Coca Cola - Zero Sugar,Carbonated,1.0,1,1.0,1.0
GuttenPlans,GuttenPlans x1367,Doritos Famin Hot Nacho,Food,1.5,1,1.5,1.5
GuttenPlans,GuttenPlans x1367,Monster Energy Original,Carbonated,3.25,1,3.25,3.25
EB Public Library,EB Public Library x1380,CheezIt - Original,Food,1.25,1,1.25,1.25
EB Public Library,EB Public Library x1380,Oreo Mini,Food,2.0,1,2.0,2.0
Earle Asphalt,Earle Asphalt x1371,SunChips Multigrain - Harvest Cheddar,Food,1.5,1,1.5,1.5
Earle Asphalt,Earle Asphalt x1371,CheezIt - Original,Food,1.25,1,1.25,1.25
EB Public Library,EB Public Library x1380,Spindrift - Sparkling Water - Pineapple,Carbonated,1.5,1,1.5,1.5
EB Public Library,EB Public Library x1380,Keto Krisp - Almond/Chocolate,Carbonated,2.0,1,2.0,2.0
EB Public Library,EB Public Library x1380,Iberia Coconut Water,Non Carbonated,2.0,1,2.0,4.0
EB Public Library,EB Public Library x1380,Autumns Granola Bar - Cinnamon Almond,Food,2.0,1,2.0,4.0
GuttenPlans,GuttenPlans x1367,KitKat - Crisp Wafers,Food,2.0,1,2.0,2.0
Earle Asphalt,Earle Asphalt x1371,Robert Irvine's - Fit Crunch -  Chocolate Pea,Food,2.0,1,2.0,2.0
EB Public Library,EB Public Library x1380,Iberia Coconut Water,Non Carbonated,2.0,1,2.0,2.0
EB Public Library,EB Public Library x1380,CheezIt - Original,Food,1.25,1,1.25,1.25
EB Public Library,EB Public Library x1380,Honest Tea - Berry Hibiscus,Non Carbonated,2.75,1,2.75,4.25
EB Public Library,EB Public Library x1380,SunChips Multigrain - Salsa,Food,1.5,1,1.5,4.25
EB Public Library,EB Public Library x1380,SunChips Multigrain - Harvest Cheddar,Food,1.5,1,1.5,1.5
EB Public Library,EB Public Library x1380,CheezIt - Original,Food,1.25,1,1.25,1.25
EB Public Library,EB Public Library x1380,RXBAR - Protein Bar - Peanut Butter,Food,2.0,1,2.0,2.0
EB Public Library,EB Public Library x1380,Good Health Veggie Stix - Sea Salt,Food,1.5,1,1.5,1.5
EB Public Library,EB Public Library x1380,SunChips Multigrain - French Onion,Food,1.5,1,1.5,1.5
GuttenPlans,GuttenPlans x1367,Doritos Famin Hot Nacho,Food,1.5,1,1.5,1.5
GuttenPlans,GuttenPlans x1367,Doritos Famin Hot Nacho,Food,1.5,1,1.5,1.5
GuttenPlans,GuttenPlans x1367,Monster Energy Original,Carbonated,3.25,1,3.25,3.25
GuttenPlans,GuttenPlans x1367,Coca Cola - Zero Sugar,Carbonated,1.0,1,1.0,1.0
GuttenPlans,GuttenPlans x1367,Sunkist Soda - Orange,Carbonated,1.0,1,1.0,1.0
GuttenPlans,GuttenPlans x1367,Sunkist Soda - Orange,Carbonated,1.0,1,1.0,1.0
GuttenPlans,GuttenPlans x1367,Sunkist Soda - Orange,Carbonated,1.0,1,1.0,1.0
GuttenPlans,GuttenPlans x1367,Monster Energy Original,Carbonated,3.25,1,3.25,3.25
GuttenPlans,GuttenPlans x1367,Sunkist Soda - Orange,Carbonated,1.0,1,1.0,1.0
GuttenPlans,GuttenPlans x1367,Sunkist Soda - Orange,Carbonated,1.0,1,1.0,1.0
GuttenPlans,GuttenPlans x1367,Sunkist Soda - Orange,Carbonated,1.0,1,1.0,1.0
GuttenPlans,GuttenPlans x1367,Sunkist Soda - Orange,Carbonated,1.0,1,1.0,1.0
GuttenPlans,GuttenPlans x1367,Sunkist Soda - Orange,Carbonated,1.0,1,1.0,1.0
GuttenPlans,GuttenPlans x1367,KitKat - Crisp Wafers,Food,2.0,1,2.0,2.0
GuttenPlans,GuttenPlans x1367,KitKat - Crisp Wafers,Food,2.0,1,2.0,2.0
GuttenPlans,GuttenPlans x1367,Stretch Island Fruit Leathers Snacks - Variet,Food,1.0,1,1.0,1.0
GuttenPlans,GuttenPlans x1367,Monster Energy Original,Carbonated,3.25,1,3.25,3.25
EB Public Library,EB Public Library x1380,Coca Cola - Zero Sugar,Carbonated,1.5,2,3.0,3.0
Earle Asphalt,Earle Asphalt x1371,SunChips Multigrain - Harvest Cheddar,Food,1.5,1,1.5,1.5
Brunswick Sq Mall,BSQ Mall x1364 - Zales,Snapple Diet Tea - Peach Tea,Non Carbonated,2.5,1,2.5,2.5
Brunswick Sq Mall,BSQ Mall x1364 - Zales,Wonderful Pistachios - Variety,Food,2.0,1,2.0,2.0
EB Public Library,EB Public Library x1380,Starbucks Doubleshot Energy - Mocha,Non Carbonated,3.5,1,3.5,3.5
EB Public Library,EB Public Library x1380,Starbucks Doubleshot Energy - Mocha,Non Carbonated,3.5,1,3.5,3.5
Earle Asphalt,Earle Asphalt x1371,Robert Irvine's - Fit Crunch -  Chocolate Pea,Food,2.0,1,2.0,2.0
Earle Asphalt,Earle Asphalt x1371,Wonderful Pistachios - Variety,Food,2.0,1,2.0,2.0
EB Public Library,EB Public Library x1380,Miss Vickie's Potato Chip - Lime & Cracked Pe,Food,1.5,1,1.5,1.5
EB Public Library,EB Public Library x1380,Lenny & Larrys - SnickerDoodle,Food,2.25,1,2.25,2.25
EB Public Library,EB Public Library x1380,Poland Springs Water,Water,1.5,1,1.5,1.5
EB Public Library,EB Public Library x1380,Bai Antioxidant - Zambia Bingcherry,Non Carbonated,2.75,1,2.75,2.75
EB Public Library,EB Public Library x1380,Hungry Buddha - Coconut Cocoa,Food,2.0,1,2.0,2.0
Earle Asphalt,Earle Asphalt x1371,Robert Irvine's - Fit Crunch -  Chocolate Pea,Food,2.0,1,2.0,2.0
EB Public Library,EB Public Library x1380,Starbucks Doubleshot Energy - Mocha,Non Carbonated,3.5,1,3.5,3.5
GuttenPlans,GuttenPlans x1367,Sunkist Soda - Orange,Carbonated,1.0,1,1.0,1.0
GuttenPlans,GuttenPlans x1367,Monster Energy Original,Carbonated,3.25,1,3.25,3.25
EB Public Library,EB Public Library x1380,Genius Keto Bar - Chocolate Dream,Food,2.0,1,2.0,2.0
EB Public Library,EB Public Library x1380,Iberia Coconut Water,Non Carbonated,2.0,1,2.0,2.0
EB Public Library,EB Public Library x1380,Oreo Mini,Food,2.0,1,2.0,2.0
GuttenPlans,GuttenPlans x1367,Doritos Dinamita Chile Lemon,,1.5,1,1.5,1.5
GuttenPlans,GuttenPlans x1367,SunChips Multigrain - Original,Food,1.5,1,1.5,1.5
EB Public Library,EB Public Library x1380,Seapoint Farms Dry Roasted Edamame - Wasabi,Food,2.5,1,2.5,2.5
GuttenPlans,GuttenPlans x1367,KitKat - Crisp Wafers,Food,2.0,1,2.0,2.0
GuttenPlans,GuttenPlans x1367,Snapple Diet Tea - Peach Tea,Non Carbonated,2.5,1,2.5,2.5
GuttenPlans,GuttenPlans x1367,Monster Energy Original,Carbonated,3.25,1,3.25,3.25
EB Public Library,EB Public Library x1380,Spindrift - Sparkling Water - Pineapple,Carbonated,1.5,1,1.5,1.5
Earle Asphalt,Earle Asphalt x1371,SunChips Multigrain - Harvest Cheddar,Food,1.5,1,1.5,1.5
EB Public Library,EB Public Library x1380,Lenny & Larrys - SnickerDoodle,Food,2.25,1,2.25,2.25
EB Public Library,EB Public Library x1380,RXBAR - Protein Bar - Chocolate Sea Salt,Food,2.0,1,2.0,2.0
EB Public Library,EB Public Library x1380,Coca Cola - Zero Sugar,Carbonated,1.5,1,1.5,1.5
Earle Asphalt,Earle Asphalt x1371,Wonderful Pistachios - Variety,Food,2.0,1,2.0,2.0
EB Public Library,EB Public Library x1380,Iberia Coconut Water,Non Carbonated,2.0,1,2.0,4.0
EB Public Library,EB Public Library x1380,Oreo Mini,Food,2.0,1,2.0,4.0
EB Public Library,EB Public Library x1380,Keto Krisp - Almond/Chocolate,Carbonated,2.0,1,2.0,3.5
EB Public Library,EB Public Library x1380,Spindrift - Sparkling Water - Pineapple,Carbonated,1.5,1,1.5,3.5
Earle Asphalt,Earle Asphalt x1371,Kinder - Bueno - Crispy Creamy Chocolate,Food,2.0,1,2.0,2.0
EB Public Library,EB Public Library x1380,Iberia Coconut Water,Non Carbonated,2.0,1,2.0,4.0
EB Public Library,EB Public Library x1380,Autumns Granola Bar - Cinnamon Almond,Food,2.0,1,2.0,4.0
Earle Asphalt,Earle Asphalt x1371,Wonderful Pistachios - Variety,Food,2.0,1,2.0,2.0
EB Public Library,EB Public Library x1380,Belvita Snack Bites - Cinnamon BS Go Paks,Food,3.0,1,3.0,3.0
GuttenPlans,GuttenPlans x1367,Doritos Famin Hot Nacho,Food,1.5,1,1.5,3.5
GuttenPlans,GuttenPlans x1367,KitKat - Crisp Wafers,Food,2.0,1,2.0,3.5
EB Public Library,EB Public Library x1380,RXBAR - Protein Bar - Chocolate Sea Salt,Food,2.0,1,2.0,2.0
EB Public Library,EB Public Library x1380,Spindrift - Sparkling Water - Pineapple,Carbonated,1.5,1,1.5,1.5
GuttenPlans,GuttenPlans x1367,KitKat - Crisp Wafers,Food,2.0,1,2.0,2.0
GuttenPlans,GuttenPlans x1367,Snapple Diet Tea - Lemon,Non Carbonated,2.5,1,2.5,2.5
GuttenPlans,GuttenPlans x1367,Doritos Famin Hot Nacho,Food,1.5,1,1.5,1.5
GuttenPlans,GuttenPlans x1367,KitKat - Crisp Wafers,Food,2.0,1,2.0,2.0
Brunswick Sq Mall,BSQ Mall x1364 - Zales,Oreo Mini,Food,2.0,1,2.0,2.0
EB Public Library,EB Public Library x1380,Honest Tea - Berry Hibiscus,Non Carbonated,2.75,1,2.75,2.75
GuttenPlans,GuttenPlans x1367,Doritos Famin Hot Nacho,Food,1.5,1,1.5,1.5
EB Public Library,EB Public Library x1380,Poland Springs Water,Water,1.5,1,1.5,3.0
EB Public Library,EB Public Library x1380,Coca Cola - Zero Sugar,Carbonated,1.5,1,1.5,3.0
GuttenPlans,GuttenPlans x1367,Monster Energy Original,Carbonated,3.25,1,3.25,3.25
GuttenPlans,GuttenPlans x1367,Snapple Diet Tea - Peach Tea,Non Carbonated,2.5,1,2.5,2.5
GuttenPlans,GuttenPlans x1367,Doritos Dinamita Chile Lemon,,1.5,1,1.5,1.5
Earle Asphalt,Earle Asphalt x1371,Wonderful Pistachios - Variety,Food,2.0,1,2.0,3.25
Earle Asphalt,Earle Asphalt x1371,CheezIt - Original,Food,1.25,1,1.25,3.25
GuttenPlans,GuttenPlans x1367,Monster Energy Original,Carbonated,3.25,1,3.25,3.25
GuttenPlans,GuttenPlans x1367,Stretch Island Fruit Leathers Snacks - Variet,Food,1.0,1,1.0,1.0
Earle Asphalt,Earle Asphalt x1371,Wonderful Pistachios - Variety,Food,2.0,1,2.0,2.0
EB Public Library,EB Public Library x1380,Iberia Coconut Water,Non Carbonated,2.0,1,2.0,2.0
EB Public Library,EB Public Library x1380,Coca Cola - Zero Sugar,Carbonated,1.5,1,1.5,1.5
GuttenPlans,GuttenPlans x1367,Snapple Diet Tea - Peach Tea,Non Carbonated,2.5,1,2.5,2.5
GuttenPlans,GuttenPlans x1367,Snapple Diet Tea - Peach Tea,Non Carbonated,2.5,1,2.5,2.5
EB Public Library,EB Public Library x1380,Good Health Veggie Stix - Sea Salt,Food,1.5,2,3.0,3.0
Brunswick Sq Mall,BSQ Mall x1366 - ATT,Snapple Diet Tea - Raspberry,Non Carbonated,2.5,1,2.5,4.0
Brunswick Sq Mall,BSQ Mall x1366 - ATT,Takis - Hot Chilli Pepper & Lime,Food,1.5,1,1.5,4.0
GuttenPlans,GuttenPlans x1367,Snapple Diet Tea - Peach Tea,Non Carbonated,2.5,1,2.5,2.5
GuttenPlans,GuttenPlans x1367,Sunkist Soda - Orange,Carbonated,1.0,1,1.0,1.0
GuttenPlans,GuttenPlans x1367,Red Bull - Original,Carbonated,3.5,1,3.5,3.5
GuttenPlans,GuttenPlans x1367,Sunkist Soda - Orange,Carbonated,1.0,1,1.0,1.0
GuttenPlans,GuttenPlans x1367,Sunkist Soda - Orange,Carbonated,1.0,1,1.0,1.0
GuttenPlans,GuttenPlans x1367,Snapple Diet Tea - Peach Tea,Non Carbonated,2.5,1,2.5,2.5
GuttenPlans,GuttenPlans x1367,Coca Cola - Zero Sugar,Carbonated,1.5,1,1.5,1.5
GuttenPlans,GuttenPlans x1367,Monster Energy Original,Carbonated,3.0,1,3.0,3.0
GuttenPlans,GuttenPlans x1367,Pop Corners - Kettle Corn,Food,1.5,1,1.5,1.5
GuttenPlans,GuttenPlans x1367,Sunkist Soda - Orange,Carbonated,1.0,1,1.0,1.0
EB Public Library,EB Public Library x1380,Good Health Veggie Stix - Sea Salt,Food,1.5,1,1.5,1.5
EB Public Library,EB Public Library x1380,SunChips Multigrain - Salsa,Food,1.5,1,1.5,1.5
GuttenPlans,GuttenPlans x1367,Monster Energy Original,Carbonated,3.0,1,3.0,3.0
GuttenPlans,GuttenPlans x1367,Monster Energy Original,Carbonated,3.0,1,3.0,3.0
EB Public Library,EB Public Library x1380,Oreo Mini,Food,2.0,1,2.0,3.5
EB Public Library,EB Public Library x1380,Miss Vickie's Potato Chip - Lime & Cracked Pe,Food,1.5,1,1.5,3.5
EB Public Library,EB Public Library x1380,Coca Cola - Zero Sugar,Carbonated,1.5,1,1.5,1.5
Brunswick Sq Mall,BSQ Mall x1364 - Zales,Poland Springs Water,Water,1.5,1,1.5,1.5
Brunswick Sq Mall,BSQ Mall x1364 - Zales,Oreo Mini,Food,2.0,1,2.0,2.0
GuttenPlans,GuttenPlans x1367,KitKat - Crisp Wafers,Food,2.0,1,2.0,2.0
EB Public Library,EB Public Library x1380,Poland Springs Water,Water,1.5,1,1.5,1.5
Brunswick Sq Mall,BSQ Mall x1366 - ATT,SunChips Multigrain - Original,Food,1.5,1,1.5,1.5
Brunswick Sq Mall,BSQ Mall x1366 - ATT,SunChips Multigrain - Original,Food,1.5,1,1.5,1.5
Brunswick Sq Mall,BSQ Mall x1366 - ATT,Newtons Fig Bar,Food,2.0,1,2.0,2.0
Brunswick Sq Mall,BSQ Mall x1364 - Zales,Snapple Diet Tea - Peach Tea,Non Carbonated,2.5,1,2.5,2.5
Brunswick Sq Mall,BSQ Mall x1364 - Zales,KitKat - Crisp Wafers,Food,2.0,1,2.0,2.0
Brunswick Sq Mall,BSQ Mall x1364 - Zales,Cheetos Baked - Crunchy Cheese,Food,1.5,1,1.5,1.5
Brunswick Sq Mall,BSQ Mall x1366 - ATT,Starbucks Refresher - Real Coconut Water,Carbonated,3.5,1,3.5,3.5
Brunswick Sq Mall,BSQ Mall x1364 - Zales,Poland Springs Water,Water,1.5,1,1.5,1.5
Brunswick Sq Mall,BSQ Mall x1364 - Zales,Poland Springs Water,Water,1.5,1,1.5,1.5
Brunswick Sq Mall,BSQ Mall x1366 - ATT,S. Pellegrino Sparkling Mineral Water,Water,2.0,1,2.0,2.0
EB Public Library,EB Public Library x1380,Bai Antioxidant - Kupang strawberry kiwi,Non Carbonated,2.75,1,2.75,2.75
EB Public Library,EB Public Library x1380,Belvita Snack Packs - Blueberry,Food,1.5,1,1.5,1.5
Brunswick Sq Mall,BSQ Mall x1364 - Zales,Coca Cola - Zero Sugar,Carbonated,1.5,1,1.5,1.5
Earle Asphalt,Earle Asphalt x1371,Wonderful Pistachios - Variety,Food,2.0,1,2.0,2.0
GuttenPlans,GuttenPlans x1367,Snapple Diet Tea - Peach Tea,Non Carbonated,2.5,1,2.5,2.5
Earle Asphalt,Earle Asphalt x1371,Wonderful Pistachios - Variety,Food,2.0,1,2.0,2.0
Brunswick Sq Mall,BSQ Mall x1366 - ATT,CheezIt - Original,Food,1.25,1,1.25,1.25
Earle Asphalt,Earle Asphalt x1371,Miss Vickie's Potato Chip - Jalapeno,Food,1.5,1,1.5,1.5
Earle Asphalt,Earle Asphalt x1371,CheezIt - Original,Food,1.25,1,1.25,1.25
EB Public Library,EB Public Library x1380,Poland Springs Water,Water,1.5,1,1.5,1.5
Earle Asphalt,Earle Asphalt x1371,Wonderful Pistachios - Variety,Food,2.0,1,2.0,2.0
Brunswick Sq Mall,BSQ Mall x1364 - Zales,Poland Springs Water,Water,1.5,1,1.5,1.5
GuttenPlans,GuttenPlans x1367,Snapple Tea - Raspberry,Non Carbonated,2.5,1,2.5,4.0
GuttenPlans,GuttenPlans x1367,Quaker Caramel Rice Crisps,Food,1.5,1,1.5,4.0
EB Public Library,EB Public Library x1380,Spindrift - Sparkling Water - Pineapple,Carbonated,1.5,1,1.5,1.5
EB Public Library,EB Public Library x1380,RXBAR - Protein Bar - Peanut Butter,Food,2.0,1,2.0,2.0
EB Public Library,EB Public Library x1380,Miss Vickie's Potato Chip - Lime & Cracked Pe,Food,1.5,1,1.5,1.5
GuttenPlans,GuttenPlans x1367,Snapple Diet Tea - Lemon,Non Carbonated,2.5,1,2.5,2.5
EB Public Library,EB Public Library x1380,Oreo Mini,Food,2.0,1,2.0,2.0
EB Public Library,EB Public Library x1380,Oreo Mini,Food,2.0,1,2.0,2.0
EB Public Library,EB Public Library x1380,SunChips Multigrain - Salsa,Food,1.5,1,1.5,1.5
EB Public Library,EB Public Library x1380,Belvita Snack Packs - Chocolate,Food,1.5,1,1.5,1.5
GuttenPlans,GuttenPlans x1367,Monster Energy Original,Carbonated,3.0,1,3.0,3.0
GuttenPlans,GuttenPlans x1367,Sunkist Soda - Orange,Carbonated,1.0,1,1.0,1.0
EB Public Library,EB Public Library x1380,Lenny & Larrys - SnickerDoodle,Food,2.25,1,2.25,2.25
EB Public Library,EB Public Library x1380,Genius Keto Bar - Chocolate Dream,Food,2.0,1,2.0,2.0
GuttenPlans,GuttenPlans x1367,Pop Corners - Sea Salt,Food,1.5,1,1.5,1.5
GuttenPlans,GuttenPlans x1367,Pop Corners - Kettle Corn,Food,1.5,1,1.5,3.5
GuttenPlans,GuttenPlans x1367,KitKat - Crisp Wafers,Food,2.0,1,2.0,3.5
GuttenPlans,GuttenPlans x1367,Snapple Diet Tea - Lemon,Non Carbonated,2.5,1,2.5,2.5
GuttenPlans,GuttenPlans x1367,Monster Energy Original,Carbonated,3.0,1,3.0,3.0
GuttenPlans,GuttenPlans x1367,Sunkist Soda - Orange,Carbonated,1.0,1,1.0,1.0
GuttenPlans,GuttenPlans x1367,Sunkist Soda - Orange,Carbonated,1.0,1,1.0,1.0
GuttenPlans,GuttenPlans x1367,Sunkist Soda - Orange,Carbonated,1.0,1,1.0,1.0
Brunswick Sq Mall,BSQ Mall x1364 - Zales,Snapple Diet Tea - Peach Tea,Non Carbonated,2.5,1,2.5,2.5
GuttenPlans,GuttenPlans x1367,KitKat - Crisp Wafers,Food,2.0,1,2.0,2.0
GuttenPlans,GuttenPlans x1367,Pop Corners - Spicy Queso,Food,1.5,1,1.5,4.5
GuttenPlans,GuttenPlans x1367,Quaker Caramel Rice Crisps,Food,1.5,1,1.5,4.5
GuttenPlans,GuttenPlans x1367,Cheetos - Fleming Hot Crunchy,Food,1.5,1,1.5,4.5
Earle Asphalt,Earle Asphalt x1371,Miss Vickie's Potato Chip - Smokehouse BBQ,Food,1.5,1,1.5,1.5
EB Public Library,EB Public Library x1380,Oreo Mini,Food,2.0,1,2.0,2.0
EB Public Library,EB Public Library x1380,Keto Krisp - Almond Butter,Carbonated,2.0,1,2.0,2.0
EB Public Library,EB Public Library x1380,Spindrift - Sparkling Water - Pineapple,Carbonated,1.5,1,1.5,1.5
EB Public Library,EB Public Library x1380,Bai Antioxidant - Kupang strawberry kiwi,Non Carbonated,2.75,1,2.75,2.75
EB Public Library,EB Public Library x1380,RXBAR - Protein Bar - Peanut Butter,Food,2.0,1,2.0,2.0
EB Public Library,EB Public Library x1380,Genius Keto Bar - Chocolate Dream,Food,2.0,1,2.0,2.0
EB Public Library,EB Public Library x1380,Oreo Mini,Food,2.0,1,2.0,2.0
EB Public Library,EB Public Library x1380,SunChips Multigrain - Harvest Cheddar,Food,1.5,1,1.5,1.5
EB Public Library,EB Public Library x1380,Oreo Mini,Food,2.0,1,2.0,2.0
EB Public Library,EB Public Library x1380,Oreo Mini,Food,2.0,1,2.0,2.0
EB Public Library,EB Public Library x1380,Spindrift - Sparkling Water - Pineapple,Carbonated,1.5,1,1.5,1.5
EB Public Library,EB Public Library x1380,RXBAR - Protein Bar - Peanut Butter,Food,2.0,1,2.0,2.0
EB Public Library,EB Public Library x1380,Belvita Snack Packs - Chocolate,Food,1.5,1,1.5,1.5
GuttenPlans,GuttenPlans x1367,Red Bull - Original,Carbonated,3.5,1,3.5,3.5
EB Public Library,EB Public Library x1380,Poland Springs Water,Water,1.5,1,1.5,1.5
EB Public Library,EB Public Library x1380,SunChips Multigrain - Harvest Cheddar,Food,1.5,1,1.5,1.5
Brunswick Sq Mall,BSQ Mall x1364 - Zales,Bubly - Blackberry,Water,1.5,1,1.5,1.5
EB Public Library,EB Public Library x1380,SunChips Multigrain - Salsa,Food,1.5,1,1.5,1.5
EB Public Library,EB Public Library x1380,Starbucks Doubleshot Energy - Mocha,Non Carbonated,3.5,1,3.5,3.5
Brunswick Sq Mall,BSQ Mall x1366 - ATT,Takis - Hot Chilli Pepper & Lime,Food,1.5,1,1.5,1.5
EB Public Library,EB Public Library x1380,Lenny & Larrys - SnickerDoodle,Food,2.25,1,2.25,2.25
Brunswick Sq Mall,BSQ Mall x1366 - ATT,Monster Energy Original,Carbonated,3.0,1,3.0,3.0
Brunswick Sq Mall,BSQ Mall x1366 - ATT,S. Pellegrino Sparkling Mineral Water,Water,2.0,1,2.0,2.0
EB Public Library,EB Public Library x1380,Lenny & Larrys - SnickerDoodle,Food,2.25,1,2.25,2.25
Brunswick Sq Mall,BSQ Mall x1366 - ATT,KitKat - Crisp Wafers,Food,2.0,1,2.0,2.0
Brunswick Sq Mall,BSQ Mall x1366 - ATT,Takis - Hot Chilli Pepper & Lime,Food,1.5,1,1.5,1.5
Brunswick Sq Mall,BSQ Mall x1366 - ATT,Takis - Hot Chilli Pepper & Lime,Food,1.5,1,1.5,1.5
Brunswick Sq Mall,BSQ Mall x1366 - ATT,S. Pellegrino Sparkling Mineral Water,Water,2.0,1,2.0,2.0
GuttenPlans,GuttenPlans x1367,Pop Corners - Spicy Queso,Food,1.5,1,1.5,1.5
GuttenPlans,GuttenPlans x1367,Pop Corners - Spicy Queso,Food,1.5,1,1.5,1.5
EB Public Library,EB Public Library x1380,Poland Springs Water,Water,1.5,1,1.5,1.5
Brunswick Sq Mall,BSQ Mall x1364 - Zales,SunChips Multigrain - Salsa,Food,1.5,1,1.5,1.5
Brunswick Sq Mall,BSQ Mall x1364 - Zales,Monster Energy Original,Carbonated,3.0,1,3.0,3.0
EB Public Library,EB Public Library x1380,Poland Springs Water,Water,1.5,1,1.5,1.5
EB Public Library,EB Public Library x1380,Poland Springs Water,Water,1.5,1,1.5,1.5
EB Public Library,EB Public Library x1380,SunChips Multigrain - Harvest Cheddar,Food,1.5,1,1.5,1.5
EB Public Library,EB Public Library x1380,CheezIt - Original,Food,1.25,1,1.25,1.25
EB Public Library,EB Public Library x1380,Keto Krisp - Almond Butter,Carbonated,2.0,1,2.0,2.0
Earle Asphalt,Earle Asphalt x1371,SunChips Multigrain - Harvest Cheddar,Food,1.5,1,1.5,1.5
GuttenPlans,GuttenPlans x1367,Snapple Tea - Raspberry,Non Carbonated,2.5,1,2.5,3.5
GuttenPlans,GuttenPlans x1367,Quaker Apple Cinnamon Rice Crisps,Food,1.0,1,1.0,3.5
EB Public Library,EB Public Library x1380,Robert Irvine's - Fit Crunch -  Chocolate Pea,Food,2.0,1,2.0,2.0
EB Public Library,EB Public Library x1380,Poland Springs Water,Water,1.5,1,1.5,1.5
EB Public Library,EB Public Library x1380,RXBAR - Protein Bar - Chocolate Sea Salt,Food,2.0,1,2.0,2.0
Earle Asphalt,Earle Asphalt x1371,Robert Irvine's - Fit Crunch -  Chocolate Pea,Food,2.0,1,2.0,2.0
EB Public Library,EB Public Library x1380,Starbucks Doubleshot Energy - Mocha,Non Carbonated,3.5,1,3.5,3.5
GuttenPlans,GuttenPlans x1367,Sunkist Soda - Orange,Carbonated,1.0,1,1.0,1.0
GuttenPlans,GuttenPlans x1367,Monster Energy Original,Carbonated,3.0,1,3.0,3.0
Brunswick Sq Mall,BSQ Mall x1366 - ATT,S. Pellegrino Sparkling Mineral Water,Water,2.0,1,2.0,2.0
Brunswick Sq Mall,BSQ Mall x1366 - ATT,S. Pellegrino Sparkling Mineral Water,Water,2.0,1,2.0,2.0
Brunswick Sq Mall,BSQ Mall x1366 - ATT,KitKat - Crisp Wafers,Food,2.0,1,2.0,2.0
GuttenPlans,GuttenPlans x1367,Snapple Diet Tea - Lemon,Non Carbonated,2.5,1,2.5,2.5
Earle Asphalt,Earle Asphalt x1371,SunChips Multigrain - Harvest Cheddar,Food,1.5,1,1.5,1.5
Earle Asphalt,Earle Asphalt x1371,Robert Irvine's - Fit Crunch -  Chocolate Pea,Food,2.0,1,2.0,2.0
GuttenPlans,GuttenPlans x1367,Monster Energy Original,Carbonated,3.0,1,3.0,3.0
EB Public Library,EB Public Library x1380,Coca Cola - Zero Sugar,Carbonated,1.5,1,1.5,1.5
EB Public Library,EB Public Library x1380,Bai Antioxidant - Tanzania Lemon Super Tea,Non Carbonated,2.75,1,2.75,2.75
GuttenPlans,GuttenPlans x1367,Red Bull - Original,Carbonated,3.5,1,3.5,3.5
EB Public Library,EB Public Library x1380,Lenny & Larrys - SnickerDoodle,Food,2.25,1,2.25,2.25
Brunswick Sq Mall,BSQ Mall x1366 - ATT,S. Pellegrino Sparkling Mineral Water,Water,2.0,1,2.0,2.0
Brunswick Sq Mall,BSQ Mall x1366 - ATT,S. Pellegrino Sparkling Mineral Water,Water,2.0,1,2.0,2.0
Brunswick Sq Mall,BSQ Mall x1366 - ATT,S. Pellegrino Sparkling Mineral Water,Water,2.0,1,2.0,2.0
GuttenPlans,GuttenPlans x1367,Red Bull - Original,Carbonated,3.5,1,3.5,3.5
GuttenPlans,GuttenPlans x1367,Good Health Veggie Stix - Zesty Ranch,Food,1.5,1,1.5,1.5
GuttenPlans,GuttenPlans x1367,Sunkist Soda - Orange,Carbonated,1.0,1,1.0,1.0
GuttenPlans,GuttenPlans x1367,Snapple Tea - Raspberry,Non Carbonated,2.5,1,2.5,2.5
GuttenPlans,GuttenPlans x1367,Monster Energy Original,Carbonated,3.0,1,3.0,3.0
GuttenPlans,GuttenPlans x1367,Good Health Veggie Stix - Zesty Ranch,Food,1.5,1,1.5,1.5
GuttenPlans,GuttenPlans x1367,Cheetos Flaming Hot Limon Crunchy,Food,1.5,1,1.5,1.5
GuttenPlans,GuttenPlans x1367,Coca Cola - Zero Sugar,Carbonated,1.5,1,1.5,1.5
GuttenPlans,GuttenPlans x1367,Coca Cola - Zero Sugar,Carbonated,1.5,1,1.5,1.5
GuttenPlans,GuttenPlans x1367,Sunkist Soda - Orange,Carbonated,1.0,1,1.0,1.0
GuttenPlans,GuttenPlans x1367,Coca Cola - Zero Sugar,Carbonated,1.5,1,1.5,1.5
GuttenPlans,GuttenPlans x1367,Coca Cola - Zero Sugar,Carbonated,1.5,1,1.5,1.5
GuttenPlans,GuttenPlans x1367,Red Bull - Original,Carbonated,3.5,1,3.5,3.5
GuttenPlans,GuttenPlans x1367,Monster Energy Original,Carbonated,3.0,1,3.0,3.0
GuttenPlans,GuttenPlans x1367,Pop Corners - Kettle Corn,Food,1.5,1,1.5,1.5
Earle Asphalt,Earle Asphalt x1371,Miss Vickie's Potato Chip - Smokehouse BBQ,Food,1.5,1,1.5,1.5
Earle Asphalt,Earle Asphalt x1371,SunChips Multigrain - Harvest Cheddar,Food,1.5,1,1.5,1.5
EB Public Library,EB Public Library x1380,Miss Vickie's Potato Chip - Lime & Cracked Pe,Food,1.5,1,1.5,1.5
Brunswick Sq Mall,BSQ Mall x1366 - ATT,Cheetos Baked - Flaming Hot,Food,1.5,1,1.5,1.5
EB Public Library,EB Public Library x1380,Robert Irvine's - Fit Crunch -  Chocolate Pea,Food,2.0,1,2.0,2.0
EB Public Library,EB Public Library x1380,Coca Cola - Zero Sugar,Carbonated,1.5,1,1.5,1.5
GuttenPlans,GuttenPlans x1367,Monster Energy Original,Carbonated,3.0,1,3.0,3.0
GuttenPlans,GuttenPlans x1367,Red Bull - Original,Carbonated,3.5,1,3.5,3.5
EB Public Library,EB Public Library x1380,Bai Antioxidant - Tanzania Lemon Super Tea,Non Carbonated,2.75,1,2.75,2.75
EB Public Library,EB Public Library x1380,Bai Antioxidant - Tanzania Lemon Super Tea,Non Carbonated,2.75,1,2.75,2.75
EB Public Library,EB Public Library x1380,SunChips Multigrain - French Onion,Food,1.5,1,1.5,1.5
EB Public Library,EB Public Library x1380,SunChips Multigrain - French Onion,Food,1.5,1,1.5,1.5
EB Public Library,EB Public Library x1380,SunChips Multigrain - Salsa,Food,1.5,1,1.5,1.5
EB Public Library,EB Public Library x1380,Belvita Snack Packs - Chocolate,Food,1.5,1,1.5,1.5
EB Public Library,EB Public Library x1380,RXBAR - Protein Bar - Chocolate Sea Salt,Food,2.0,1,2.0,2.0
GuttenPlans,GuttenPlans x1367,Snapple Tea - Raspberry,Non Carbonated,2.5,1,2.5,2.5
EB Public Library,EB Public Library x1380,Seapoint Farms Dry Roasted Edamame - Wasabi,Food,2.5,1,2.5,2.5
GuttenPlans,GuttenPlans x1367,Red Bull - Original,Carbonated,3.5,1,3.5,3.5
EB Public Library,EB Public Library x1380,SunChips Multigrain - Harvest Cheddar,Food,1.5,1,1.5,1.5
GuttenPlans,GuttenPlans x1367,Coca Cola - Zero Sugar,Carbonated,1.5,1,1.5,1.5
Brunswick Sq Mall,BSQ Mall x1364 - Zales,Monster Energy Original,Carbonated,3.0,1,3.0,3.0
GuttenPlans,GuttenPlans x1367,Sunkist Soda - Orange,Carbonated,1.0,1,1.0,1.0
GuttenPlans,GuttenPlans x1367,Monster Energy Original,Carbonated,3.0,1,3.0,3.0
Brunswick Sq Mall,BSQ Mall x1364 - Zales,Cheetos Baked - Crunchy Cheese,Food,1.5,1,1.5,3.5
Brunswick Sq Mall,BSQ Mall x1364 - Zales,Oreo Mini,Food,2.0,1,2.0,3.5
Brunswick Sq Mall,BSQ Mall x1364 - Zales,SunChips Multigrain - Harvest Cheddar,Food,1.5,1,1.5,1.5
GuttenPlans,GuttenPlans x1367,Quaker ButterMilk Ranch Rice Crisps,Food,1.0,1,1.0,1.0
GuttenPlans,GuttenPlans x1367,Coca Cola - Zero Sugar,Carbonated,1.5,1,1.5,1.5
GuttenPlans,GuttenPlans x1367,Pop Corners - Sea Salt,Food,1.5,1,1.5,1.5
GuttenPlans,GuttenPlans x1367,Red Bull - Original,Carbonated,3.5,1,3.5,3.5
GuttenPlans,GuttenPlans x1367,Snapple Diet Tea - Lemon,Non Carbonated,2.5,1,2.5,2.5
GuttenPlans,GuttenPlans x1367,Cheetos Flaming Hot Limon Crunchy,Food,1.5,1,1.5,1.5
GuttenPlans,GuttenPlans x1367,Snapple Tea - Raspberry,Non Carbonated,2.5,1,2.5,2.5
GuttenPlans,GuttenPlans x1367,Coca Cola - Zero Sugar,Carbonated,1.5,1,1.5,1.5
GuttenPlans,GuttenPlans x1367,Coca Cola - Zero Sugar,Carbonated,1.5,1,1.5,1.5
Brunswick Sq Mall,BSQ Mall x1366 - ATT,KitKat - Crisp Wafers,Food,2.0,1,2.0,2.0
GuttenPlans,GuttenPlans x1367,Coca Cola - Zero Sugar,Carbonated,1.5,1,1.5,1.5
Earle Asphalt,Earle Asphalt x1371,SunChips Multigrain - Harvest Cheddar,Food,1.5,1,1.5,1.5
GuttenPlans,GuttenPlans x1367,Red Bull - Original,Carbonated,3.5,1,3.5,3.5
Brunswick Sq Mall,BSQ Mall x1364 - Zales,Monster Energy Original,Carbonated,3.0,1,3.0,3.0
GuttenPlans,GuttenPlans x1367,Coca Cola - Zero Sugar,Carbonated,1.5,1,1.5,1.5
GuttenPlans,GuttenPlans x1367,Monster Energy Original,Carbonated,3.0,1,3.0,3.0
GuttenPlans,GuttenPlans x1367,Coca Cola - Zero Sugar,Carbonated,1.5,1,1.5,1.5
Earle Asphalt,Earle Asphalt x1371,Robert Irvine's - Fit Crunch -  Chocolate Pea,Food,2.0,1,2.0,2.0
GuttenPlans,GuttenPlans x1367,Snapple Diet Tea - Lemon,Non Carbonated,2.5,1,2.5,2.5
GuttenPlans,GuttenPlans x1367,Monster Energy Original,Carbonated,3.0,1,3.0,3.0
GuttenPlans,GuttenPlans x1367,Coca Cola - Zero Sugar,Carbonated,1.5,1,1.5,1.5
GuttenPlans,GuttenPlans x1367,Monster Energy Original,Carbonated,3.0,1,3.0,3.0
Brunswick Sq Mall,BSQ Mall x1364 - Zales,SunChips Multigrain - Salsa,Food,1.5,2,3.0,3.0
Brunswick Sq Mall,BSQ Mall x1366 - ATT,SunChips Multigrain - Original,Food,1.5,1,1.5,1.5
GuttenPlans,GuttenPlans x1367,Sunkist Soda - Orange,Carbonated,1.0,1,1.0,1.0
GuttenPlans,GuttenPlans x1367,Monster Energy Original,Carbonated,3.0,1,3.0,3.0
GuttenPlans,GuttenPlans x1367,Coca Cola - Zero Sugar,Carbonated,1.5,1,1.5,1.5
GuttenPlans,GuttenPlans x1367,Sunkist Soda - Orange,Carbonated,1.0,1,1.0,1.0
GuttenPlans,GuttenPlans x1367,Coca Cola - Zero Sugar,Carbonated,1.5,1,1.5,1.5
GuttenPlans,GuttenPlans x1367,Coca Cola - Zero Sugar,Carbonated,1.5,1,1.5,1.5
Brunswick Sq Mall,BSQ Mall x1364 - Zales,Poland Springs Water,Water,1.5,1,1.5,1.5
EB Public Library,EB Public Library x1380,Remedy Kombucha - Ginger Lemon,Carbonated,3.0,1,3.0,3.0
Brunswick Sq Mall,BSQ Mall x1366 - ATT,Good Health Veggie Stix - Sea Salt,Food,1.5,1,1.5,1.5
Brunswick Sq Mall,BSQ Mall x1366 - ATT,Good Health Veggie Stix - Sea Salt,Food,1.5,1,1.5,1.5
Brunswick Sq Mall,BSQ Mall x1364 - Zales,Spindrift - Sparkling Water  Lime,Carbonated,1.5,1,1.5,1.5
Brunswick Sq Mall,BSQ Mall x1364 - Zales,SunChips Multigrain - Salsa,Food,1.5,1,1.5,1.5
EB Public Library,EB Public Library x1380,SunChips Multigrain - Original,Food,1.5,1,1.5,1.5
EB Public Library,EB Public Library x1380,SunChips Multigrain - French Onion,Food,1.5,1,1.5,1.5
EB Public Library,EB Public Library x1380,Spindrift - Sparkling Water - Pineapple,Carbonated,1.5,1,1.5,1.5
Brunswick Sq Mall,BSQ Mall x1366 - ATT,Bai Lemonade - Burundi Blueberry,Non Carbonated,2.5,1,2.5,2.5
Brunswick Sq Mall,BSQ Mall x1364 - Zales,Poland Springs Water,Water,1.5,1,1.5,1.5
Brunswick Sq Mall,BSQ Mall x1364 - Zales,SunChips Multigrain - Salsa,Food,1.5,1,1.5,1.5
Brunswick Sq Mall,BSQ Mall x1366 - ATT,SunChips Multigrain - French Onion,Food,1.5,1,1.5,1.5
Brunswick Sq Mall,BSQ Mall x1364 - Zales,Coca Cola - Zero Sugar,Carbonated,1.5,1,1.5,1.5
EB Public Library,EB Public Library x1380,SunChips Multigrain - Harvest Cheddar,Food,1.5,1,1.5,1.5
EB Public Library,EB Public Library x1380,Lenny & Larrys - SnickerDoodle,Food,2.25,1,2.25,2.25
EB Public Library,EB Public Library x1380,Lenny & Larrys - SnickerDoodle,Food,2.25,1,2.25,2.25
EB Public Library,EB Public Library x1380,SunChips Multigrain - Original,Food,1.5,1,1.5,1.5
EB Public Library,EB Public Library x1380,CheezIt - Original,Food,1.25,1,1.25,1.25
Earle Asphalt,Earle Asphalt x1371,Miss Vickie's Potato Chip - Jalapeno,Food,1.5,1,1.5,1.5
EB Public Library,EB Public Library x1380,RXBAR - Protein Bar - Chocolate Sea Salt,Food,2.0,1,2.0,2.0
EB Public Library,EB Public Library x1380,Belvita Snack Packs - Blueberry,Food,1.5,1,1.5,1.5
Earle Asphalt,Earle Asphalt x1371,CheezIt - Original,Food,1.25,1,1.25,1.25
Brunswick Sq Mall,BSQ Mall x1364 - Zales,Poland Springs Water,Water,1.5,1,1.5,1.5
GuttenPlans,GuttenPlans x1367,Coca Cola - Zero Sugar,Carbonated,1.5,1,1.5,1.5
GuttenPlans,GuttenPlans x1367,Pop Corners - White Cheddar,Food,1.5,1,1.5,1.5
GuttenPlans,GuttenPlans x1367,Coca Cola - Zero Sugar,Carbonated,1.5,1,1.5,1.5
EB Public Library,EB Public Library x1380,Belvita Snack Packs - Blueberry,Food,1.5,1,1.5,1.5
Brunswick Sq Mall,BSQ Mall x1366 - ATT,Bubly - Mango,Carbonated,1.5,1,1.5,1.5
Brunswick Sq Mall,BSQ Mall x1366 - ATT,Snapple Diet Tea - Raspberry,Non Carbonated,2.5,1,2.5,2.5
EB Public Library,EB Public Library x1380,RXBAR - Protein Bar - Chocolate Sea Salt,Food,2.0,1,2.0,2.0
EB Public Library,EB Public Library x1380,SunChips Multigrain - Salsa,Food,1.5,1,1.5,1.5
GuttenPlans,GuttenPlans x1367,Sunkist Soda - Orange,Carbonated,1.0,1,1.0,1.0
Brunswick Sq Mall,BSQ Mall x1364 - Zales,SunChips Multigrain - Harvest Cheddar,Food,1.5,1,1.5,1.5
GuttenPlans,GuttenPlans x1367,Red Bull - Original,Carbonated,3.5,1,3.5,3.5
GuttenPlans,GuttenPlans x1367,Cheetos - Fleming Hot Crunchy,Food,1.5,1,1.5,1.5
Brunswick Sq Mall,BSQ Mall x1366 - ATT,RXBAR - Protein Bar - Chocolate Sea Salt,Food,2.0,1,2.0,2.0
GuttenPlans,GuttenPlans x1367,Cheetos - Fleming Hot Crunchy,Food,1.5,1,1.5,1.5
EB Public Library,EB Public Library x1380,Genius Keto Bar - Chocolate Dream,Food,2.0,1,2.0,2.0
Brunswick Sq Mall,BSQ Mall x1364 - Zales,Poland Springs Water,Water,1.5,1,1.5,1.5
Brunswick Sq Mall,BSQ Mall x1364 - Zales,CheezIt - Original,Food,1.25,1,1.25,1.25
Brunswick Sq Mall,BSQ Mall x1364 - Zales,NuGo Dark Chocolate - Pretzel Sea Salt,Food,2.0,1,2.0,2.0
EB Public Library,EB Public Library x1380,Belvita Snack Packs - Chocolate,Food,1.5,1,1.5,4.5
EB Public Library,EB Public Library x1380,Poland Springs Water,Water,1.5,1,1.5,4.5
EB Public Library,EB Public Library x1380,SunChips Multigrain - Original,Food,1.5,1,1.5,4.5
EB Public Library,EB Public Library x1380,Poland Springs Water,Water,1.5,1,1.5,1.5
GuttenPlans,GuttenPlans x1367,Pop Corners - Spicy Queso,Food,1.5,1,1.5,1.5
GuttenPlans,GuttenPlans x1367,Sunkist Soda - Orange,Carbonated,1.0,1,1.0,1.0
GuttenPlans,GuttenPlans x1367,Sunkist Soda - Orange,Carbonated,1.0,1,1.0,1.0
GuttenPlans,GuttenPlans x1367,Monster Energy Original,Carbonated,3.0,1,3.0,3.0
GuttenPlans,GuttenPlans x1367,Coca Cola - Zero Sugar,Carbonated,1.5,1,1.5,1.5
GuttenPlans,GuttenPlans x1367,Quaker Apple Cinnamon Rice Crisps,Food,1.0,1,1.0,1.0
GuttenPlans,GuttenPlans x1367,Jacks Links Bar Beef Strip,Food,2.0,1,2.0,2.0
GuttenPlans,GuttenPlans x1367,Nutri Grain Apple Cinnamon,Food,1.5,1,1.5,1.5
GuttenPlans,GuttenPlans x1367,Sunkist Soda - Orange,Carbonated,1.0,1,1.0,1.0
GuttenPlans,GuttenPlans x1367,Nutri Grain Apple Cinnamon,Food,1.5,1,1.5,1.5
GuttenPlans,GuttenPlans x1367,Sunkist Soda - Orange,Carbonated,1.0,1,1.0,1.0
GuttenPlans,GuttenPlans x1367,Cheetos Flaming Hot Limon Crunchy,Food,1.5,1,1.5,1.5
GuttenPlans,GuttenPlans x1367,Stretch Island Fruit Leathers Snacks - Variet,Food,1.0,1,1.0,1.0
GuttenPlans,GuttenPlans x1367,Cheetos - Fleming Hot Crunchy,Food,1.5,1,1.5,1.5
GuttenPlans,GuttenPlans x1367,Monster Energy Original,Carbonated,3.0,1,3.0,3.0
GuttenPlans,GuttenPlans x1367,Cheetos Flaming Hot Limon Crunchy,Food,1.5,1,1.5,1.5
GuttenPlans,GuttenPlans x1367,Snapple Diet Tea - Lemon,Non Carbonated,2.5,1,2.5,2.5
GuttenPlans,GuttenPlans x1367,Quaker Caramel Rice Crisps,Food,1.5,2,3.0,5.0
GuttenPlans,GuttenPlans x1367,KitKat - Crisp Wafers,Food,2.0,1,2.0,5.0
Earle Asphalt,Earle Asphalt x1371,CheezIt - Original,Food,1.25,1,1.25,1.25
EB Public Library,EB Public Library x1380,Coca Cola - Zero Sugar,Carbonated,1.5,1,1.5,1.5
EB Public Library,EB Public Library x1380,Coca Cola - Zero Sugar,Carbonated,1.5,1,1.5,1.5
Earle Asphalt,Earle Asphalt x1371,Miss Vickie's Potato Chip - Sea Salt & Vinega,Food,1.5,1,1.5,1.5
GuttenPlans,GuttenPlans x1367,Monster Energy Original,Carbonated,3.0,1,3.0,3.0
EB Public Library,EB Public Library x1380,Poland Springs Water,Water,1.5,1,1.5,1.5
EB Public Library,EB Public Library x1380,Coca Cola - Zero Sugar,Carbonated,1.5,1,1.5,1.5
GuttenPlans,GuttenPlans x1367,Quaker Apple Cinnamon Rice Crisps,Food,1.0,1,1.0,3.5
GuttenPlans,GuttenPlans x1367,Quaker ButterMilk Ranch Rice Crisps,Food,1.0,1,1.0,3.5
GuttenPlans,GuttenPlans x1367,Quaker Cheddar Rice Crisps,Food,1.5,1,1.5,3.5
Earle Asphalt,Earle Asphalt x1371,Miss Vickie's Potato Chip - Sea Salt & Vinega,Food,1.5,1,1.5,1.5
Earle Asphalt,Earle Asphalt x1371,Miss Vickie's Potato Chip - Smokehouse BBQ,Food,1.5,1,1.5,1.5
GuttenPlans,GuttenPlans x1367,Coca Cola - Zero Sugar,Carbonated,1.5,1,1.5,1.5
EB Public Library,EB Public Library x1380,Spindrift - Sparkling Water - Pineapple,Carbonated,1.5,1,1.5,1.5
EB Public Library,EB Public Library x1380,SunChips Multigrain - Salsa,Food,1.5,1,1.5,1.5
Brunswick Sq Mall,BSQ Mall x1366 - ATT,Snapple Diet Tea - Raspberry,Non Carbonated,2.5,1,2.5,2.5
EB Public Library,EB Public Library x1380,Coca Cola - Zero Sugar,Carbonated,1.5,1,1.5,1.5
Brunswick Sq Mall,BSQ Mall x1364 - Zales,Coca Cola - Zero Sugar,Carbonated,1.5,1,1.5,1.5
Brunswick Sq Mall,BSQ Mall x1364 - Zales,Poland Springs Water,Water,1.5,1,1.5,1.5
GuttenPlans,GuttenPlans x1367,Coca Cola - Zero Sugar,Carbonated,1.5,1,1.5,1.5
GuttenPlans,GuttenPlans x1367,Coca Cola - Zero Sugar,Carbonated,1.5,1,1.5,1.5
GuttenPlans,GuttenPlans x1367,Cheetos - Fleming Hot Crunchy,Food,1.5,1,1.5,1.5
GuttenPlans,GuttenPlans x1367,Coca Cola - Zero Sugar,Carbonated,1.5,1,1.5,1.5
GuttenPlans,GuttenPlans x1367,Coca Cola - Zero Sugar,Carbonated,1.5,1,1.5,1.5
GuttenPlans,GuttenPlans x1367,Jacks Links Bar Beef Strip,Food,2.0,1,2.0,2.0
GuttenPlans,GuttenPlans x1367,KitKat - Crisp Wafers,Food,2.0,1,2.0,2.0
GuttenPlans,GuttenPlans x1367,Newtons Fig Bar,Food,1.5,1,1.5,1.5
GuttenPlans,GuttenPlans x1367,KitKat - Crisp Wafers,Food,2.0,1,2.0,2.0
GuttenPlans,GuttenPlans x1367,Monster Energy Original,Carbonated,3.0,1,3.0,3.0
GuttenPlans,GuttenPlans x1367,Monster Energy Original,Carbonated,3.0,1,3.0,3.0
GuttenPlans,GuttenPlans x1367,Quaker Caramel Rice Crisps,Food,1.5,1,1.5,3.0
GuttenPlans,GuttenPlans x1367,Cheetos - Fleming Hot Crunchy,Food,1.5,1,1.5,3.0
EB Public Library,EB Public Library x1380,Belvita Snack Packs - Chocolate,Food,1.5,1,1.5,1.5
EB Public Library,EB Public Library x1380,Poland Springs Water,Water,1.5,1,1.5,1.5
Earle Asphalt,Earle Asphalt x1371,SunChips Multigrain - Harvest Cheddar,Food,1.5,1,1.5,1.5
Brunswick Sq Mall,BSQ Mall x1366 - ATT,Cheetos Baked - Flaming Hot,Food,1.5,1,1.5,1.5
Brunswick Sq Mall,BSQ Mall x1366 - ATT,KitKat - Crisp Wafers,Food,2.0,1,2.0,2.0
GuttenPlans,GuttenPlans x1367,Quaker Caramel Rice Crisps,Food,1.5,1,1.5,3.0
GuttenPlans,GuttenPlans x1367,Pop Corners - Kettle Corn,Food,1.5,1,1.5,3.0
EB Public Library,EB Public Library x1380,Seapoint Farms Dry Roasted Edamame - Wasabi,Food,2.5,1,2.5,2.5
Brunswick Sq Mall,BSQ Mall x1364 - Zales,Poland Springs Water,Water,1.5,1,1.5,1.5
EB Public Library,EB Public Library x1380,Keto Krisp - Almond Butter,Carbonated,2.0,1,2.0,2.0
EB Public Library,EB Public Library x1380,Spindrift - Sparkling Water - Pineapple,Carbonated,1.5,1,1.5,1.5
GuttenPlans,GuttenPlans x1367,Monster Energy Original,Carbonated,3.0,1,3.0,3.0
Earle Asphalt,Earle Asphalt x1371,Robert Irvine's - Fit Crunch -  Chocolate Pea,Food,2.0,1,2.0,2.0
Brunswick Sq Mall,BSQ Mall x1364 - Zales,Miss Vickie's Potato Chip - Sea Salt Original,Food,1.5,1,1.5,1.5
Earle Asphalt,Earle Asphalt x1371,Robert Irvine's - Fit Crunch -  Chocolate Pea,Food,2.0,1,2.0,2.0
EB Public Library,EB Public Library x1380,Poland Springs Water,Water,1.5,1,1.5,1.5
EB Public Library,EB Public Library x1380,Spindrift - Sparkling Water - Pineapple,Carbonated,1.5,1,1.5,1.5
EB Public Library,EB Public Library x1380,Snapple Diet Tea - Peach Tea,Non Carbonated,2.5,1,2.5,2.5
GuttenPlans,GuttenPlans x1367,Coca Cola - Zero Sugar,Carbonated,1.5,1,1.5,1.5
GuttenPlans,GuttenPlans x1367,Coca Cola - Zero Sugar,Carbonated,1.5,1,1.5,1.5
GuttenPlans,GuttenPlans x1367,Monster Energy Original,Carbonated,3.0,1,3.0,3.0
Brunswick Sq Mall,BSQ Mall x1364 - Zales,Oreo Mini,Food,2.0,1,2.0,2.0
EB Public Library,EB Public Library x1380,Takis FUGEO mini,Food,1.5,1,1.5,1.5
EB Public Library,EB Public Library x1380,Takis FUGEO mini,Food,1.5,1,1.5,1.5
EB Public Library,EB Public Library x1380,Takis FUGEO mini,Food,1.5,1,1.5,1.5
EB Public Library,EB Public Library x1380,Poland Springs Water,Water,1.5,1,1.5,1.5
EB Public Library,EB Public Library x1380,Takis FUGEO mini,Food,1.5,1,1.5,1.5
EB Public Library,EB Public Library x1380,Takis FUGEO mini,Food,1.5,1,1.5,1.5
EB Public Library,EB Public Library x1380,SunChips Multigrain - French Onion,Food,1.5,1,1.5,1.5
EB Public Library,EB Public Library x1380,CheezIt - Original,Food,1.25,1,1.25,1.25
GuttenPlans,GuttenPlans x1367,Coca Cola - Zero Sugar,Carbonated,1.5,1,1.5,1.5
Brunswick Sq Mall,BSQ Mall x1366 - ATT,S. Pellegrino Sparkling Mineral Water,Water,2.0,1,2.0,2.0
GuttenPlans,GuttenPlans x1367,Chum Fruit Bites - Mango/Strawberry,Food,1.25,1,1.25,1.25
Brunswick Sq Mall,BSQ Mall x1366 - ATT,Monster Energy Original,Carbonated,3.0,1,3.0,3.0
EB Public Library,EB Public Library x1380,Bai Antioxidant - Tanzania Lemon Super Tea,Non Carbonated,2.75,1,2.75,2.75
Earle Asphalt,Earle Asphalt x1371,Miss Vickie's Potato Chip - Sea Salt & Vinega,Food,1.5,1,1.5,1.5
EB Public Library,EB Public Library x1380,Genius Keto Bar - Chocolate Dream,Food,2.0,1,2.0,2.0
EB Public Library,EB Public Library x1380,Spindrift - Sparkling Water - Pineapple,Carbonated,1.5,1,1.5,1.5
EB Public Library,EB Public Library x1380,Takis FUGEO mini,Food,1.5,1,1.5,1.5
EB Public Library,EB Public Library x1380,Pop Corners - White Cheddar,Food,1.5,1,1.5,1.5
EB Public Library,EB Public Library x1380,Robert Irvine's - Fit Crunch -  Chocolate Pea,Food,2.0,1,2.0,2.0
EB Public Library,EB Public Library x1380,Iberia Coconut Water,Non Carbonated,2.0,1,2.0,2.0
EB Public Library,EB Public Library x1380,Oreo Mini,Food,2.0,1,2.0,2.0
Brunswick Sq Mall,BSQ Mall x1366 - ATT,S. Pellegrino Sparkling Mineral Water,Water,2.0,1,2.0,2.0
GuttenPlans,GuttenPlans x1367,Quaker ButterMilk Ranch Rice Crisps,Food,1.0,1,1.0,1.0
EB Public Library,EB Public Library x1380,Coca Cola - Zero Sugar,Carbonated,1.5,1,1.5,1.5
GuttenPlans,GuttenPlans x1367,Monster Energy Original,Carbonated,3.0,1,3.0,3.0
EB Public Library,EB Public Library x1380,Wonderful Pistachios - Variety,Food,2.0,1,2.0,2.0
EB Public Library,EB Public Library x1380,Hungry Buddha - Coconut Cocoa,Food,2.0,1,2.0,2.0
Brunswick Sq Mall,BSQ Mall x1366 - ATT,Oreo Mini,Food,2.0,1,2.0,2.0
Brunswick Sq Mall,BSQ Mall x1364 - Zales,Oreo Mini,Food,2.0,1,2.0,2.0
Brunswick Sq Mall,BSQ Mall x1364 - Zales,KitKat - Crisp Wafers,Food,2.0,1,2.0,2.0
EB Public Library,EB Public Library x1380,Pop Corners - Kettle Corn,Food,1.5,1,1.5,1.5
EB Public Library,EB Public Library x1380,Pop Corners - White Cheddar,Food,1.5,1,1.5,1.5
EB Public Library,EB Public Library x1380,Poland Springs Water,Water,1.5,1,1.5,1.5
GuttenPlans,GuttenPlans x1367,Coca Cola - Zero Sugar,Carbonated,1.5,1,1.5,1.5
GuttenPlans,GuttenPlans x1367,Coca Cola - Zero Sugar,Carbonated,1.5,1,1.5,1.5
GuttenPlans,GuttenPlans x1367,Coca Cola - Zero Sugar,Carbonated,1.5,1,1.5,1.5
GuttenPlans,GuttenPlans x1367,Coca Cola - Zero Sugar,Carbonated,1.5,1,1.5,1.5
GuttenPlans,GuttenPlans x1367,Coca Cola - Zero Sugar,Carbonated,1.5,1,1.5,1.5
GuttenPlans,GuttenPlans x1367,Coca Cola - Zero Sugar,Carbonated,1.5,1,1.5,1.5
GuttenPlans,GuttenPlans x1367,Monster Energy Original,Carbonated,3.0,1,3.0,3.0
GuttenPlans,GuttenPlans x1367,Coca Cola - Zero Sugar,Carbonated,1.5,1,1.5,1.5
GuttenPlans,GuttenPlans x1367,Coca Cola - Zero Sugar,Carbonated,1.5,1,1.5,1.5
EB Public Library,EB Public Library x1380,SunChips Multigrain - Original,Food,1.5,1,1.5,1.5
Brunswick Sq Mall,BSQ Mall x1364 - Zales,SunChips Multigrain - Original,Food,1.5,1,1.5,1.5
EB Public Library,EB Public Library x1380,Bai Antioxidant - Tanzania Lemon Super Tea,Non Carbonated,2.75,1,2.75,2.75
GuttenPlans,GuttenPlans x1367,Quaker Caramel Rice Crisps,Food,1.5,1,1.5,1.5
GuttenPlans,GuttenPlans x1367,Quaker Apple Cinnamon Rice Crisps,Food,1.0,1,1.0,1.0
GuttenPlans,GuttenPlans x1367,Pop Corners - Kettle Corn,Food,1.5,1,1.5,1.5
EB Public Library,EB Public Library x1380,Poland Springs Water,Water,1.5,1,1.5,1.5
EB Public Library,EB Public Library x1380,Poland Springs Water,Water,1.5,1,1.5,1.5
GuttenPlans,GuttenPlans x1367,Newtons Fig Bar,Food,1.5,1,1.5,1.5
GuttenPlans,GuttenPlans x1367,Cheetos - Fleming Hot Crunchy,Food,1.5,1,1.5,1.5
Brunswick Sq Mall,BSQ Mall x1364 - Zales,Vitamin Water - Squeezed Lemonade,Water,2.75,1,2.75,2.75
Brunswick Sq Mall,BSQ Mall x1366 - ATT,Snyder's of Hanover Pretzel - Cheddar Cheese,Food,1.5,1,1.5,3.0
Brunswick Sq Mall,BSQ Mall x1366 - ATT,Good Health Veggie Stix - Sea Salt,Food,1.5,1,1.5,3.0
Brunswick Sq Mall,BSQ Mall x1364 - Zales,Monster Energy Original,Carbonated,3.0,1,3.0,3.0
GuttenPlans,GuttenPlans x1367,Coca Cola - Zero Sugar,Carbonated,1.5,1,1.5,1.5
Brunswick Sq Mall,BSQ Mall x1364 - Zales,Vitamin Water - Ice Cool Blue Lavender,Water,2.75,1,2.75,2.75
GuttenPlans,GuttenPlans x1367,Funyuns - Flaming Hot,Food,1.5,1,1.5,1.5
GuttenPlans,GuttenPlans x1367,Coca Cola - Zero Sugar,Carbonated,1.5,1,1.5,1.5
GuttenPlans,GuttenPlans x1367,KitKat - Crisp Wafers,Food,2.0,1,2.0,2.0
GuttenPlans,GuttenPlans x1367,Lays - Classic,Food,1.5,1,1.5,1.5
GuttenPlans,GuttenPlans x1367,Cheetos Puffs,Food,1.5,1,1.5,1.5
GuttenPlans,GuttenPlans x1367,Fritos - Original,Food,1.5,1,1.5,1.5
GuttenPlans,GuttenPlans x1367,Sunkist Soda - Orange,Carbonated,1.25,1,1.25,1.25
GuttenPlans,GuttenPlans x1367,Cheetos Puffs,Food,1.5,1,1.5,1.5
GuttenPlans,GuttenPlans x1367,Cheetos Cheddar Jalapeno,Food,1.5,1,1.5,1.5
GuttenPlans,GuttenPlans x1367,Cheetos Puffs,Food,1.5,1,1.5,1.5
GuttenPlans,GuttenPlans x1367,Cheetos Puffs,Food,1.5,1,1.5,1.5
GuttenPlans,GuttenPlans x1367,Cheetos Flaming Hot Limon Crunchy,Food,1.5,1,1.5,1.5
GuttenPlans,GuttenPlans x1367,Coca Cola - Zero Sugar,Carbonated,1.5,1,1.5,1.5
EB Public Library,EB Public Library x1380,Coca Cola - Zero Sugar,Carbonated,1.5,1,1.5,1.5
EB Public Library,EB Public Library x1380,Oreo Mini,Food,2.0,1,2.0,2.0
EB Public Library,EB Public Library x1380,Takis FUGEO mini,Food,1.5,1,1.5,1.5
GuttenPlans,GuttenPlans x1367,Coca Cola - Zero Sugar,Carbonated,1.5,1,1.5,1.5
EB Public Library,EB Public Library x1380,Bai Antioxidant - Tanzania Lemon Super Tea,Non Carbonated,2.75,1,2.75,2.75
GuttenPlans,GuttenPlans x1367,Lays - Classic,Food,1.5,1,1.5,1.5
Brunswick Sq Mall,BSQ Mall x1364 - Zales,Coca Cola - Zero Sugar,Carbonated,1.5,1,1.5,1.5
GuttenPlans,GuttenPlans x1367,Monster Energy Original,Carbonated,3.0,1,3.0,3.0
GuttenPlans,GuttenPlans x1367,Monster Energy Original,Carbonated,3.0,1,3.0,3.0
GuttenPlans,GuttenPlans x1367,Nutri Grain Apple Cinnamon,Food,1.5,1,1.5,1.5
GuttenPlans,GuttenPlans x1367,Cheetos Puffs,Food,1.5,1,1.5,1.5
GuttenPlans,GuttenPlans x1367,Coca Cola - Zero Sugar,Carbonated,1.5,1,1.5,1.5
GuttenPlans,GuttenPlans x1367,Coca Cola - Zero Sugar,Carbonated,1.5,1,1.5,1.5
GuttenPlans,GuttenPlans x1367,Coca Cola - Zero Sugar,Carbonated,1.5,1,1.5,1.5
GuttenPlans,GuttenPlans x1367,Coca Cola - Zero Sugar,Carbonated,1.5,1,1.5,1.5
GuttenPlans,GuttenPlans x1367,Cheetos Puffs,Food,1.5,1,1.5,1.5
GuttenPlans,GuttenPlans x1367,Sunkist Soda - Orange,Carbonated,1.25,1,1.25,1.25
GuttenPlans,GuttenPlans x1367,Lays - Classic,Food,1.5,1,1.5,1.5
GuttenPlans,GuttenPlans x1367,Doritos Cool Ranch,Food,1.5,1,1.5,1.5
Brunswick Sq Mall,BSQ Mall x1366 - ATT,Starbucks Refresher - Real Coconut Water,Carbonated,3.5,1,3.5,3.5
Brunswick Sq Mall,BSQ Mall x1366 - ATT,Bubly - Mango,Carbonated,1.5,1,1.5,1.5
GuttenPlans,GuttenPlans x1367,Sunkist Soda - Orange,Carbonated,1.25,1,1.25,1.25
GuttenPlans,GuttenPlans x1367,Monster Energy Original,Carbonated,3.0,1,3.0,3.0
GuttenPlans,GuttenPlans x1367,Monster Energy Original,Carbonated,3.0,1,3.0,3.0
GuttenPlans,GuttenPlans x1367,Stretch Island Fruit Leathers Snacks - Variet,Food,1.0,1,1.0,1.0
GuttenPlans,GuttenPlans x1367,Monster Energy Original,Carbonated,3.0,1,3.0,3.0
GuttenPlans,GuttenPlans x1367,Pop Corners - Spicy Queso,Food,1.5,1,1.5,4.5
GuttenPlans,GuttenPlans x1367,Monster Energy Original,Carbonated,3.0,1,3.0,4.5
Brunswick Sq Mall,BSQ Mall x1364 - Zales,Poland Springs Water,Water,1.5,1,1.5,1.5
Brunswick Sq Mall,BSQ Mall x1364 - Zales,Spindrift - Sparkling Water  Lime,Carbonated,1.5,1,1.5,1.5
Brunswick Sq Mall,BSQ Mall x1366 - ATT,Monster Energy Original,Carbonated,3.0,1,3.0,3.0
Brunswick Sq Mall,BSQ Mall x1364 - Zales,Bubly - Lime,Water,1.5,1,1.5,1.5
Brunswick Sq Mall,BSQ Mall x1364 - Zales,Poland Springs Water,Water,1.5,1,1.5,1.5
GuttenPlans,GuttenPlans x1367,Monster Energy Original,Carbonated,3.0,1,3.0,4.5
GuttenPlans,GuttenPlans x1367,Funyuns - Flaming Hot,Food,1.5,1,1.5,4.5
EB Public Library,EB Public Library x1380,Poland Springs Water,Water,1.5,1,1.5,1.5
Earle Asphalt,Earle Asphalt x1371,Jacks Links Bar Beef Strip,Food,2.0,1,2.0,2.0
Earle Asphalt,Earle Asphalt x1371,Jacks Links Bar Beef Strip,Food,2.0,1,2.0,2.0
EB Public Library,EB Public Library x1380,Poland Springs Water,Water,1.5,1,1.5,1.5
EB Public Library,EB Public Library x1380,Coca Cola - Zero Sugar,Carbonated,1.5,1,1.5,1.5
EB Public Library,EB Public Library x1380,Spindrift - Sparkling Water - Pineapple,Carbonated,1.5,1,1.5,1.5
EB Public Library,EB Public Library x1380,SunChips Multigrain - French Onion,Food,1.5,1,1.5,1.5
EB Public Library,EB Public Library x1380,Poland Springs Water,Water,1.5,1,1.5,1.5
Earle Asphalt,Earle Asphalt x1371,Jacks Links Bar Beef Strip,Food,2.0,1,2.0,2.0
GuttenPlans,GuttenPlans x1367,Quaker ButterMilk Ranch Rice Crisps,Food,1.5,1,1.5,1.5
GuttenPlans,GuttenPlans x1367,Good Health Veggie Stix - Zesty Ranch,Food,1.5,1,1.5,1.5
EB Public Library,EB Public Library x1380,Belvita Snack Packs - Blueberry,Food,1.5,1,1.5,1.5
Brunswick Sq Mall,BSQ Mall x1364 - Zales,Pop Corners - Spicy Queso,Food,1.5,1,1.5,1.5
Brunswick Sq Mall,BSQ Mall x1364 - Zales,Pop Corners - Spicy Queso,Food,1.5,1,1.5,1.5
Earle Asphalt,Earle Asphalt x1371,Jacks Links Bar Beef Strip,Food,2.0,1,2.0,2.0
Earle Asphalt,Earle Asphalt x1371,Takis - Hot Chilli Pepper & Lime,Food,1.5,1,1.5,1.5
EB Public Library,EB Public Library x1380,Genius Keto Bar - Chocolate Dream,Food,2.0,1,2.0,3.5
EB Public Library,EB Public Library x1380,Spindrift - Sparkling Water - Pineapple,Carbonated,1.5,1,1.5,3.5
EB Public Library,EB Public Library x1380,Poland Springs Water,Water,1.5,1,1.5,1.5
EB Public Library,EB Public Library x1380,Oreo Mini,Food,2.0,1,2.0,2.0
EB Public Library,EB Public Library x1380,Takis FUGEO mini,Food,1.5,1,1.5,1.5
EB Public Library,EB Public Library x1380,Oreo Mini,Food,2.0,1,2.0,2.0
EB Public Library,EB Public Library x1380,Poland Springs Water,Water,1.5,1,1.5,1.5
EB Public Library,EB Public Library x1380,Coca Cola - Zero Sugar,Carbonated,1.5,1,1.5,1.5
GuttenPlans,GuttenPlans x1367,Monster Energy Original,Carbonated,3.0,1,3.0,3.0
GuttenPlans,GuttenPlans x1367,Good Health Veggie Stix - Zesty Ranch,Food,1.5,1,1.5,1.5
Brunswick Sq Mall,BSQ Mall x1364 - Zales,Nature's Garden Trail Mix - Cranberry Healthy,Food,1.5,1,1.5,1.5
EB Public Library,EB Public Library x1380,Takis FUGEO mini,Food,1.5,2,3.0,5.0
EB Public Library,EB Public Library x1380,Oreo Mini,Food,2.0,1,2.0,5.0
EB Public Library,EB Public Library x1380,Genius Keto Bar - Chocolate Dream,Food,2.0,1,2.0,2.0
GuttenPlans,GuttenPlans x1367,Sunkist Soda - Orange,Carbonated,1.25,1,1.25,1.25
EB Public Library,EB Public Library x1380,Snapple Diet Tea - Peach Tea,Non Carbonated,2.5,1,2.5,2.5
GuttenPlans,GuttenPlans x1367,KitKat - Crisp Wafers,Food,2.0,1,2.0,2.0
GuttenPlans,GuttenPlans x1367,Snapple Diet Tea - Peach Tea,Non Carbonated,2.5,1,2.5,2.5
GuttenPlans,GuttenPlans x1367,Coca Cola - Zero Sugar,Carbonated,1.5,1,1.5,1.5
Brunswick Sq Mall,BSQ Mall x1364 - Zales,Coca Cola - Zero Sugar,Carbonated,1.5,1,1.5,1.5
GuttenPlans,GuttenPlans x1367,Monster Energy Original,Carbonated,3.0,1,3.0,3.0
GuttenPlans,GuttenPlans x1367,Doritos Cool Ranch,Food,1.5,1,1.5,1.5
GuttenPlans,GuttenPlans x1367,Sunkist Soda - Orange,Carbonated,1.25,1,1.25,1.25
GuttenPlans,GuttenPlans x1367,Coca Cola - Zero Sugar,Carbonated,1.5,1,1.5,1.5
Earle Asphalt,Earle Asphalt x1371,Jacks Links Bar Beef Strip,Food,2.0,1,2.0,2.0
GuttenPlans,GuttenPlans x1367,Sunkist Soda - Orange,Carbonated,1.25,1,1.25,1.25
Earle Asphalt,Earle Asphalt x1371,Jacks Links Bar Beef Strip,Food,2.0,1,2.0,2.0
EB Public Library,EB Public Library x1380,Iberia Coconut Water,Non Carbonated,2.0,1,2.0,2.0
Earle Asphalt,Earle Asphalt x1371,Belvita Snack Packs - Blueberry,Food,1.25,1,1.25,1.25
Earle Asphalt,Earle Asphalt x1371,Miss Vickie's Potato Chip - Sea Salt & Vinega,Food,1.5,1,1.5,1.5
EB Public Library,EB Public Library x1380,SunChips Multigrain - Original,Food,1.5,1,1.5,1.5
GuttenPlans,GuttenPlans x1367,Coca Cola - Zero Sugar,Carbonated,1.5,1,1.5,1.5
EB Public Library,EB Public Library x1380,Spindrift - Sparkling Water - Pineapple,Carbonated,1.5,1,1.5,1.5
EB Public Library,EB Public Library x1380,Genius Keto Bar - Chocolate Dream,Food,2.0,2,4.0,4.0
Earle Asphalt,Earle Asphalt x1371,Miss Vickie's Potato Chip - Jalapeno,Food,1.5,1,1.5,1.5
EB Public Library,EB Public Library x1380,Pop Corners - Kettle Corn,Food,1.5,1,1.5,1.5
EB Public Library,EB Public Library x1380,Pop Corners - Kettle Corn,Food,1.5,1,1.5,1.5
GuttenPlans,GuttenPlans x1367,Sunkist Soda - Orange,Carbonated,1.25,1,1.25,1.25
Brunswick Sq Mall,BSQ Mall x1366 - ATT,BodyArmor LYTE - Strawberry Lemonade,Water,2.75,1,2.75,2.75
EB Public Library,EB Public Library x1380,Starbucks Doubleshot Energy - Mocha,Non Carbonated,3.5,1,3.5,3.5
GuttenPlans,GuttenPlans x1367,Sunkist Soda - Orange,Carbonated,1.25,1,1.25,1.25
GuttenPlans,GuttenPlans x1367,Sunkist Soda - Orange,Carbonated,1.25,1,1.25,1.25
GuttenPlans,GuttenPlans x1367,Coca Cola - Zero Sugar,Carbonated,1.5,1,1.5,1.5
GuttenPlans,GuttenPlans x1367,Fritos - Original,Food,1.5,1,1.5,1.5
EB Public Library,EB Public Library x1380,Poland Springs Water,Water,1.5,1,1.5,3.5
EB Public Library,EB Public Library x1380,Wonderful Pistachios - Variety,Food,2.0,1,2.0,3.5
GuttenPlans,GuttenPlans x1367,Cheetos Puffs,Food,1.5,1,1.5,3.0
GuttenPlans,GuttenPlans x1367,Funyuns - Flaming Hot,Food,1.5,1,1.5,3.0
GuttenPlans,GuttenPlans x1367,Coca Cola - Zero Sugar,Carbonated,1.5,1,1.5,1.5
EB Public Library,EB Public Library x1380,Robert Irvine's - Fit Crunch -  Chocolate Pea,Food,2.0,1,2.0,2.0
Earle Asphalt,Earle Asphalt x1371,Jacks Links Bar Beef Strip,Food,2.0,1,2.0,2.0
Earle Asphalt,Earle Asphalt x1371,Jacks Links Bar Beef Strip,Food,2.0,1,2.0,2.0
EB Public Library,EB Public Library x1380,CheezIt - Original,Food,1.25,1,1.25,1.25
EB Public Library,EB Public Library x1380,Genius Keto Bar - Chocolate Dream,Food,2.0,1,2.0,2.0
GuttenPlans,GuttenPlans x1367,Snapple Diet Tea - Peach Tea,Non Carbonated,2.5,1,2.5,6.0
GuttenPlans,GuttenPlans x1367,Pop Corners - Spicy Queso,Food,1.5,1,1.5,6.0
GuttenPlans,GuttenPlans x1367,KitKat - Crisp Wafers,Food,2.0,1,2.0,6.0
EB Public Library,EB Public Library x1380,Bai Antioxidant - Tanzania Lemon Super Tea,Non Carbonated,2.75,1,2.75,2.75
EB Public Library,EB Public Library x1380,Oreo Mini,Food,2.0,1,2.0,2.0
EB Public Library,EB Public Library x1380,Snapple Diet Tea - Peach Tea,Non Carbonated,2.5,1,2.5,2.5
EB Public Library,EB Public Library x1380,Snapple Diet Tea - Peach Tea,Non Carbonated,2.5,1,2.5,2.5
GuttenPlans,GuttenPlans x1367,Monster Energy Original,Carbonated,3.0,1,3.0,3.0
Earle Asphalt,Earle Asphalt x1371,Jacks Links Bar Beef Strip,Food,2.0,1,2.0,2.0
EB Public Library,EB Public Library x1380,Takis FUGEO mini,Food,1.5,1,1.5,1.5
EB Public Library,EB Public Library x1380,CheezIt - Original,Food,1.25,1,1.25,1.25
EB Public Library,EB Public Library x1380,Snapple Diet Tea - Raspberry,Non Carbonated,2.5,1,2.5,2.5
EB Public Library,EB Public Library x1380,Poland Springs Water,Water,1.5,1,1.5,1.5
EB Public Library,EB Public Library x1380,Keto Krisp - Almond Butter,Carbonated,2.0,1,2.0,2.0
EB Public Library,EB Public Library x1380,Robert Irvine's - Fit Crunch -  Chocolate Pea,Food,2.0,1,2.0,2.0
EB Public Library,EB Public Library x1380,Coca Cola - Zero Sugar,Carbonated,1.5,1,1.5,1.5
EB Public Library,EB Public Library x1380,Robert Irvine's - Fit Crunch -  Chocolate Pea,Food,2.0,1,2.0,4.0
EB Public Library,EB Public Library x1380,Oreo Mini,Food,2.0,1,2.0,4.0
EB Public Library,EB Public Library x1380,Takis FUGEO mini,Food,1.5,1,1.5,1.5
EB Public Library,EB Public Library x1380,Takis FUGEO mini,Food,1.5,1,1.5,1.5
EB Public Library,EB Public Library x1380,Takis FUGEO mini,Food,1.5,1,1.5,1.5
EB Public Library,EB Public Library x1380,CheezIt - Original,Food,1.25,1,1.25,1.25
Brunswick Sq Mall,BSQ Mall x1366 - ATT,RXBAR - Protein Bar - Chocolate Sea Salt,Food,2.0,1,2.0,2.0
EB Public Library,EB Public Library x1380,CheezIt - Original,Food,1.25,1,1.25,1.25
Brunswick Sq Mall,BSQ Mall x1364 - Zales,Vitamin Water - Squeezed Lemonade,Water,2.75,1,2.75,2.75
Brunswick Sq Mall,BSQ Mall x1366 - ATT,S. Pellegrino Sparkling Mineral Water,Water,2.0,1,2.0,2.0
EB Public Library,EB Public Library x1380,Takis FUGEO mini,Food,1.5,1,1.5,1.5
EB Public Library,EB Public Library x1380,Takis FUGEO mini,Food,1.5,1,1.5,1.5
EB Public Library,EB Public Library x1380,Starbucks Doubleshot Energy - Mocha,Non Carbonated,3.5,1,3.5,3.5
EB Public Library,EB Public Library x1380,Takis FUGEO mini,Food,1.5,1,1.5,1.5
EB Public Library,EB Public Library x1380,Takis FUGEO mini,Food,1.5,1,1.5,1.5
GuttenPlans,GuttenPlans x1367,Sunkist Soda - Orange,Carbonated,1.25,1,1.25,1.25
GuttenPlans,GuttenPlans x1367,Doritos Cool Ranch,Food,1.5,1,1.5,1.5
GuttenPlans,GuttenPlans x1367,Good Health Veggie Stix - Zesty Ranch,Food,1.5,1,1.5,1.5
GuttenPlans,GuttenPlans x1367,Cheetos Flaming Hot Limon Crunchy,Food,1.5,1,1.5,1.5
GuttenPlans,GuttenPlans x1367,Snapple Diet Tea - Peach Tea,Non Carbonated,2.5,1,2.5,2.5
GuttenPlans,GuttenPlans x1367,Nutri Grain Apple Cinnamon,Food,1.5,1,1.5,1.5
GuttenPlans,GuttenPlans x1367,KitKat - Crisp Wafers,Food,2.0,1,2.0,2.0
GuttenPlans,GuttenPlans x1367,Monster Energy Original,Carbonated,3.0,1,3.0,3.0
GuttenPlans,GuttenPlans x1367,Cheetos Flaming Hot Limon Crunchy,Food,1.5,1,1.5,1.5
GuttenPlans,GuttenPlans x1367,Doritos Cool Ranch,Food,1.5,1,1.5,1.5
GuttenPlans,GuttenPlans x1367,Coca Cola - Zero Sugar,Carbonated,1.5,1,1.5,1.5
Earle Asphalt,Earle Asphalt x1371,Jacks Links Bar Beef Strip,Food,2.0,1,2.0,2.0
EB Public Library,EB Public Library x1380,SunChips Multigrain - French Onion,Food,1.5,1,1.5,1.5
GuttenPlans,GuttenPlans x1367,Coca Cola - Zero Sugar,Carbonated,1.5,1,1.5,1.5
Earle Asphalt,Earle Asphalt x1371,Jacks Links Bar Beef Strip,Food,2.0,1,2.0,2.0
Brunswick Sq Mall,BSQ Mall x1364 - Zales,Takis - Hot Chilli Pepper & Lime,Food,1.5,1,1.5,1.5
GuttenPlans,GuttenPlans x1367,Coca Cola - Zero Sugar,Carbonated,1.5,1,1.5,1.5
GuttenPlans,GuttenPlans x1367,Doritos Cool Ranch,Food,1.5,1,1.5,1.5
EB Public Library,EB Public Library x1380,Starbucks Doubleshot Energy - Mocha,Non Carbonated,3.5,1,3.5,3.5
GuttenPlans,GuttenPlans x1367,Snapple Tea - Raspberry,Non Carbonated,2.5,1,2.5,2.5
GuttenPlans,GuttenPlans x1367,Pop Corners - Sea Salt,Food,1.5,1,1.5,1.5
EB Public Library,EB Public Library x1380,Genius Keto Bar - Chocolate Dream,Food,2.0,1,2.0,2.0
EB Public Library,EB Public Library x1380,Bai Antioxidant - Tanzania Lemon Super Tea,Non Carbonated,2.75,1,2.75,2.75
GuttenPlans,GuttenPlans x1367,Funyuns - Flaming Hot,Food,1.5,1,1.5,3.5
GuttenPlans,GuttenPlans x1367,KitKat - Crisp Wafers,Food,2.0,1,2.0,3.5
EB Public Library,EB Public Library x1380,Keto Krisp - Almond Butter,Carbonated,2.0,1,2.0,2.0
Earle Asphalt,Earle Asphalt x1371,Jacks Links Bar Beef Strip,Food,2.0,1,2.0,2.0
EB Public Library,EB Public Library x1380,Snapple Diet Tea - Raspberry,Non Carbonated,2.5,1,2.5,2.5
GuttenPlans,GuttenPlans x1367,Coca Cola - Zero Sugar,Carbonated,1.5,1,1.5,1.5
GuttenPlans,GuttenPlans x1367,Lays - Classic,Food,1.5,1,1.5,1.5
GuttenPlans,GuttenPlans x1367,Coca Cola - Zero Sugar,Carbonated,1.5,1,1.5,1.5
GuttenPlans,GuttenPlans x1367,Doritos Cool Ranch,Food,1.5,1,1.5,1.5
GuttenPlans,GuttenPlans x1367,Monster Energy Original,Carbonated,3.0,1,3.0,3.0
GuttenPlans,GuttenPlans x1367,Cheetos Cheddar Jalapeno,Food,1.5,1,1.5,1.5
GuttenPlans,GuttenPlans x1367,Sunkist Soda - Orange,Carbonated,1.25,1,1.25,1.25
GuttenPlans,GuttenPlans x1367,Funyuns - Flaming Hot,Food,1.5,1,1.5,1.5
GuttenPlans,GuttenPlans x1367,Good Health Veggie Stix - Zesty Ranch,Food,1.5,1,1.5,1.5
GuttenPlans,GuttenPlans x1367,Cheetos Cheddar Jalapeno,Food,1.5,1,1.5,1.5
GuttenPlans,GuttenPlans x1367,Monster Energy Original,Carbonated,3.0,1,3.0,3.0
GuttenPlans,GuttenPlans x1367,Red Bull - Original,Carbonated,3.5,1,3.5,3.5
GuttenPlans,GuttenPlans x1367,KitKat - Crisp Wafers,Food,2.0,1,2.0,2.0
GuttenPlans,GuttenPlans x1367,KitKat - Crisp Wafers,Food,2.0,1,2.0,2.0
GuttenPlans,GuttenPlans x1367,KitKat - Crisp Wafers,Food,2.0,1,2.0,2.0
GuttenPlans,GuttenPlans x1367,Red Bull - Original,Carbonated,3.5,1,3.5,3.5
GuttenPlans,GuttenPlans x1367,Lays - Classic,Food,1.5,1,1.5,4.5
GuttenPlans,GuttenPlans x1367,Funyuns - Flaming Hot,Food,1.5,1,1.5,4.5
GuttenPlans,GuttenPlans x1367,Doritos Cool Ranch,Food,1.5,1,1.5,4.5
GuttenPlans,GuttenPlans x1367,Sunkist Soda - Orange,Carbonated,1.25,1,1.25,1.25
GuttenPlans,GuttenPlans x1367,Coca Cola - Zero Sugar,Carbonated,1.5,1,1.5,1.5
GuttenPlans,GuttenPlans x1367,Coca Cola - Zero Sugar,Carbonated,1.5,1,1.5,1.5
EB Public Library,EB Public Library x1380,Bai Antioxidant - Tanzania Lemon Super Tea,Non Carbonated,2.75,1,2.75,2.75
GuttenPlans,GuttenPlans x1367,Snapple Diet Tea - Lemon,Non Carbonated,2.5,1,2.5,6.0
GuttenPlans,GuttenPlans x1367,Red Bull - Original,Carbonated,3.5,1,3.5,6.0
GuttenPlans,GuttenPlans x1367,Coca Cola - Zero Sugar,Carbonated,1.5,1,1.5,1.5
GuttenPlans,GuttenPlans x1367,Coca Cola - Zero Sugar,Carbonated,1.5,1,1.5,1.5
GuttenPlans,GuttenPlans x1367,Nutri Grain Apple Cinnamon,Food,1.5,1,1.5,1.5
EB Public Library,EB Public Library x1380,SunChips Multigrain - French Onion,Food,1.5,1,1.5,1.5
Brunswick Sq Mall,BSQ Mall x1364 - Zales,SunChips Multigrain - Harvest Cheddar,Food,1.5,1,1.5,1.5
EB Public Library,EB Public Library x1380,Poland Springs Water,Water,1.5,1,1.5,1.5
EB Public Library,EB Public Library x1380,Coca Cola - Zero Sugar,Carbonated,1.5,1,1.5,1.5
EB Public Library,EB Public Library x1380,Kinder - Bueno - Crispy Creamy Chocolate,Food,2.0,1,2.0,2.0
EB Public Library,EB Public Library x1380,CheezIt - White Cheddar,Food,1.5,1,1.5,1.5
Earle Asphalt,Earle Asphalt x1371,Belvita Snack Packs - Blueberry,Food,1.25,1,1.25,1.25
GuttenPlans,GuttenPlans x1367,Monster Energy Original,Carbonated,3.0,1,3.0,3.0
EB Public Library,EB Public Library x1380,Keep Healthy - Chocolate Fudge,Food,2.0,1,2.0,2.0
GuttenPlans,GuttenPlans x1367,Red Bull - Original,Carbonated,3.5,1,3.5,3.5
GuttenPlans,GuttenPlans x1367,Sunkist Soda - Orange,Carbonated,1.25,1,1.25,1.25
EB Public Library,EB Public Library x1380,Starbucks Doubleshot Energy - Mocha,Non Carbonated,3.5,1,3.5,3.5
EB Public Library,EB Public Library x1380,Kinder - Bueno - Crispy Creamy Chocolate,Food,2.0,1,2.0,2.0
EB Public Library,EB Public Library x1380,Starbucks Doubleshot Energy - Mocha,Non Carbonated,3.5,1,3.5,3.5
EB Public Library,EB Public Library x1380,CheezIt - Go Paks,Food,3.0,1,3.0,3.0
EB Public Library,EB Public Library x1380,Pop Corners - Kettle Corn,Food,1.5,1,1.5,1.5
Brunswick Sq Mall,BSQ Mall x1364 - Zales,Poland Springs Water,Water,1.5,1,1.5,1.5
Brunswick Sq Mall,BSQ Mall x1366 - ATT,Vitamin Water - XXX Acai BB Pomegranate,Water,2.75,1,2.75,2.75
EB Public Library,EB Public Library x1380,Lenny & Larrys - Chocolate Chip,Food,2.0,1,2.0,2.0
EB Public Library,EB Public Library x1380,SunChips Multigrain - Original,Food,1.5,1,1.5,1.5
GuttenPlans,GuttenPlans x1367,Coca Cola - Zero Sugar,Carbonated,1.5,1,1.5,1.5
GuttenPlans,GuttenPlans x1367,Cheetos Flaming Hot Limon Crunchy,Food,1.5,1,1.5,1.5
GuttenPlans,GuttenPlans x1367,Coca Cola - Zero Sugar,Carbonated,1.5,1,1.5,1.5
GuttenPlans,GuttenPlans x1367,Coca Cola - Zero Sugar,Carbonated,1.5,1,1.5,1.5
Brunswick Sq Mall,BSQ Mall x1366 - ATT,CheezIt - White Cheddar,Food,1.25,1,1.25,1.25
GuttenPlans,GuttenPlans x1367,Cheetos Flaming Hot Limon Crunchy,Food,1.5,1,1.5,1.5
GuttenPlans,GuttenPlans x1367,Monster Energy Original,Carbonated,3.0,1,3.0,3.0
GuttenPlans,GuttenPlans x1367,Coca Cola - Zero Sugar,Carbonated,1.5,1,1.5,1.5
GuttenPlans,GuttenPlans x1367,Sunkist Soda - Orange,Carbonated,1.25,1,1.25,1.25
GuttenPlans,GuttenPlans x1367,KitKat - Crisp Wafers,Food,2.0,1,2.0,2.0
GuttenPlans,GuttenPlans x1367,Red Bull - Original,Carbonated,3.5,1,3.5,3.5
GuttenPlans,GuttenPlans x1367,Cheetos Cheddar Jalapeno,Food,1.5,1,1.5,1.5
GuttenPlans,GuttenPlans x1367,Red Bull - Original,Carbonated,3.5,1,3.5,3.5
GuttenPlans,GuttenPlans x1367,Cheetos Flaming Hot Limon Crunchy,Food,1.5,1,1.5,1.5
GuttenPlans,GuttenPlans x1367,Coca Cola - Zero Sugar,Carbonated,1.5,1,1.5,1.5
GuttenPlans,GuttenPlans x1367,Lays - Classic,Food,1.5,1,1.5,1.5
GuttenPlans,GuttenPlans x1367,Snapple Diet Tea - Lemon,Non Carbonated,2.5,1,2.5,2.5
EB Public Library,EB Public Library x1380,Kinder - Bueno - Crispy Creamy Chocolate,Food,2.0,1,2.0,4.0
EB Public Library,EB Public Library x1380,Lenny & Larrys - Chocolate Chip,Food,2.0,1,2.0,4.0
EB Public Library,EB Public Library x1380,Poland Springs Water,Water,1.5,1,1.5,1.5
EB Public Library,EB Public Library x1380,Seapoint Farms Dry Roasted Edamame - Wasabi,Food,2.5,1,2.5,4.0
EB Public Library,EB Public Library x1380,SunChips Multigrain - Original,Food,1.5,1,1.5,4.0
EB Public Library,EB Public Library x1380,Starbucks Doubleshot Energy - Mocha,Non Carbonated,3.5,1,3.5,3.5
Brunswick Sq Mall,BSQ Mall x1366 - ATT,Newtons Fig Bar,Food,2.0,1,2.0,2.0
GuttenPlans,GuttenPlans x1367,Monster Energy Original,Carbonated,3.0,1,3.0,3.0
EB Public Library,EB Public Library x1380,Poland Springs Water,Water,1.5,1,1.5,1.5
EB Public Library,EB Public Library x1380,Pop Corners - Kettle Corn,Food,1.5,1,1.5,1.5
EB Public Library,EB Public Library x1380,Kinder - Bueno - Crispy Creamy Chocolate,Food,2.0,1,2.0,2.0
EB Public Library,EB Public Library x1380,Kinder - Bueno - Crispy Creamy Chocolate,Food,2.0,1,2.0,3.5
EB Public Library,EB Public Library x1380,Poland Springs Water,Water,1.5,1,1.5,3.5
EB Public Library,EB Public Library x1380,Starbucks Doubleshot Energy - Mocha,Non Carbonated,3.5,1,3.5,3.5
EB Public Library,EB Public Library x1380,Seapoint Farms Dry Roasted Edamame - Wasabi,Food,2.5,1,2.5,2.5
EB Public Library,EB Public Library x1380,Spindrift - Sparkling Water - Pineapple,Carbonated,1.5,1,1.5,1.5
EB Public Library,EB Public Library x1380,Poland Springs Water,Water,1.5,1,1.5,1.5
EB Public Library,EB Public Library x1380,Poland Springs Water,Water,1.5,1,1.5,1.5
Brunswick Sq Mall,BSQ Mall x1366 - ATT,Vitamin Water - XXX Acai BB Pomegranate,Water,2.75,1,2.75,2.75
Brunswick Sq Mall,BSQ Mall x1364 - Zales,RXBAR - Protein Bar - Peanut Butter,Food,2.0,1,2.0,2.0
Brunswick Sq Mall,BSQ Mall x1366 - ATT,Starbucks Refresher - Real Coconut Water,Carbonated,3.5,1,3.5,3.5
Brunswick Sq Mall,BSQ Mall x1366 - ATT,Monster Energy Original,Carbonated,3.0,1,3.0,3.0
EB Public Library,EB Public Library x1380,Pop Corners - White Cheddar,Food,1.5,1,1.5,1.5
EB Public Library,EB Public Library x1380,Pop Corners - White Cheddar,Food,1.5,1,1.5,1.5
EB Public Library,EB Public Library x1380,CheezIt - Double Cheese,Food,1.5,1,1.5,1.5
EB Public Library,EB Public Library x1380,Snapple Diet Tea - Peach Tea,Non Carbonated,2.5,1,2.5,2.5
Brunswick Sq Mall,BSQ Mall x1366 - ATT,Red Bull - Energy Drink - Sugar Free,Carbonated,3.5,1,3.5,3.5
Brunswick Sq Mall,BSQ Mall x1364 - Zales,SunChips Multigrain - Original,Food,1.5,1,1.5,1.5
Brunswick Sq Mall,BSQ Mall x1364 - Zales,SunChips Multigrain - Original,Food,1.5,1,1.5,1.5
Brunswick Sq Mall,BSQ Mall x1364 - Zales,Belvita Snack Packs - Blueberry,Food,1.25,1,1.25,1.25
EB Public Library,EB Public Library x1380,Poland Springs Water,Water,1.5,1,1.5,1.5
EB Public Library,EB Public Library x1380,Belvita Snack Bites - Cinnamon BS Go Paks,Food,3.0,1,3.0,3.0
EB Public Library,EB Public Library x1380,Starbucks Doubleshot Energy - Mocha,Non Carbonated,3.5,1,3.5,5.0
EB Public Library,EB Public Library x1380,Pop Corners - Kettle Corn,Food,1.5,1,1.5,5.0
EB Public Library,EB Public Library x1380,CheezIt - Double Cheese,Food,1.5,1,1.5,1.5
EB Public Library,EB Public Library x1380,Belvita Snack Packs - Blueberry,Food,1.5,1,1.5,1.5
EB Public Library,EB Public Library x1380,Lenny & Larrys - Chocolate Chip,Food,2.0,1,2.0,2.0
EB Public Library,EB Public Library x1380,Pop Corners - Kettle Corn,Food,1.5,1,1.5,1.5
EB Public Library,EB Public Library x1380,SunChips Multigrain - Original,Food,1.5,1,1.5,1.5
EB Public Library,EB Public Library x1380,Bai Antioxidant - Tanzania Lemon Super Tea,Non Carbonated,2.75,1,2.75,2.75
Brunswick Sq Mall,BSQ Mall x1366 - ATT,Takis - Hot Chilli Pepper & Lime,Food,1.5,1,1.5,1.5
GuttenPlans,GuttenPlans x1367,Coca Cola - Zero Sugar,Carbonated,1.5,1,1.5,1.5
EB Public Library,EB Public Library x1380,Coca Cola - Zero Sugar,Carbonated,1.5,1,1.5,1.5
EB Public Library,EB Public Library x1380,Snyder's of Hanover Pretzel Pieces - Honey Mu,Food,2.0,1,2.0,2.0
GuttenPlans,GuttenPlans x1367,Snapple Diet Tea - Peach Tea,Non Carbonated,2.5,1,2.5,2.5
GuttenPlans,GuttenPlans x1367,Fritos - Original,Food,1.5,1,1.5,1.5
EB Public Library,EB Public Library x1380,Snapple Diet Tea - Raspberry,Non Carbonated,2.5,1,2.5,2.5
EB Public Library,EB Public Library x1380,Snapple Diet Tea - Raspberry,Non Carbonated,2.5,1,2.5,2.5
Brunswick Sq Mall,BSQ Mall x1364 - Zales,Coca Cola - Zero Sugar,Carbonated,1.5,1,1.5,1.5
Brunswick Sq Mall,BSQ Mall x1364 - Zales,Coca Cola - Zero Sugar,Carbonated,1.5,1,1.5,1.5
GuttenPlans,GuttenPlans x1367,Snapple Diet Tea - Peach Tea,Non Carbonated,2.5,1,2.5,4.0
GuttenPlans,GuttenPlans x1367,Pop Corners - Spicy Queso,Food,1.5,1,1.5,4.0
EB Public Library,EB Public Library x1380,Bai Antioxidant - Tanzania Lemon Super Tea,Non Carbonated,2.75,1,2.75,2.75
EB Public Library,EB Public Library x1380,Spindrift - Sparkling Water - Pineapple,Carbonated,1.5,1,1.5,3.5
EB Public Library,EB Public Library x1380,Hungry Buddha - Coconut Cocoa,Food,2.0,1,2.0,3.5
EB Public Library,EB Public Library x1380,CheezIt - Go Paks,Food,3.0,1,3.0,3.0
GuttenPlans,GuttenPlans x1367,Monster Energy Original,Carbonated,3.0,1,3.0,3.0
Earle Asphalt,Earle Asphalt x1371,KitKat - Crisp Wafers,Food,1.75,1,1.75,3.75
Earle Asphalt,Earle Asphalt x1371,Kinder - Bueno - Crispy Creamy Chocolate,Food,2.0,1,2.0,3.75
EB Public Library,EB Public Library x1380,Coca Cola - Zero Sugar,Carbonated,1.5,1,1.5,1.5
EB Public Library,EB Public Library x1380,CheezIt - White Cheddar,Food,1.5,1,1.5,1.5
GuttenPlans,GuttenPlans x1367,Coca Cola - Zero Sugar,Carbonated,1.5,1,1.5,1.5
GuttenPlans,GuttenPlans x1367,Nutri Grain Apple Cinnamon,Food,1.5,1,1.5,1.5
GuttenPlans,GuttenPlans x1367,Lays - Classic,Food,1.5,1,1.5,1.5
EB Public Library,EB Public Library x1380,Snapple Diet Tea - Peach Tea,Non Carbonated,2.5,1,2.5,2.5
Brunswick Sq Mall,BSQ Mall x1366 - ATT,Takis - Hot Chilli Pepper & Lime,Food,1.5,1,1.5,1.5
Brunswick Sq Mall,BSQ Mall x1366 - ATT,Belvita Breakfast Biscuit Bites - Blueberry,Food,1.5,1,1.5,1.5
Brunswick Sq Mall,BSQ Mall x1366 - ATT,KitKat - Crisp Wafers,Food,2.0,1,2.0,2.0
EB Public Library,EB Public Library x1380,Snyder's of Hanover Pretzel Pieces - Honey Mu,Food,2.0,1,2.0,2.0
GuttenPlans,GuttenPlans x1367,Cheetos Cheddar Jalapeno,Food,1.5,1,1.5,1.5
GuttenPlans,GuttenPlans x1367,Pop Corners - Spicy Queso,Food,1.5,1,1.5,1.5
GuttenPlans,GuttenPlans x1367,Red Bull - Original,Carbonated,3.5,1,3.5,3.5
GuttenPlans,GuttenPlans x1367,Coca Cola - Zero Sugar,Carbonated,1.5,1,1.5,1.5
GuttenPlans,GuttenPlans x1367,Pop Corners - Sea Salt,Food,1.5,1,1.5,5.0
GuttenPlans,GuttenPlans x1367,KitKat - Crisp Wafers,Food,2.0,1,2.0,5.0
GuttenPlans,GuttenPlans x1367,Nutri Grain Apple Cinnamon,Food,1.5,1,1.5,5.0
GuttenPlans,GuttenPlans x1367,Coca Cola - Zero Sugar,Carbonated,1.5,1,1.5,1.5
GuttenPlans,GuttenPlans x1367,KitKat - Crisp Wafers,Food,2.0,1,2.0,2.0
Brunswick Sq Mall,BSQ Mall x1364 - Zales,Coca Cola - Zero Sugar,Carbonated,1.5,1,1.5,1.5
Earle Asphalt,Earle Asphalt x1371,Wonderful Pistachios - Variety,Food,2.0,1,2.0,2.0
Earle Asphalt,Earle Asphalt x1371,Wonderful Pistachios - Variety,Food,2.0,1,2.0,2.0
EB Public Library,EB Public Library x1380,SunChips Multigrain - Original,Food,1.5,1,1.5,1.5
Earle Asphalt,Earle Asphalt x1371,Wonderful Pistachios - Variety,Food,2.0,1,2.0,2.0
GuttenPlans,GuttenPlans x1367,Red Bull - Original,Carbonated,3.5,1,3.5,3.5
GuttenPlans,GuttenPlans x1367,Snapple Diet Tea - Peach Tea,Non Carbonated,2.5,1,2.5,2.5
GuttenPlans,GuttenPlans x1367,Red Bull - Original,Carbonated,3.5,1,3.5,3.5
GuttenPlans,GuttenPlans x1367,Red Bull - Original,Carbonated,3.5,1,3.5,3.5
EB Public Library,EB Public Library x1380,SunChips Multigrain - Original,Food,1.5,1,1.5,1.5
EB Public Library,EB Public Library x1380,Kinder - Bueno - Crispy Creamy Chocolate,Food,2.0,1,2.0,2.0
EB Public Library,EB Public Library x1380,Kinder - Bueno - Crispy Creamy Chocolate,Food,2.0,1,2.0,2.0
GuttenPlans,GuttenPlans x1367,Pop Corners - Sea Salt,Food,1.5,1,1.5,1.5
GuttenPlans,GuttenPlans x1367,Snapple Tea - Raspberry,Non Carbonated,2.5,1,2.5,2.5
Earle Asphalt,Earle Asphalt x1371,Wonderful Pistachios - Variety,Food,2.0,1,2.0,2.0
Earle Asphalt,Earle Asphalt x1371,Miss Vickie's Potato Chip - Sea Salt & Vinega,Food,1.5,1,1.5,1.5
EB Public Library,EB Public Library x1380,Snapple Diet Tea - Peach Tea,Non Carbonated,2.5,1,2.5,2.5
EB Public Library,EB Public Library x1380,Belvita Snack Packs - Blueberry,Food,1.5,1,1.5,1.5
Earle Asphalt,Earle Asphalt x1371,Wonderful Pistachios - Variety,Food,2.0,1,2.0,2.0
EB Public Library,EB Public Library x1380,Robert Irvine's - Fit Crunch -  Chocolate Pea,Food,2.0,1,2.0,2.0
EB Public Library,EB Public Library x1380,SunChips Multigrain - Original,Food,1.5,1,1.5,1.5
EB Public Library,EB Public Library x1380,Genius Keto Bar - Chocolate Dream,Food,2.0,1,2.0,4.0
EB Public Library,EB Public Library x1380,Keto Krisp - Almond Butter,Carbonated,2.0,1,2.0,4.0
GuttenPlans,GuttenPlans x1367,Coca Cola - Zero Sugar,Carbonated,1.5,1,1.5,1.5
GuttenPlans,GuttenPlans x1367,Nutri Grain Apple Cinnamon,Food,1.5,1,1.5,1.5
Brunswick Sq Mall,BSQ Mall x1366 - ATT,S. Pellegrino Sparkling Mineral Water,Water,2.0,1,2.0,2.0
EB Public Library,EB Public Library x1380,SunChips Multigrain - Original,Food,1.5,1,1.5,1.5
EB Public Library,EB Public Library x1380,SunChips Multigrain - Original,Food,1.5,1,1.5,1.5
EB Public Library,EB Public Library x1380,Skippy Peanut Butter - Go Paks,Food,4.5,1,4.5,4.5
EB Public Library,EB Public Library x1380,SunChips Multigrain - Original,Food,1.5,1,1.5,1.5
EB Public Library,EB Public Library x1380,SunChips Multigrain - Original,Food,1.5,1,1.5,1.5
GuttenPlans,GuttenPlans x1367,Sunkist Soda - Orange,Carbonated,1.25,1,1.25,1.25
EB Public Library,EB Public Library x1380,Belvita Snack Packs - Blueberry,Food,1.5,1,1.5,1.5
EB Public Library,EB Public Library x1380,Robert Irvine's - Fit Crunch -  Chocolate Pea,Food,2.0,1,2.0,2.0
EB Public Library,EB Public Library x1380,Pop Corners - White Cheddar,Food,1.5,1,1.5,1.5
EB Public Library,EB Public Library x1380,Coca Cola - Zero Sugar,Carbonated,1.5,1,1.5,1.5
EB Public Library,EB Public Library x1380,CheezIt - Double Cheese,Food,1.5,1,1.5,1.5
EB Public Library,EB Public Library x1380,CheezIt - White Cheddar,Food,1.5,1,1.5,1.5
GuttenPlans,GuttenPlans x1367,Sunkist Soda - Orange,Carbonated,1.25,1,1.25,1.25
GuttenPlans,GuttenPlans x1367,Cheetos Cheddar Jalapeno,Food,1.5,1,1.5,1.5
GuttenPlans,GuttenPlans x1367,Fritos - Original,Food,1.5,1,1.5,1.5
GuttenPlans,GuttenPlans x1367,Sunkist Soda - Orange,Carbonated,1.25,1,1.25,1.25
GuttenPlans,GuttenPlans x1367,Snapple Diet Tea - Lemon,Non Carbonated,2.5,1,2.5,2.5
GuttenPlans,GuttenPlans x1367,Snapple Diet Tea - Peach Tea,Non Carbonated,2.5,1,2.5,2.5
EB Public Library,EB Public Library x1380,Snyder's of Hanover Pretzel Pieces - Honey Mu,Food,2.0,1,2.0,2.0
EB Public Library,EB Public Library x1380,Genius Keto Bar - Chocolate Dream,Food,2.0,1,2.0,2.0
EB Public Library,EB Public Library x1380,Coca Cola - Zero Sugar,Carbonated,1.5,1,1.5,1.5
GuttenPlans,GuttenPlans x1367,Pop Corners - Sea Salt,Food,1.5,1,1.5,1.5
GuttenPlans,GuttenPlans x1367,KitKat - Crisp Wafers,Food,2.0,1,2.0,2.0
GuttenPlans,GuttenPlans x1367,Snapple Tea - Raspberry,Non Carbonated,2.5,1,2.5,4.0
GuttenPlans,GuttenPlans x1367,Pop Corners - Sea Salt,Food,1.5,1,1.5,4.0
EB Public Library,EB Public Library x1380,Pop Corners - White Cheddar,Food,1.5,1,1.5,1.5
Earle Asphalt,Earle Asphalt x1371,Wonderful Pistachios - Variety,Food,2.0,1,2.0,2.0
Earle Asphalt,Earle Asphalt x1371,Wonderful Pistachios - Variety,Food,2.0,1,2.0,2.0
GuttenPlans,GuttenPlans x1367,Pop Corners - Sea Salt,Food,1.5,1,1.5,1.5
GuttenPlans,GuttenPlans x1367,Pop Corners - Spicy Queso,Food,1.5,1,1.5,1.5
EB Public Library,EB Public Library x1380,Spindrift - Sparkling Water - Pineapple,Carbonated,1.5,1,1.5,3.5
EB Public Library,EB Public Library x1380,Snyder's of Hanover Pretzel Pieces - Hot Buff,Food,2.0,1,2.0,3.5
EB Public Library,EB Public Library x1380,Coca Cola - Zero Sugar,Carbonated,1.5,1,1.5,1.5
EB Public Library,EB Public Library x1380,Pop Corners - Sea Salt,Food,1.5,1,1.5,1.5
EB Public Library,EB Public Library x1380,Coca Cola - Zero Sugar,Carbonated,1.5,1,1.5,1.5
EB Public Library,EB Public Library x1380,Lenny & Larrys - Chocolate Chip,Food,2.0,1,2.0,2.0
GuttenPlans,GuttenPlans x1367,Nutri Grain Apple Cinnamon,Food,1.5,1,1.5,1.5
Brunswick Sq Mall,BSQ Mall x1366 - ATT,Red Bull - Energy Drink - Sugar Free,Carbonated,3.5,1,3.5,3.5
GuttenPlans,GuttenPlans x1367,Cheetos Cheddar Jalapeno,Food,1.5,1,1.5,1.5
GuttenPlans,GuttenPlans x1367,Newtons Fig Bar,Food,1.5,1,1.5,1.5
EB Public Library,EB Public Library x1380,Coca Cola - Zero Sugar,Carbonated,1.5,1,1.5,1.5
Brunswick Sq Mall,BSQ Mall x1364 - Zales,Poland Springs Water,Water,1.5,1,1.5,1.5
GuttenPlans,GuttenPlans x1367,Nutri Grain Apple Cinnamon,Food,1.5,1,1.5,1.5
GuttenPlans,GuttenPlans x1367,Nutri Grain Apple Cinnamon,Food,1.5,1,1.5,1.5
EB Public Library,EB Public Library x1380,Kinder - Bueno - Crispy Creamy Chocolate,Food,2.0,1,2.0,2.0
Brunswick Sq Mall,BSQ Mall x1364 - Zales,Poland Springs Water,Water,1.5,1,1.5,1.5
EB Public Library,EB Public Library x1380,Kinder - Bueno - Crispy Creamy Chocolate,Food,2.0,1,2.0,2.0
Brunswick Sq Mall,BSQ Mall x1366 - ATT,BodyArmor LYTE - Strawberry Lemonade,Water,2.75,1,2.75,2.75
EB Public Library,EB Public Library x1380,V8 Vegetable Juice - Original,Non Carbonated,2.0,1,2.0,2.0
GuttenPlans,GuttenPlans x1367,Cheetos Flaming Hot Limon Crunchy,Food,1.5,1,1.5,1.5
GuttenPlans,GuttenPlans x1367,Stretch Island Fruit Leathers Snacks - Variet,Food,1.0,1,1.0,1.0
GuttenPlans,GuttenPlans x1367,Snapple Diet Tea - Lemon,Non Carbonated,2.5,1,2.5,2.5
GuttenPlans,GuttenPlans x1367,Snapple Tea - Raspberry,Non Carbonated,2.5,1,2.5,2.5
GuttenPlans,GuttenPlans x1367,Fritos - Original,Food,1.5,1,1.5,1.5
GuttenPlans,GuttenPlans x1367,Fritos - Original,Food,1.5,1,1.5,1.5
GuttenPlans,GuttenPlans x1367,Fritos - Original,Food,1.5,1,1.5,1.5
Earle Asphalt,Earle Asphalt x1371,Miss Vickie's Potato Chip - Smokehouse BBQ,Food,1.5,1,1.5,1.5
GuttenPlans,GuttenPlans x1367,Snapple Tea - Raspberry,Non Carbonated,2.5,1,2.5,2.5
Earle Asphalt,Earle Asphalt x1371,Vitamin Water - Squeezed Lemonade,Water,2.5,1,2.5,2.5
GuttenPlans,GuttenPlans x1367,Nutri Grain Apple Cinnamon,Food,1.5,1,1.5,1.5
GuttenPlans,GuttenPlans x1367,Nutri Grain Apple Cinnamon,Food,1.5,1,1.5,1.5
GuttenPlans,GuttenPlans x1367,Pop Corners - Spicy Queso,Food,1.5,1,1.5,1.5
EB Public Library,EB Public Library x1380,Spindrift - Sparkling Water - Pineapple,Carbonated,1.5,1,1.5,1.5
EB Public Library,EB Public Library x1380,Belvita Snack Packs - Blueberry,Food,1.5,1,1.5,1.5
EB Public Library,EB Public Library x1380,Robert Irvine's - Fit Crunch -  Chocolate Pea,Food,2.0,1,2.0,2.0
EB Public Library,EB Public Library x1380,Pop Corners - Sea Salt,Food,1.5,1,1.5,1.5
EB Public Library,EB Public Library x1380,Snapple Diet Tea - Peach Tea,Non Carbonated,2.5,1,2.5,2.5
EB Public Library,EB Public Library x1380,CheezIt - White Cheddar,Food,1.5,1,1.5,1.5
GuttenPlans,GuttenPlans x1367,Snapple Tea - Raspberry,Non Carbonated,2.5,1,2.5,4.5
GuttenPlans,GuttenPlans x1367,KitKat - Crisp Wafers,Food,2.0,1,2.0,4.5
EB Public Library,EB Public Library x1380,Coca Cola - Zero Sugar,Carbonated,1.5,1,1.5,1.5
EB Public Library,EB Public Library x1380,Snapple Diet Tea - Raspberry,Non Carbonated,2.5,1,2.5,2.5
EB Public Library,EB Public Library x1380,Keep Healthy - Chocolate Fudge,Food,2.0,1,2.0,3.5
EB Public Library,EB Public Library x1380,Spindrift - Sparkling Water - Pineapple,Carbonated,1.5,1,1.5,3.5
EB Public Library,EB Public Library x1380,Coca Cola - Zero Sugar,Carbonated,1.5,1,1.5,1.5
GuttenPlans,GuttenPlans x1367,Newtons Fig Bar,Food,1.5,1,1.5,1.5
EB Public Library,EB Public Library x1380,Belvita Snack Packs - Blueberry,Food,1.25,1,1.25,2.75
EB Public Library,EB Public Library x1380,Belvita Snack Packs - Blueberry,Food,1.5,1,1.5,2.75
EB Public Library,EB Public Library x1380,Coca Cola - Zero Sugar,Carbonated,1.5,1,1.5,1.5
EB Public Library,EB Public Library x1380,Kinder - Bueno - Crispy Creamy Chocolate,Food,2.0,1,2.0,2.0
EB Public Library,EB Public Library x1380,Ice Breakers Ice Cubes - PepperMint,Food,5.0,1,5.0,5.0
EB Public Library,EB Public Library x1380,CheezIt - Go Paks,Food,3.0,1,3.0,3.0
EB Public Library,EB Public Library x1380,Snapple Diet Tea - Raspberry,Non Carbonated,2.5,1,2.5,2.5
EB Public Library,EB Public Library x1380,Bai Antioxidant - Tanzania Lemon Super Tea,Non Carbonated,2.75,1,2.75,2.75
EB Public Library,EB Public Library x1380,Robert Irvine's - Fit Crunch -  Chocolate Pea,Food,2.0,1,2.0,2.0
EB Public Library,EB Public Library x1380,Snapple Diet Tea - Peach Tea,Non Carbonated,2.5,1,2.5,2.5
EB Public Library,EB Public Library x1380,Lenny & Larrys - Chocolate Chip,Food,2.0,1,2.0,2.0
EB Public Library,EB Public Library x1380,Coca Cola - Zero Sugar,Carbonated,1.5,1,1.5,1.5
Brunswick Sq Mall,BSQ Mall x1364 - Zales,CheezIt - Original,Food,1.25,1,1.25,1.25
Brunswick Sq Mall,BSQ Mall x1364 - Zales,Coca Cola - Zero Sugar,Carbonated,1.5,1,1.5,3.0
Brunswick Sq Mall,BSQ Mall x1364 - Zales,Miss Vickie's Potato Chip - Sea Salt Original,Food,1.5,1,1.5,3.0
GuttenPlans,GuttenPlans x1367,Nutri Grain Apple Cinnamon,Food,1.5,1,1.5,1.5
GuttenPlans,GuttenPlans x1367,Newtons Fig Bar,Food,1.5,1,1.5,1.5
EB Public Library,EB Public Library x1380,Spindrift - Sparkling Water - Pineapple,Carbonated,1.5,1,1.5,1.5
Earle Asphalt,Earle Asphalt x1371,Miss Vickie's Potato Chip - Sea Salt & Vinega,Food,1.5,1,1.5,1.5
EB Public Library,EB Public Library x1380,V8 Vegetable Juice - Original,Non Carbonated,2.0,1,2.0,2.0
EB Public Library,EB Public Library x1380,Genius Keto Bar - Chocolate Dream,Food,2.0,1,2.0,3.5
EB Public Library,EB Public Library x1380,Spindrift - Sparkling Water - Pineapple,Carbonated,1.5,1,1.5,3.5
EB Public Library,EB Public Library x1380,Spindrift - Sparkling Water - Pineapple,Carbonated,1.5,1,1.5,1.5
EB Public Library,EB Public Library x1380,Spindrift - Sparkling Water - Pineapple,Carbonated,1.5,1,1.5,1.5
EB Public Library,EB Public Library x1380,Seapoint Farms Dry Roasted Edamame - Wasabi,Food,2.5,1,2.5,2.5
Earle Asphalt,Earle Asphalt x1371,Kinder - Bueno - Crispy Creamy Chocolate,Food,2.0,1,2.0,2.0
Earle Asphalt,Earle Asphalt x1371,RXBAR - Protein Bar - Peanut Butter,Food,2.0,1,2.0,2.0
Earle Asphalt,Earle Asphalt x1371,Robert Irvine's - Fit Crunch -  Chocolate Pea,Food,2.0,1,2.0,2.0
Earle Asphalt,Earle Asphalt x1371,Miss Vickie's Potato Chip - Jalapeno,Food,1.5,1,1.5,1.5
EB Public Library,EB Public Library x1380,Belvita Snack Packs - Blueberry,Food,1.5,1,1.5,1.5
GuttenPlans,GuttenPlans x1367,Newtons Fig Bar,Food,1.5,1,1.5,1.5
Brunswick Sq Mall,BSQ Mall x1364 - Zales,Snapple Diet Tea - Peach Tea,Non Carbonated,2.5,1,2.5,2.5
Brunswick Sq Mall,BSQ Mall x1364 - Zales,Takis - Hot Chilli Pepper & Lime,Food,1.5,1,1.5,1.5
Brunswick Sq Mall,BSQ Mall x1364 - Zales,Poland Springs Water,Water,1.5,1,1.5,1.5
Brunswick Sq Mall,BSQ Mall x1364 - Zales,Poland Springs Water,Water,1.5,1,1.5,1.5
Brunswick Sq Mall,BSQ Mall x1366 - ATT,CheezIt - Original,Food,1.25,1,1.25,1.25
Brunswick Sq Mall,BSQ Mall x1366 - ATT,BodyArmor LYTE - Strawberry Lemonade,Water,2.75,1,2.75,2.75
GuttenPlans,GuttenPlans x1367,Pop Corners - Sea Salt,Food,1.5,1,1.5,1.5
GuttenPlans,GuttenPlans x1367,Nutri Grain Apple Cinnamon,Food,1.5,1,1.5,1.5
EB Public Library,EB Public Library x1380,Snyder's of Hanover Pretzel Pieces - Hot Buff,Food,2.0,1,2.0,2.0
EB Public Library,EB Public Library x1380,Snyder's of Hanover Pretzel Pieces - Hot Buff,Food,2.0,1,2.0,2.0
EB Public Library,EB Public Library x1380,Pop Corners - White Cheddar,Food,1.5,1,1.5,1.5
EB Public Library,EB Public Library x1380,Wonderful Pistachios - Variety,Food,2.0,1,2.0,2.0
EB Public Library,EB Public Library x1380,Keep Healthy - Chocolate Fudge,Food,2.0,1,2.0,2.0
EB Public Library,EB Public Library x1380,Snyder's of Hanover Pretzel Pieces - Hot Buff,Food,2.0,1,2.0,2.0
Brunswick Sq Mall,BSQ Mall x1366 - ATT,CheezIt - White Cheddar,Food,1.25,1,1.25,1.25
EB Public Library,EB Public Library x1380,Lenny & Larrys - SnickerDoodle,Food,3.0,1,3.0,3.0
Brunswick Sq Mall,BSQ Mall x1366 - ATT,Bubly - Cherry,Carbonated,1.5,1,1.5,1.5
Brunswick Sq Mall,BSQ Mall x1364 - Zales,Poland Springs Water,Water,1.5,1,1.5,1.5
Brunswick Sq Mall,BSQ Mall x1366 - ATT,Robert Irvine's - Fit Crunch -  Chocolate Pea,Food,2.0,1,2.0,2.0
Brunswick Sq Mall,BSQ Mall x1364 - Zales,KitKat - Crisp Wafers,Food,2.0,2,4.0,5.5
Brunswick Sq Mall,BSQ Mall x1364 - Zales,SunChips Multigrain - Original,Food,1.5,1,1.5,5.5
Brunswick Sq Mall,BSQ Mall x1366 - ATT,Takis - Hot Chilli Pepper & Lime,Food,1.5,1,1.5,1.5
Brunswick Sq Mall,BSQ Mall x1364 - Zales,Poland Springs Water,Water,1.5,1,1.5,1.5
Brunswick Sq Mall,BSQ Mall x1364 - Zales,Vitamin Water - Squeezed Lemonade,Water,2.75,1,2.75,2.75
Brunswick Sq Mall,BSQ Mall x1366 - ATT,Oreo Mini,Food,2.0,1,2.0,2.0
Brunswick Sq Mall,BSQ Mall x1364 - Zales,Poland Springs Water,Water,1.5,1,1.5,1.5
Brunswick Sq Mall,BSQ Mall x1366 - ATT,Miss Vickie's Potato Chip - Sea Salt Original,Food,1.5,1,1.5,1.5
Brunswick Sq Mall,BSQ Mall x1366 - ATT,Vitamin Water - XXX Acai BB Pomegranate,Water,2.75,1,2.75,2.75
Brunswick Sq Mall,BSQ Mall x1364 - Zales,Poland Springs Water,Water,1.5,1,1.5,1.5
Brunswick Sq Mall,BSQ Mall x1366 - ATT,Miss Vickie's Potato Chip - Sea Salt Original,Food,1.5,1,1.5,1.5
EB Public Library,EB Public Library x1380,Pop Corners - Spicy Queso,Food,1.5,1,1.5,1.5
Brunswick Sq Mall,BSQ Mall x1366 - ATT,BodyArmor LYTE - Strawberry Lemonade,Water,2.75,1,2.75,2.75
EB Public Library,EB Public Library x1380,Takis - Hot Chilli Pepper & Lime,Food,1.5,1,1.5,1.5
EB Public Library,EB Public Library x1380,Genius Keto Bar - Chocolate Dream,Food,2.0,1,2.0,2.0
EB Public Library,EB Public Library x1380,Pop Corners - Spicy Queso,Food,1.5,1,1.5,1.5
EB Public Library,EB Public Library x1380,Coca Cola - Zero Sugar,Carbonated,1.5,2,3.0,3.0
Brunswick Sq Mall,BSQ Mall x1364 - Zales,Poland Springs Water,Water,1.5,1,1.5,1.5
EB Public Library,EB Public Library x1380,Kinder - Bueno - Crispy Creamy Chocolate,Food,2.0,1,2.0,2.0
EB Public Library,EB Public Library x1380,Genius Keto Bar - Chocolate Dream,Food,2.0,1,2.0,2.0
EB Public Library,EB Public Library x1380,Starbucks Doubleshot Energy - Mocha,Non Carbonated,3.5,1,3.5,3.5
Brunswick Sq Mall,BSQ Mall x1364 - Zales,Takis - Hot Chilli Pepper & Lime,Food,1.5,1,1.5,1.5
Brunswick Sq Mall,BSQ Mall x1364 - Zales,Takis - Hot Chilli Pepper & Lime,Food,1.5,1,1.5,1.5
EB Public Library,EB Public Library x1380,Goldfish Baked - Cheddar,Food,1.25,1,1.25,1.25
EB Public Library,EB Public Library x1380,Lenny & Larrys - Chocolate Chip,Food,2.0,1,2.0,2.0
EB Public Library,EB Public Library x1380,Snapple Diet Tea - Raspberry,Non Carbonated,2.5,1,2.5,2.5
EB Public Library,EB Public Library x1380,Kinder - Bueno - Crispy Creamy Chocolate,Food,2.0,1,2.0,2.0
EB Public Library,EB Public Library x1380,Takis - Hot Chilli Pepper & Lime,Food,1.5,1,1.5,1.5
Brunswick Sq Mall,BSQ Mall x1364 - Zales,Spindrift - Sparkling Water  Lime,Carbonated,1.5,1,1.5,1.5
Brunswick Sq Mall,BSQ Mall x1364 - Zales,Spindrift - Sparkling Water  Lime,Carbonated,1.5,1,1.5,1.5
Brunswick Sq Mall,BSQ Mall x1366 - ATT,Takis - Hot Chilli Pepper & Lime,Food,1.5,1,1.5,1.5
Brunswick Sq Mall,BSQ Mall x1366 - ATT,Takis - Hot Chilli Pepper & Lime,Food,1.5,1,1.5,1.5
Brunswick Sq Mall,BSQ Mall x1366 - ATT,KitKat - Crisp Wafers,Food,2.0,1,2.0,2.0
Earle Asphalt,Earle Asphalt x1371,RXBAR - Protein Bar - Chocolate Sea Salt,Food,2.0,1,2.0,2.0
Earle Asphalt,Earle Asphalt x1371,Wonderful Pistachios - Variety,Food,2.0,1,2.0,2.0
Earle Asphalt,Earle Asphalt x1371,Wonderful Pistachios - Variety,Food,2.0,1,2.0,2.0
Earle Asphalt,Earle Asphalt x1371,Wonderful Pistachios - Variety,Food,2.0,1,2.0,2.0
EB Public Library,EB Public Library x1380,Goldfish Baked - Cheddar,Food,1.25,1,1.25,1.25
Earle Asphalt,Earle Asphalt x1371,Robert Irvine's - Fit Crunch -  Chocolate Pea,Food,2.0,1,2.0,2.0
EB Public Library,EB Public Library x1380,Iberia Coconut Water,Non Carbonated,2.0,1,2.0,4.0
EB Public Library,EB Public Library x1380,Wonderful Pistachios - Variety,Food,2.0,1,2.0,4.0
GuttenPlans,GuttenPlans x1367,Nutri Grain Apple Cinnamon,Food,1.5,1,1.5,2.75
GuttenPlans,GuttenPlans x1367,Chum Fruit Bites - Mango/Strawberry,Food,1.25,1,1.25,2.75
EB Public Library,EB Public Library x1380,CheezIt - White Cheddar,Food,1.25,1,1.25,1.25
EB Public Library,EB Public Library x1380,Snyder's of Hanover Pretzel Pieces - Hot Buff,Food,2.0,1,2.0,2.0
EB Public Library,EB Public Library x1380,Kinder - Bueno - Crispy Creamy Chocolate,Food,2.0,1,2.0,2.0
EB Public Library,EB Public Library x1380,Goldfish Baked - Cheddar,Food,1.25,1,1.25,1.25
EB Public Library,EB Public Library x1380,Robert Irvine's - Fit Crunch -  Chocolate Pea,Food,2.0,1,2.0,2.0
Earle Asphalt,Earle Asphalt x1371,Miss Vickie's Potato Chip - Sea Salt & Vinega,Food,1.5,1,1.5,1.5
Earle Asphalt,Earle Asphalt x1371,CheezIt - Cheddar Sour Cream and Onion,Food,1.5,1,1.5,1.5
Earle Asphalt,Earle Asphalt x1371,Miss Vickie's Potato Chip - Sea Salt & Vinega,Food,1.5,1,1.5,3.0
Earle Asphalt,Earle Asphalt x1371,CheezIt - Cheddar Sour Cream and Onion,Food,1.5,1,1.5,3.0
Earle Asphalt,Earle Asphalt x1371,Wonderful Pistachios - Variety,Food,2.0,1,2.0,2.0
EB Public Library,EB Public Library x1380,Poland Springs Water,Water,1.5,1,1.5,1.5
EB Public Library,EB Public Library x1380,Starbucks Doubleshot Energy - Mocha,Non Carbonated,3.5,1,3.5,3.5
Brunswick Sq Mall,BSQ Mall x1366 - ATT,Vitamin Water - XXX Acai BB Pomegranate,Water,2.75,1,2.75,2.75
Brunswick Sq Mall,BSQ Mall x1364 - Zales,Monster Energy Original,Carbonated,3.0,1,3.0,3.0
EB Public Library,EB Public Library x1380,Starbucks Doubleshot Energy - Mocha,Non Carbonated,3.5,1,3.5,3.5
EB Public Library,EB Public Library x1380,Genius Keto Bar - Chocolate Dream,Food,2.0,1,2.0,2.0
EB Public Library,EB Public Library x1380,Belvita Snack Packs - Blueberry,Food,1.5,1,1.5,1.5
EB Public Library,EB Public Library x1380,Poland Springs Water,Water,1.5,1,1.5,1.5
EB Public Library,EB Public Library x1380,Poland Springs Water,Water,1.5,1,1.5,1.5
EB Public Library,EB Public Library x1380,V8 Vegetable Juice - Original,Non Carbonated,2.0,1,2.0,2.0
EB Public Library,EB Public Library x1380,Snyder's of Hanover Pretzel Pieces - Hot Buff,Food,2.0,1,2.0,2.0
EB Public Library,EB Public Library x1380,Belvita Snack Packs - Blueberry,Food,1.25,1,1.25,1.25
EB Public Library,EB Public Library x1380,Snyder's of Hanover Pretzel Pieces - Hot Buff,Food,2.0,1,2.0,2.0
EB Public Library,EB Public Library x1380,Snapple Diet Tea - Lemon,Non Carbonated,2.5,1,2.5,2.5
EB Public Library,EB Public Library x1380,Seapoint Farms Dry Roasted Edamame - Wasabi,Food,2.5,1,2.5,2.5
EB Public Library,EB Public Library x1380,Lenny & Larrys - Chocolate Chip,Food,2.0,1,2.0,2.0
EB Public Library,EB Public Library x1380,Belvita Snack Packs - Blueberry,Food,1.25,1,1.25,1.25
EB Public Library,EB Public Library x1380,Poland Springs Water,Water,1.5,1,1.5,1.5
Earle Asphalt,Earle Asphalt x1371,CheezIt - Cheddar Sour Cream and Onion,Food,1.5,1,1.5,1.5
EB Public Library,EB Public Library x1380,CheezIt - Go Paks,Food,3.0,1,3.0,3.0
GuttenPlans,GuttenPlans x1367,Nutri Grain Apple Cinnamon,Food,1.5,1,1.5,1.5
Earle Asphalt,Earle Asphalt x1371,Wonderful Pistachios - Variety,Food,2.0,1,2.0,2.0
EB Public Library,EB Public Library x1380,Poland Springs Water,Water,1.5,1,1.5,1.5
EB Public Library,EB Public Library x1380,Genius Keto Bar - Chocolate Dream,Food,2.0,1,2.0,2.0
EB Public Library,EB Public Library x1380,Poland Springs Water,Water,1.5,1,1.5,1.5
EB Public Library,EB Public Library x1380,Goldfish Baked - Cheddar,Food,1.25,1,1.25,1.25
GuttenPlans,GuttenPlans x1367,Good Health Veggie Stix - Zesty Ranch,Food,1.5,1,1.5,2.75
GuttenPlans,GuttenPlans x1367,Chum Fruit Bites - Mango/Strawberry,Food,1.25,1,1.25,2.75
EB Public Library,EB Public Library x1380,Goldfish Baked - Cheddar,Food,1.25,1,1.25,1.25
EB Public Library,EB Public Library x1380,Pop Corners - White Cheddar,Food,1.5,1,1.5,1.5
Earle Asphalt,Earle Asphalt x1371,Wonderful Pistachios - Variety,Food,2.0,1,2.0,2.0
EB Public Library,EB Public Library x1380,Goldfish Baked - Cheddar,Food,1.25,1,1.25,1.25
Brunswick Sq Mall,BSQ Mall x1366 - ATT,Takis - Hot Chilli Pepper & Lime,Food,1.5,1,1.5,1.5
Brunswick Sq Mall,BSQ Mall x1366 - ATT,Autumns Granola Bar - Cinnamon Almond,Food,2.0,1,2.0,2.0
Brunswick Sq Mall,BSQ Mall x1366 - ATT,Bai Lemonade - Burundi Blueberry,Non Carbonated,2.5,1,2.5,2.5
EB Public Library,EB Public Library x1380,Goldfish Baked - Cheddar,Food,1.25,1,1.25,1.25
EB Public Library,EB Public Library x1380,Pop Corners - Kettle Corn,Food,1.5,1,1.5,1.5
EB Public Library,EB Public Library x1380,Kinder - Bueno - Crispy Creamy Chocolate,Food,2.0,1,2.0,2.0
Brunswick Sq Mall,BSQ Mall x1366 - ATT,BodyArmor LYTE - Strawberry Lemonade,Water,2.75,1,2.75,2.75
EB Public Library,EB Public Library x1380,Takis - Hot Chilli Pepper & Lime,Food,1.5,1,1.5,1.5
GuttenPlans,GuttenPlans x1367,Good Health Veggie Stix - Zesty Ranch,Food,1.5,1,1.5,1.5
GuttenPlans,GuttenPlans x1367,Good Health Veggie Stix - Zesty Ranch,Food,1.5,1,1.5,1.5
EB Public Library,EB Public Library x1380,Pop Corners - White Cheddar,Food,1.5,1,1.5,1.5
EB Public Library,EB Public Library x1380,Pop Corners - Spicy Queso,Food,1.5,1,1.5,1.5
Brunswick Sq Mall,BSQ Mall x1364 - Zales,Coca Cola - Zero Sugar,Carbonated,1.5,1,1.5,1.5
Brunswick Sq Mall,BSQ Mall x1364 - Zales,Vitamin Water - Squeezed Lemonade,Water,2.75,1,2.75,2.75
Brunswick Sq Mall,BSQ Mall x1364 - Zales,Coca Cola - Zero Sugar,Carbonated,1.5,1,1.5,1.5
Earle Asphalt,Earle Asphalt x1371,RXBAR - Protein Bar - Chocolate Sea Salt,Food,2.0,1,2.0,2.0
Earle Asphalt,Earle Asphalt x1371,RXBAR - Protein Bar - Peanut Butter,Food,2.0,1,2.0,2.0
EB Public Library,EB Public Library x1380,Genius Keto Bar - Chocolate Dream,Food,2.0,1,2.0,2.0
Earle Asphalt,Earle Asphalt x1371,Wonderful Pistachios - Variety,Food,2.0,1,2.0,2.0
GuttenPlans,GuttenPlans x1367,Nutri Grain Apple Cinnamon,Food,1.5,1,1.5,1.5
EB Public Library,EB Public Library x1380,Genius Keto Bar - Chocolate Dream,Food,2.0,1,2.0,4.0
EB Public Library,EB Public Library x1380,Autumns Granola Bar - Cinnamon Almond,Food,2.0,1,2.0,4.0
Earle Asphalt,Earle Asphalt x1371,Miss Vickie's Potato Chip - Sea Salt & Vinega,Food,1.5,1,1.5,1.5
EB Public Library,EB Public Library x1380,Snapple Diet Tea - Lemon,Non Carbonated,2.5,1,2.5,2.5
Earle Asphalt,Earle Asphalt x1371,CheezIt - White Cheddar,Food,1.5,1,1.5,1.5
Brunswick Sq Mall,BSQ Mall x1364 - Zales,Takis - Hot Chilli Pepper & Lime,Food,1.5,1,1.5,1.5
Earle Asphalt,Earle Asphalt x1371,Robert Irvine's - Fit Crunch -  Chocolate Pea,Food,2.0,1,2.0,2.0
EB Public Library,EB Public Library x1380,Pop Corners - Kettle Corn,Food,1.5,1,1.5,1.5
EB Public Library,EB Public Library x1380,Snapple Diet Tea - Lemon,Non Carbonated,2.5,1,2.5,2.5
EB Public Library,EB Public Library x1380,Pop Corners - Spicy Queso,Food,1.5,1,1.5,1.5
EB Public Library,EB Public Library x1380,Pop Corners - White Cheddar,Food,1.5,1,1.5,1.5
EB Public Library,EB Public Library x1380,Starbucks Doubleshot Energy - Mocha,Non Carbonated,3.5,1,3.5,3.5
Brunswick Sq Mall,BSQ Mall x1366 - ATT,Monster Energy Original,Carbonated,3.0,1,3.0,3.0
EB Public Library,EB Public Library x1380,Kinder - Bueno - Crispy Creamy Chocolate,Food,2.0,1,2.0,2.0
EB Public Library,EB Public Library x1380,Snyder's of Hanover Pretzel Pieces - Honey Mu,Food,2.0,1,2.0,2.0
Brunswick Sq Mall,BSQ Mall x1364 - Zales,CheezIt - Original,Food,1.25,1,1.25,1.25
EB Public Library,EB Public Library x1380,Poland Springs Water,Water,1.5,1,1.5,1.5
Brunswick Sq Mall,BSQ Mall x1366 - ATT,S. Pellegrino Sparkling Mineral Water,Water,2.0,1,2.0,2.0
Brunswick Sq Mall,BSQ Mall x1366 - ATT,S. Pellegrino Sparkling Mineral Water,Water,2.0,1,2.0,2.0
Brunswick Sq Mall,BSQ Mall x1364 - Zales,Coca Cola - Zero Sugar,Carbonated,1.5,1,1.5,1.5
Brunswick Sq Mall,BSQ Mall x1364 - Zales,Coca Cola - Zero Sugar,Carbonated,1.5,1,1.5,1.5
Earle Asphalt,Earle Asphalt x1371,RXBAR - Protein Bar - Chocolate Sea Salt,Food,2.0,1,2.0,2.0
Brunswick Sq Mall,BSQ Mall x1364 - Zales,Coca Cola - Zero Sugar,Carbonated,1.5,1,1.5,1.5
Brunswick Sq Mall,BSQ Mall x1364 - Zales,Monster Energy Original,Carbonated,3.0,1,3.0,3.0
Earle Asphalt,Earle Asphalt x1371,Miss Vickie's Potato Chip - Jalapeno,Food,1.5,1,1.5,1.5
EB Public Library,EB Public Library x1380,CheezIt - Go Paks,Food,3.0,1,3.0,3.0
EB Public Library,EB Public Library x1380,Snapple Diet Tea - Lemon,Non Carbonated,2.5,1,2.5,2.5
Earle Asphalt,Earle Asphalt x1371,Robert Irvine's - Fit Crunch -  Chocolate Pea,Food,2.0,1,2.0,2.0
Brunswick Sq Mall,BSQ Mall x1366 - ATT,Spindrift - Sparkling Water - Pineapple,Carbonated,1.5,1,1.5,1.5
EB Public Library,EB Public Library x1380,Belvita Snack Packs - Blueberry,Food,1.5,1,1.5,1.5
EB Public Library,EB Public Library x1380,Starbucks Doubleshot Energy - Mocha,Non Carbonated,3.5,1,3.5,3.5
EB Public Library,EB Public Library x1380,Coca Cola - Zero Sugar,Carbonated,1.5,1,1.5,1.5
EB Public Library,EB Public Library x1380,Snapple Diet Tea - Raspberry,Non Carbonated,2.5,1,2.5,2.5
EB Public Library,EB Public Library x1380,Snapple Diet Tea - Lemon,Non Carbonated,2.5,1,2.5,2.5
EB Public Library,EB Public Library x1380,Takis - Hot Chilli Pepper & Lime,Food,1.5,1,1.5,1.5
GuttenPlans,GuttenPlans x1367,Nutri Grain Apple Cinnamon,Food,1.5,1,1.5,1.5
EB Public Library,EB Public Library x1380,Takis - Hot Chilli Pepper & Lime,Food,1.5,1,1.5,1.5
EB Public Library,EB Public Library x1380,Coca Cola - Zero Sugar,Carbonated,1.5,1,1.5,1.5
EB Public Library,EB Public Library x1380,Takis - Hot Chilli Pepper & Lime,Food,1.5,1,1.5,1.5
EB Public Library,EB Public Library x1380,Lenny & Larrys - SnickerDoodle,Food,3.0,1,3.0,3.0
GuttenPlans,GuttenPlans x1367,Nutri Grain Apple Cinnamon,Food,1.5,1,1.5,1.5
Earle Asphalt,Earle Asphalt x1371,Miss Vickie's Potato Chip - Smokehouse BBQ,Food,1.5,1,1.5,1.5
Brunswick Sq Mall,BSQ Mall x1364 - Zales,CheezIt - Original,Food,1.25,1,1.25,1.25
Earle Asphalt,Earle Asphalt x1371,RXBAR - Protein Bar - Peanut Butter,Food,2.0,1,2.0,2.0
Earle Asphalt,Earle Asphalt x1371,RXBAR - Protein Bar - Peanut Butter,Food,2.0,1,2.0,2.0
Brunswick Sq Mall,BSQ Mall x1364 - Zales,Snapple Diet Tea - Peach Tea,Non Carbonated,2.5,1,2.5,2.5
Brunswick Sq Mall,BSQ Mall x1364 - Zales,Snapple Diet Tea - Peach Tea,Non Carbonated,2.5,1,2.5,2.5
Earle Asphalt,Earle Asphalt x1371,CheezIt - Cheddar Sour Cream and Onion,Food,1.5,1,1.5,1.5
Earle Asphalt,Earle Asphalt x1371,CheezIt - White Cheddar,Food,1.5,1,1.5,1.5
Earle Asphalt,Earle Asphalt x1371,CheezIt - Cheddar Sour Cream and Onion,Food,1.5,1,1.5,1.5
Earle Asphalt,Earle Asphalt x1371,CheezIt - Cheddar Sour Cream and Onion,Food,1.5,1,1.5,1.5
EB Public Library,EB Public Library x1380,Poland Springs Water,Water,1.5,1,1.5,1.5
Brunswick Sq Mall,BSQ Mall x1364 - Zales,Takis - Hot Chilli Pepper & Lime,Food,1.5,1,1.5,1.5
Brunswick Sq Mall,BSQ Mall x1364 - Zales,Coca Cola - Zero Sugar,Carbonated,1.5,1,1.5,1.5
Brunswick Sq Mall,BSQ Mall x1366 - ATT,Bubly - Mango,Carbonated,1.5,1,1.5,1.5
EB Public Library,EB Public Library x1380,Pop Corners - White Cheddar,Food,1.5,1,1.5,1.5
EB Public Library,EB Public Library x1380,Poland Springs Water,Water,1.5,1,1.5,1.5
EB Public Library,EB Public Library x1380,Coca Cola - Zero Sugar,Carbonated,1.5,1,1.5,1.5
GuttenPlans,GuttenPlans x1367,Funyuns - Flaming Hot,Food,1.5,1,1.5,1.5
GuttenPlans,GuttenPlans x1367,Doritos Spicy Nacho,,1.5,1,1.5,1.5
Brunswick Sq Mall,BSQ Mall x1364 - Zales,Vitamin Water - Ice Cool Blue Lavender,Water,2.75,1,2.75,2.75
GuttenPlans,GuttenPlans x1367,Coca Cola - Zero Sugar,Carbonated,1.5,1,1.5,1.5
GuttenPlans,GuttenPlans x1367,Chesters Fries Flaming hot,Food,1.5,1,1.5,1.5
GuttenPlans,GuttenPlans x1367,Sunkist Soda - Orange,Carbonated,1.25,1,1.25,1.25
GuttenPlans,GuttenPlans x1367,KitKat - Crisp Wafers,Food,2.0,1,2.0,2.0
GuttenPlans,GuttenPlans x1367,Red Bull - Original,Carbonated,3.5,1,3.5,3.5
GuttenPlans,GuttenPlans x1367,Monster Energy Original,Carbonated,3.0,1,3.0,3.0
GuttenPlans,GuttenPlans x1367,Sunkist Soda - Orange,Carbonated,1.25,1,1.25,1.25
GuttenPlans,GuttenPlans x1367,Sunkist Soda - Orange,Carbonated,1.25,1,1.25,1.25
GuttenPlans,GuttenPlans x1367,Cheetos Puffs,Food,1.5,1,1.5,1.5
GuttenPlans,GuttenPlans x1367,Cheetos Flaming Hot Limon Crunchy,Food,2.0,1,2.0,2.0
GuttenPlans,GuttenPlans x1367,Monster Energy Original,Carbonated,3.0,1,3.0,3.0
GuttenPlans,GuttenPlans x1367,Chesters Fries Flaming hot,Food,1.5,1,1.5,1.5
GuttenPlans,GuttenPlans x1367,Funyuns - Flaming Hot,Food,1.5,1,1.5,1.5
GuttenPlans,GuttenPlans x1367,Coca Cola - Zero Sugar,Carbonated,1.5,1,1.5,1.5
GuttenPlans,GuttenPlans x1367,Coca Cola - Zero Sugar,Carbonated,1.5,1,1.5,1.5
GuttenPlans,GuttenPlans x1367,Coca Cola - Zero Sugar,Carbonated,1.5,1,1.5,1.5
Brunswick Sq Mall,BSQ Mall x1366 - ATT,Bai Lemonade - Burundi Blueberry,Non Carbonated,2.5,1,2.5,2.5
EB Public Library,EB Public Library x1380,Goldfish Baked - Cheddar,Food,1.25,1,1.25,1.25
Brunswick Sq Mall,BSQ Mall x1364 - Zales,Vitamin Water - Squeezed Lemonade,Water,2.75,1,2.75,2.75
Brunswick Sq Mall,BSQ Mall x1364 - Zales,Snapple Diet Tea - Peach Tea,Non Carbonated,2.5,1,2.5,2.5
Brunswick Sq Mall,BSQ Mall x1366 - ATT,SunChips Multigrain - Original,Food,1.5,1,1.5,1.5
Brunswick Sq Mall,BSQ Mall x1366 - ATT,Pop Corners - Sweet & Salty Kettle,Food,1.5,1,1.5,1.5
Brunswick Sq Mall,BSQ Mall x1364 - Zales,Poland Springs Water,Water,1.5,1,1.5,1.5
EB Public Library,EB Public Library x1380,Bai Antioxidant - Tanzania Lemon Super Tea,Non Carbonated,2.75,1,2.75,2.75
EB Public Library,EB Public Library x1380,Mini Chips Ahoy - Go Paks,,4.0,1,4.0,4.0
Brunswick Sq Mall,BSQ Mall x1364 - Zales,Poland Springs Water,Water,1.5,1,1.5,4.5
Brunswick Sq Mall,BSQ Mall x1364 - Zales,Monster Energy Original,Carbonated,3.0,1,3.0,4.5
EB Public Library,EB Public Library x1380,SunChips Multigrain - Harvest Cheddar,Food,1.5,1,1.5,1.5
EB Public Library,EB Public Library x1380,Goldfish Baked - Cheddar,Food,1.25,1,1.25,1.25
EB Public Library,EB Public Library x1380,Pop Corners - White Cheddar,Food,1.5,1,1.5,1.5
EB Public Library,EB Public Library x1380,Pop Corners - White Cheddar,Food,1.5,1,1.5,1.5
EB Public Library,EB Public Library x1380,SunChips Multigrain - Harvest Cheddar,Food,1.5,1,1.5,1.5
EB Public Library,EB Public Library x1380,Poland Springs Water,Water,1.5,1,1.5,1.5
EB Public Library,EB Public Library x1380,Goldfish Baked - Cheddar,Food,1.25,1,1.25,1.25
EB Public Library,EB Public Library x1380,Poland Springs Water,Water,1.5,1,1.5,1.5
EB Public Library,EB Public Library x1380,Wonderful Pistachios - Variety,Food,2.0,1,2.0,2.0
EB Public Library,EB Public Library x1380,Goldfish Baked - Cheddar,Food,1.25,1,1.25,1.25
EB Public Library,EB Public Library x1380,Poland Springs Water,Water,1.5,1,1.5,1.5
EB Public Library,EB Public Library x1380,SunChips Multigrain - Harvest Cheddar,Food,1.5,1,1.5,1.5
EB Public Library,EB Public Library x1380,Goldfish Baked - Cheddar,Food,1.25,1,1.25,1.25
EB Public Library,EB Public Library x1380,CheezIt - Double Cheese,Food,1.25,1,1.25,1.25
EB Public Library,EB Public Library x1380,Oreo Mini - Go Paks,,4.0,1,4.0,4.0
EB Public Library,EB Public Library x1380,Ice Breakers Ice Cubes - PepperMint,Food,5.0,1,5.0,5.0
Brunswick Sq Mall,BSQ Mall x1366 - ATT,Vitamin Water - XXX Acai BB Pomegranate,Water,2.75,1,2.75,2.75
Brunswick Sq Mall,BSQ Mall x1366 - ATT,Bubly - Mango,Carbonated,1.5,1,1.5,1.5
Brunswick Sq Mall,BSQ Mall x1364 - Zales,Coca Cola - Zero Sugar,Carbonated,1.5,1,1.5,1.5
GuttenPlans,GuttenPlans x1367,Red Bull - Original,Carbonated,3.5,1,3.5,3.5
Brunswick Sq Mall,BSQ Mall x1364 - Zales,Monster Energy Original,Carbonated,3.0,1,3.0,3.0
EB Public Library,EB Public Library x1380,CheezIt - Go Paks,Food,3.0,1,3.0,3.0
GuttenPlans,GuttenPlans x1367,Red Bull - Original,Carbonated,3.5,1,3.5,3.5
EB Public Library,EB Public Library x1380,Coca Cola - Zero Sugar,Carbonated,1.5,1,1.5,1.5
GuttenPlans,GuttenPlans x1367,Funyuns - Flaming Hot,Food,1.5,1,1.5,6.5
GuttenPlans,GuttenPlans x1367,Snapple Tea - Raspberry,Non Carbonated,2.5,1,2.5,6.5
GuttenPlans,GuttenPlans x1367,KitKat - Crisp Wafers,Food,2.5,1,2.5,6.5
Brunswick Sq Mall,BSQ Mall x1364 - Zales,Poland Springs Water,Water,1.5,1,1.5,1.5
EB Public Library,EB Public Library x1380,Belvita Snack Packs - Blueberry,Food,1.5,1,1.5,1.5
EB Public Library,EB Public Library x1380,Snyder's of Hanover Pretzel Pieces - Honey Mu,Food,2.0,1,2.0,2.0
EB Public Library,EB Public Library x1380,Goldfish Baked - Cheddar,Food,1.25,1,1.25,1.25
EB Public Library,EB Public Library x1380,Oreo Mini - Go Paks,,4.0,1,4.0,4.0
EB Public Library,EB Public Library x1380,Takis - Hot Chilli Pepper & Lime,Food,1.5,1,1.5,1.5
EB Public Library,EB Public Library x1380,Pop Corners - Sea Salt,Food,1.5,1,1.5,1.5
Brunswick Sq Mall,BSQ Mall x1364 - Zales,Poland Springs Water,Water,1.5,1,1.5,1.5
GuttenPlans,GuttenPlans x1367,Coca Cola - Zero Sugar,Carbonated,1.5,1,1.5,1.5
EB Public Library,EB Public Library x1380,Coca Cola - Zero Sugar,Carbonated,1.5,2,3.0,3.0
Brunswick Sq Mall,BSQ Mall x1366 - ATT,Bai Lemonade - Burundi Blueberry,Non Carbonated,2.5,1,2.5,2.5
GuttenPlans,GuttenPlans x1367,Red Bull - Original,Carbonated,3.5,1,3.5,3.5
GuttenPlans,GuttenPlans x1367,Cheetos Puffs,Food,1.5,1,1.5,1.5
GuttenPlans,GuttenPlans x1367,Coca Cola - Zero Sugar,Carbonated,1.5,1,1.5,1.5
GuttenPlans,GuttenPlans x1367,KitKat - Crisp Wafers,Food,2.5,1,2.5,2.5
GuttenPlans,GuttenPlans x1367,Coca Cola - Zero Sugar,Carbonated,1.5,1,1.5,1.5
GuttenPlans,GuttenPlans x1367,Coca Cola - Zero Sugar,Carbonated,1.5,1,1.5,1.5
GuttenPlans,GuttenPlans x1367,Coca Cola - Zero Sugar,Carbonated,1.5,1,1.5,1.5
GuttenPlans,GuttenPlans x1367,Sunkist Soda - Orange,Carbonated,1.25,1,1.25,1.25
GuttenPlans,GuttenPlans x1367,Coca Cola - Zero Sugar,Carbonated,1.5,1,1.5,1.5
GuttenPlans,GuttenPlans x1367,Sunkist Soda - Orange,Carbonated,1.25,1,1.25,1.25
GuttenPlans,GuttenPlans x1367,Red Bull - Original,Carbonated,3.5,1,3.5,3.5
GuttenPlans,GuttenPlans x1367,Coca Cola - Zero Sugar,Carbonated,1.5,1,1.5,1.5
EB Public Library,EB Public Library x1380,Oreo Mini - Go Paks,,4.0,1,4.0,4.0
GuttenPlans,GuttenPlans x1367,Funyuns - Flaming Hot,Food,1.5,1,1.5,4.5
GuttenPlans,GuttenPlans x1367,Lays - Classic,Food,1.5,1,1.5,4.5
GuttenPlans,GuttenPlans x1367,Doritos Spicy Nacho,,1.5,1,1.5,4.5
GuttenPlans,GuttenPlans x1367,Chesters Fries Flaming hot,Food,1.5,1,1.5,1.5
EB Public Library,EB Public Library x1380,BodyArmor LYTE  - Peach Mango,Water,2.5,1,2.5,2.5
Earle Asphalt,Earle Asphalt x1371,CheezIt - Cheddar Sour Cream and Onion,Food,1.5,1,1.5,1.5
Brunswick Sq Mall,BSQ Mall x1366 - ATT,Monster Energy Original,Carbonated,3.0,1,3.0,3.0
EB Public Library,EB Public Library x1380,Wonderful Pistachios - Variety,Food,2.0,1,2.0,2.0
GuttenPlans,GuttenPlans x1367,Snapple Tea - Raspberry,Non Carbonated,2.5,1,2.5,6.5
GuttenPlans,GuttenPlans x1367,Chesters Fries Flaming hot,Food,1.5,1,1.5,6.5
GuttenPlans,GuttenPlans x1367,KitKat - Crisp Wafers,Food,2.5,1,2.5,6.5
GuttenPlans,GuttenPlans x1367,Mini Chips Ahoy,Food,1.5,1,1.5,1.5
GuttenPlans,GuttenPlans x1367,Mini Chips Ahoy,Food,1.5,1,1.5,1.5
GuttenPlans,GuttenPlans x1367,Monster Energy Original,Carbonated,3.0,1,3.0,3.0
EB Public Library,EB Public Library x1380,CheezIt - White Cheddar,Food,1.25,1,1.25,1.25
EB Public Library,EB Public Library x1380,Mini Chips Ahoy - Go Paks,,4.0,1,4.0,4.0
Earle Asphalt,Earle Asphalt x1371,Pop Corners - Sea Salt,Food,1.5,1,1.5,1.5
EB Public Library,EB Public Library x1380,Poland Springs Water,Water,1.5,1,1.5,1.5
Brunswick Sq Mall,BSQ Mall x1364 - Zales,Snapple Diet Tea - Peach Tea,Non Carbonated,2.5,1,2.5,2.5
GuttenPlans,GuttenPlans x1367,Red Bull - Original,Carbonated,3.5,1,3.5,3.5
GuttenPlans,GuttenPlans x1367,Coca Cola - Zero Sugar,Carbonated,1.5,1,1.5,1.5
Brunswick Sq Mall,BSQ Mall x1364 - Zales,Snapple Diet Tea - Peach Tea,Non Carbonated,2.5,1,2.5,2.5
EB Public Library,EB Public Library x1380,Lenny & Larrys - Chocolate Chip,Food,2.0,1,2.0,2.0
EB Public Library,EB Public Library x1380,Oreo Mini - Go Paks,,4.0,1,4.0,4.0
EB Public Library,EB Public Library x1380,SunChips Multigrain - Harvest Cheddar,Food,1.5,1,1.5,1.5
EB Public Library,EB Public Library x1380,Pop Corners - White Cheddar,Food,1.5,1,1.5,1.5
Earle Asphalt,Earle Asphalt x1371,RXBAR - Protein Bar - Peanut Butter,Food,2.0,1,2.0,2.0
Brunswick Sq Mall,BSQ Mall x1366 - ATT,S. Pellegrino Sparkling Mineral Water,Water,2.0,1,2.0,2.0
Brunswick Sq Mall,BSQ Mall x1366 - ATT,S. Pellegrino Sparkling Mineral Water,Water,2.0,1,2.0,2.0
GuttenPlans,GuttenPlans x1367,Cheetos Puffs,Food,1.5,1,1.5,1.5
Brunswick Sq Mall,BSQ Mall x1366 - ATT,S. Pellegrino Sparkling Mineral Water,Water,2.0,1,2.0,2.0
Brunswick Sq Mall,BSQ Mall x1366 - ATT,Spindrift - Sparkling Water - Pineapple,Carbonated,1.5,1,1.5,1.5
Brunswick Sq Mall,BSQ Mall x1366 - ATT,Vitamin Water - XXX Acai BB Pomegranate,Water,2.75,1,2.75,2.75
Brunswick Sq Mall,BSQ Mall x1366 - ATT,KitKat - Crisp Wafers,Food,2.0,1,2.0,2.0
GuttenPlans,GuttenPlans x1367,Coca Cola - Zero Sugar,Carbonated,1.5,1,1.5,1.5
GuttenPlans,GuttenPlans x1367,Coca Cola - Zero Sugar,Carbonated,1.5,1,1.5,1.5
GuttenPlans,GuttenPlans x1367,Cheetos Puffs,Food,1.5,1,1.5,1.5
GuttenPlans,GuttenPlans x1367,Monster Energy Original,Carbonated,3.0,1,3.0,3.0
GuttenPlans,GuttenPlans x1367,Cheetos Flaming Hot Limon Crunchy,Food,2.0,1,2.0,2.0
GuttenPlans,GuttenPlans x1367,Monster Energy Original,Carbonated,3.0,1,3.0,3.0
GuttenPlans,GuttenPlans x1367,Oreo Mini,Food,1.5,1,1.5,1.5
GuttenPlans,GuttenPlans x1367,Funyuns - Flaming Hot,Food,1.5,1,1.5,1.5
GuttenPlans,GuttenPlans x1367,Sunkist Soda - Orange,Carbonated,1.25,1,1.25,1.25
GuttenPlans,GuttenPlans x1367,Funyuns - Flaming Hot,Food,1.5,1,1.5,1.5
GuttenPlans,GuttenPlans x1367,Doritos Spicy Nacho,,1.5,1,1.5,5.0
GuttenPlans,GuttenPlans x1367,Lays - Classic,Food,1.5,1,1.5,5.0
GuttenPlans,GuttenPlans x1367,KitKat - Crisp Wafers,Food,2.0,1,2.0,5.0
GuttenPlans,GuttenPlans x1367,Mini Chips Ahoy,Food,1.5,1,1.5,1.5
GuttenPlans,GuttenPlans x1367,Oreo Mini,Food,1.5,1,1.5,1.5
Brunswick Sq Mall,BSQ Mall x1366 - ATT,Oreo Mini,Food,1.5,1,1.5,1.5
Brunswick Sq Mall,BSQ Mall x1366 - ATT,Bubly - Cherry,Carbonated,1.5,1,1.5,1.5
Earle Asphalt,Earle Asphalt x1371,Robert Irvine's - Fit Crunch -  Chocolate Pea,Food,2.0,1,2.0,2.0
GuttenPlans,GuttenPlans x1367,Fritos - Original,Food,1.5,1,1.5,1.5
GuttenPlans,GuttenPlans x1367,Snapple Diet Tea - Lemon,Non Carbonated,2.5,1,2.5,6.5
GuttenPlans,GuttenPlans x1367,Lays - Classic,Food,1.5,1,1.5,6.5
GuttenPlans,GuttenPlans x1367,KitKat - Crisp Wafers,Food,2.5,1,2.5,6.5
GuttenPlans,GuttenPlans x1367,Mini Chips Ahoy,Food,1.5,1,1.5,1.5
GuttenPlans,GuttenPlans x1367,Nutri Grain Apple Cinnamon,Food,1.5,1,1.5,1.5
Brunswick Sq Mall,BSQ Mall x1364 - Zales,SunChips Multigrain - Original,Food,1.5,1,1.5,1.5
GuttenPlans,GuttenPlans x1367,Cheetos Puffs,Food,1.5,1,1.5,5.0
GuttenPlans,GuttenPlans x1367,Doritos Spicy Nacho,,1.5,1,1.5,5.0
GuttenPlans,GuttenPlans x1367,KitKat - Crisp Wafers,Food,2.0,1,2.0,5.0
Earle Asphalt,Earle Asphalt x1371,Newtons Fig Bar,Food,1.5,1,1.5,1.5
Brunswick Sq Mall,BSQ Mall x1364 - Zales,Poland Springs Water,Water,1.5,1,1.5,1.5
GuttenPlans,GuttenPlans x1367,Fritos - Original,Food,1.5,1,1.5,1.5
GuttenPlans,GuttenPlans x1367,Fritos - Original,Food,1.5,1,1.5,1.5
GuttenPlans,GuttenPlans x1367,Fritos - Original,Food,1.5,1,1.5,1.5
GuttenPlans,GuttenPlans x1367,Coca Cola - Zero Sugar,Carbonated,1.5,1,1.5,1.5
GuttenPlans,GuttenPlans x1367,Coca Cola - Zero Sugar,Carbonated,1.5,1,1.5,1.5
GuttenPlans,GuttenPlans x1367,KitKat - Crisp Wafers,Food,2.5,1,2.5,2.5
GuttenPlans,GuttenPlans x1367,Snapple Diet Tea - Peach Tea,Non Carbonated,2.5,1,2.5,2.5
GuttenPlans,GuttenPlans x1367,Coca Cola - Zero Sugar,Carbonated,1.5,1,1.5,1.5
GuttenPlans,GuttenPlans x1367,Sunkist Soda - Orange,Carbonated,1.25,1,1.25,1.25
GuttenPlans,GuttenPlans x1367,Lays - Classic,Food,1.5,1,1.5,1.5
GuttenPlans,GuttenPlans x1367,Red Bull - Original,Carbonated,3.5,1,3.5,3.5
GuttenPlans,GuttenPlans x1367,Monster Energy Original,Carbonated,3.0,1,3.0,3.0
GuttenPlans,GuttenPlans x1367,Lays - Classic,Food,1.5,1,1.5,1.5
GuttenPlans,GuttenPlans x1367,Mini Chips Ahoy,Food,1.5,1,1.5,1.5
GuttenPlans,GuttenPlans x1367,Mini Chips Ahoy,Food,1.5,1,1.5,1.5
GuttenPlans,GuttenPlans x1367,Snapple Diet Tea - Lemon,Non Carbonated,2.5,1,2.5,2.5
GuttenPlans,GuttenPlans x1367,Red Bull - Original,Carbonated,3.5,1,3.5,3.5
GuttenPlans,GuttenPlans x1367,Red Bull - Original,Carbonated,3.5,1,3.5,3.5
Brunswick Sq Mall,BSQ Mall x1364 - Zales,Takis - Hot Chilli Pepper & Lime,Food,1.5,1,1.5,1.5
GuttenPlans,GuttenPlans x1367,Doritos Spicy Nacho,,1.5,1,1.5,5.0
GuttenPlans,GuttenPlans x1367,Lays - Classic,Food,1.5,1,1.5,5.0
GuttenPlans,GuttenPlans x1367,KitKat - Crisp Wafers,Food,2.0,1,2.0,5.0
Brunswick Sq Mall,BSQ Mall x1364 - Zales,Takis - Hot Chilli Pepper & Lime,Food,1.5,1,1.5,1.5
Earle Asphalt,Earle Asphalt x1371,Miss Vickie's Potato Chip - Smokehouse BBQ,Food,1.5,1,1.5,1.5
Earle Asphalt,Earle Asphalt x1371,Miss Vickie's Potato Chip - Lime & Cracked Pe,Food,1.5,1,1.5,1.5
Brunswick Sq Mall,BSQ Mall x1364 - Zales,Pop Corners - Spicy Queso,Food,1.5,1,1.5,1.5
EB Public Library,EB Public Library x1380,Poland Springs Water,Water,1.5,1,1.5,1.5
EB Public Library,EB Public Library x1380,Pop Corners - White Cheddar,Food,1.5,1,1.5,1.5
EB Public Library,EB Public Library x1380,Belvita Snack Packs - Blueberry,Food,1.5,1,1.5,1.5
GuttenPlans,GuttenPlans x1367,KitKat - Crisp Wafers,Food,2.5,1,2.5,2.5
GuttenPlans,GuttenPlans x1367,KitKat - Crisp Wafers,Food,2.5,1,2.5,2.5
Brunswick Sq Mall,BSQ Mall x1364 - Zales,Coca Cola - Zero Sugar,Carbonated,1.5,1,1.5,1.5
GuttenPlans,GuttenPlans x1367,Sunkist Soda - Orange,Carbonated,1.25,1,1.25,1.25
Brunswick Sq Mall,BSQ Mall x1364 - Zales,SunChips Multigrain - Original,Food,1.5,1,1.5,1.5
GuttenPlans,GuttenPlans x1367,Monster Energy Original,Carbonated,3.0,1,3.0,3.0
EB Public Library,EB Public Library x1380,Robert Irvine's - Fit Crunch -  Chocolate Pea,Food,2.0,1,2.0,2.0
EB Public Library,EB Public Library x1380,SunChips Multigrain - Harvest Cheddar,Food,1.5,1,1.5,1.5
GuttenPlans,GuttenPlans x1367,Lays - Classic,Food,1.5,1,1.5,1.5
GuttenPlans,GuttenPlans x1367,Sunkist Soda - Orange,Carbonated,1.25,1,1.25,1.25
GuttenPlans,GuttenPlans x1367,Coca Cola - Zero Sugar,Carbonated,1.5,1,1.5,1.5
GuttenPlans,GuttenPlans x1367,Coca Cola - Zero Sugar,Carbonated,1.5,1,1.5,1.5
GuttenPlans,GuttenPlans x1367,Oreo Mini,Food,1.5,1,1.5,1.5
GuttenPlans,GuttenPlans x1367,Sunkist Soda - Orange,Carbonated,1.25,1,1.25,1.25
GuttenPlans,GuttenPlans x1367,Sunkist Soda - Orange,Carbonated,1.25,1,1.25,1.25
GuttenPlans,GuttenPlans x1367,Monster Energy Original,Carbonated,3.0,1,3.0,3.0
GuttenPlans,GuttenPlans x1367,Chesters Fries Flaming hot,Food,1.5,1,1.5,1.5
GuttenPlans,GuttenPlans x1367,Sunkist Soda - Orange,Carbonated,1.25,1,1.25,1.25
GuttenPlans,GuttenPlans x1367,Ritz Bits Cheese,Food,1.5,1,1.5,1.5
EB Public Library,EB Public Library x1380,Snapple Diet Tea - Lemon,Non Carbonated,2.5,1,2.5,2.5
Earle Asphalt,Earle Asphalt x1371,Hungry Buddha - Chocolate Chip,Food,2.0,1,2.0,2.0
Brunswick Sq Mall,BSQ Mall x1366 - ATT,Wonderful Pistachios - Variety,Food,2.0,1,2.0,2.0
Brunswick Sq Mall,BSQ Mall x1364 - Zales,Belvita Snack Packs - Blueberry,Food,1.25,1,1.25,1.25
EB Public Library,EB Public Library x1380,Poland Springs Water,Water,1.5,1,1.5,1.5
GuttenPlans,GuttenPlans x1367,KitKat - Crisp Wafers,Food,2.0,1,2.0,5.0
GuttenPlans,GuttenPlans x1367,Doritos Spicy Nacho,,1.5,1,1.5,5.0
GuttenPlans,GuttenPlans x1367,Cheetos Puffs,Food,1.5,1,1.5,5.0
Earle Asphalt,Earle Asphalt x1371,Robert Irvine's - Fit Crunch -  Chocolate Pea,Food,2.0,1,2.0,2.0
GuttenPlans,GuttenPlans x1367,Oreo Mini,Food,1.5,1,1.5,1.5
GuttenPlans,GuttenPlans x1367,Coca Cola - Zero Sugar,Carbonated,1.5,1,1.5,1.5
EB Public Library,EB Public Library x1380,Poland Springs Water,Water,1.5,1,1.5,1.5
EB Public Library,EB Public Library x1380,Pop Corners - Kettle Corn,Food,1.5,1,1.5,3.0
EB Public Library,EB Public Library x1380,Pop Corners - Sea Salt,Food,1.5,1,1.5,3.0
EB Public Library,EB Public Library x1380,Coca Cola - Zero Sugar,Carbonated,1.5,1,1.5,1.5
EB Public Library,EB Public Library x1380,Mini Chips Ahoy - Go Paks,,4.0,1,4.0,4.0
Brunswick Sq Mall,BSQ Mall x1364 - Zales,Wonderful Pistachios - Variety,Food,2.0,1,2.0,2.0
Brunswick Sq Mall,BSQ Mall x1364 - Zales,Takis - Hot Chilli Pepper & Lime,Food,1.5,1,1.5,1.5
EB Public Library,EB Public Library x1380,Takis - Hot Chilli Pepper & Lime,Food,1.5,1,1.5,1.5
EB Public Library,EB Public Library x1380,Poland Springs Water,Water,1.5,1,1.5,1.5
GuttenPlans,GuttenPlans x1367,Doritos Spicy Nacho,,1.5,1,1.5,1.5
GuttenPlans,GuttenPlans x1367,Coca Cola - Zero Sugar,Carbonated,1.5,1,1.5,1.5
GuttenPlans,GuttenPlans x1367,Nutri Grain Apple Cinnamon,Food,1.5,1,1.5,1.5
GuttenPlans,GuttenPlans x1367,Monster Energy Original,Carbonated,3.0,1,3.0,3.0
Brunswick Sq Mall,BSQ Mall x1364 - Zales,SunChips Multigrain - Original,Food,1.5,1,1.5,1.5
Brunswick Sq Mall,BSQ Mall x1364 - Zales,Coca Cola - Zero Sugar,Carbonated,1.5,1,1.5,1.5
GuttenPlans,GuttenPlans x1367,Coca Cola - Zero Sugar,Carbonated,1.5,1,1.5,1.5
GuttenPlans,GuttenPlans x1367,Coca Cola - Zero Sugar,Carbonated,1.5,1,1.5,1.5
GuttenPlans,GuttenPlans x1367,Sunkist Soda - Orange,Carbonated,1.25,1,1.25,1.25
GuttenPlans,GuttenPlans x1367,Monster Energy Original,Carbonated,3.0,1,3.0,3.0
GuttenPlans,GuttenPlans x1367,Monster Energy Original,Carbonated,3.0,1,3.0,3.0
GuttenPlans,GuttenPlans x1367,Chesters Fries Flaming hot,Food,1.5,1,1.5,1.5
GuttenPlans,GuttenPlans x1367,Chesters Fries Flaming hot,Food,1.5,1,1.5,1.5
GuttenPlans,GuttenPlans x1367,Monster Energy Original,Carbonated,3.0,1,3.0,3.0
GuttenPlans,GuttenPlans x1367,Fritos - Original,Food,1.5,1,1.5,1.5
GuttenPlans,GuttenPlans x1367,Oreo Mini,Food,1.5,1,1.5,1.5
GuttenPlans,GuttenPlans x1367,Cheetos Puffs,Food,1.5,1,1.5,1.5
GuttenPlans,GuttenPlans x1367,Sunkist Soda - Orange,Carbonated,1.25,1,1.25,1.25
GuttenPlans,GuttenPlans x1367,Monster Energy Original,Carbonated,3.0,1,3.0,3.0
EB Public Library,EB Public Library x1380,Poland Springs Water,Water,1.5,1,1.5,1.5
Brunswick Sq Mall,BSQ Mall x1364 - Zales,Bubly - Lime,Water,1.5,1,1.5,1.5
EB Public Library,EB Public Library x1380,Starbucks Doubleshot Energy - Mocha,Non Carbonated,3.5,1,3.5,3.5
Brunswick Sq Mall,BSQ Mall x1364 - Zales,Coca Cola - Zero Sugar,Carbonated,1.5,1,1.5,1.5
EB Public Library,EB Public Library x1380,CheezIt - Go Paks,Food,3.0,1,3.0,3.0
Brunswick Sq Mall,BSQ Mall x1364 - Zales,Snapple Diet Tea - Peach Tea,Non Carbonated,2.5,1,2.5,2.5
Brunswick Sq Mall,BSQ Mall x1364 - Zales,Poland Springs Water,Water,1.5,1,1.5,1.5
Brunswick Sq Mall,BSQ Mall x1364 - Zales,SunChips Multigrain - Original,Food,1.5,1,1.5,1.5
Brunswick Sq Mall,BSQ Mall x1364 - Zales,Monster Energy Original,Carbonated,3.0,1,3.0,3.0
Brunswick Sq Mall,BSQ Mall x1364 - Zales,Poland Springs Water,Water,1.5,1,1.5,1.5
Brunswick Sq Mall,BSQ Mall x1366 - ATT,Vitamin Water - XXX Acai BB Pomegranate,Water,2.75,1,2.75,2.75
Brunswick Sq Mall,BSQ Mall x1366 - ATT,CheezIt - White Cheddar,Food,1.5,1,1.5,1.5
Brunswick Sq Mall,BSQ Mall x1364 - Zales,Chum Fruit Bites - Mango/Strawberry,Food,1.25,1,1.25,1.25
Brunswick Sq Mall,BSQ Mall x1364 - Zales,Vitamin Water - Squeezed Lemonade,Water,2.75,1,2.75,2.75
Brunswick Sq Mall,BSQ Mall x1364 - Zales,Chum Fruit Bites - Mango/Strawberry,Food,1.25,1,1.25,1.25
Brunswick Sq Mall,BSQ Mall x1364 - Zales,Monster Energy Original,Carbonated,3.0,1,3.0,3.0
Brunswick Sq Mall,BSQ Mall x1364 - Zales,Poland Springs Water,Water,1.5,1,1.5,1.5
EB Public Library,EB Public Library x1380,Pop Corners - Kettle Corn,Food,1.5,1,1.5,1.5
Brunswick Sq Mall,BSQ Mall x1366 - ATT,SunChips Multigrain - Salsa,Food,1.5,1,1.5,1.5
Brunswick Sq Mall,BSQ Mall x1366 - ATT,SunChips Multigrain - Salsa,Food,1.5,1,1.5,1.5
Brunswick Sq Mall,BSQ Mall x1366 - ATT,Takis - Hot Chilli Pepper & Lime,Food,1.5,1,1.5,1.5
EB Public Library,EB Public Library x1380,Starbucks Doubleshot Energy - Mocha,Non Carbonated,3.5,1,3.5,3.5
EB Public Library,EB Public Library x1380,Goldfish Baked - Cheddar,Food,1.25,1,1.25,1.25
EB Public Library,EB Public Library x1380,Snapple Diet Tea - Lemon,Non Carbonated,2.5,1,2.5,2.5
EB Public Library,EB Public Library x1380,Starbucks Doubleshot Energy - Mocha,Non Carbonated,3.5,1,3.5,3.5
Brunswick Sq Mall,BSQ Mall x1366 - ATT,Monster Energy Original,Carbonated,3.0,1,3.0,3.0
EB Public Library,EB Public Library x1380,Poland Springs Water,Water,1.5,1,1.5,1.5
EB Public Library,EB Public Library x1380,Wonderful Pistachios - Variety,Food,2.0,1,2.0,2.0
EB Public Library,EB Public Library x1380,Hungry Buddha - Coconut Cocoa,Food,2.0,1,2.0,2.0
EB Public Library,EB Public Library x1380,Coca Cola - Zero Sugar,Carbonated,1.5,1,1.5,1.5
EB Public Library,EB Public Library x1380,Poland Springs Water,Water,1.5,1,1.5,1.5
Brunswick Sq Mall,BSQ Mall x1366 - ATT,SunChips Multigrain - Original,Food,1.5,1,1.5,1.5
Brunswick Sq Mall,BSQ Mall x1366 - ATT,Takis - Hot Chilli Pepper & Lime,Food,1.5,1,1.5,1.5
Brunswick Sq Mall,BSQ Mall x1366 - ATT,Takis - Hot Chilli Pepper & Lime,Food,1.5,1,1.5,1.5
Brunswick Sq Mall,BSQ Mall x1364 - Zales,Poland Springs Water,Water,1.5,1,1.5,1.5
Brunswick Sq Mall,BSQ Mall x1364 - Zales,Bubly - Lime,Water,1.5,1,1.5,1.5
Brunswick Sq Mall,BSQ Mall x1366 - ATT,Vitamin Water - XXX Acai BB Pomegranate,Water,2.75,1,2.75,2.75
Brunswick Sq Mall,BSQ Mall x1366 - ATT,Takis - Hot Chilli Pepper & Lime,Food,1.5,1,1.5,1.5
Brunswick Sq Mall,BSQ Mall x1366 - ATT,SunChips Multigrain - Salsa,Food,1.5,1,1.5,1.5
Brunswick Sq Mall,BSQ Mall x1366 - ATT,SunChips Multigrain - Salsa,Food,1.5,1,1.5,1.5
Brunswick Sq Mall,BSQ Mall x1364 - Zales,Coca Cola - Zero Sugar,Carbonated,1.5,1,1.5,1.5
Brunswick Sq Mall,BSQ Mall x1364 - Zales,Coca Cola - Zero Sugar,Carbonated,1.5,1,1.5,1.5
GuttenPlans,GuttenPlans x1367,Coca Cola - Zero Sugar,Carbonated,1.5,1,1.5,1.5
GuttenPlans,GuttenPlans x1367,KitKat - Crisp Wafers,Food,2.0,1,2.0,2.0
EB Public Library,EB Public Library x1380,SunChips Multigrain - Salsa,Food,1.5,1,1.5,1.5
EB Public Library,EB Public Library x1380,Bai Antioxidant - Tanzania Lemon Super Tea,Non Carbonated,2.75,1,2.75,6.25
EB Public Library,EB Public Library x1380,Red Bull - Energy Drink - Sugar Free,Carbonated,3.5,1,3.5,6.25
EB Public Library,EB Public Library x1380,Lenny & Larrys - Chocolate Chip,Food,2.0,1,2.0,2.0
Earle Asphalt,Earle Asphalt x1371,Robert Irvine's - Fit Crunch -  Chocolate Pea,Food,2.0,1,2.0,2.0
GuttenPlans,GuttenPlans x1367,Snapple Tea - Raspberry,Non Carbonated,2.5,1,2.5,5.0
GuttenPlans,GuttenPlans x1367,KitKat - Crisp Wafers,Food,2.5,1,2.5,5.0
EB Public Library,EB Public Library x1380,Oreo Mini - Go Paks,,4.0,1,4.0,4.0
EB Public Library,EB Public Library x1380,Snapple Diet Tea - Lemon,Non Carbonated,2.5,1,2.5,6.0
EB Public Library,EB Public Library x1380,Starbucks Doubleshot Energy - Mocha,Non Carbonated,3.5,1,3.5,6.0
EB Public Library,EB Public Library x1380,Kinder - Bueno - Crispy Creamy Chocolate,Food,2.0,1,2.0,2.0
EB Public Library,EB Public Library x1380,Goldfish Baked - Cheddar,Food,1.25,1,1.25,1.25
EB Public Library,EB Public Library x1380,Belvita Snack Packs - Blueberry,Food,1.5,1,1.5,1.5
EB Public Library,EB Public Library x1380,Coca Cola - Zero Sugar,Carbonated,1.5,1,1.5,1.5
EB Public Library,EB Public Library x1380,Snyder's of Hanover Pretzel Pieces - Hot Buff,Food,2.0,1,2.0,2.0
EB Public Library,EB Public Library x1380,Takis - Hot Chilli Pepper & Lime,Food,1.5,1,1.5,1.5
EB Public Library,EB Public Library x1380,Kinder - Bueno - Crispy Creamy Chocolate,Food,2.0,1,2.0,2.0
Brunswick Sq Mall,BSQ Mall x1364 - Zales,CheezIt - Cheddar Sour Cream and Onion,Food,1.5,1,1.5,3.0
Brunswick Sq Mall,BSQ Mall x1364 - Zales,Bubly - Lime,Water,1.5,1,1.5,3.0
GuttenPlans,GuttenPlans x1367,Cheetos - Fleming Hot Crunchy,Food,2.0,1,2.0,2.0
EB Public Library,EB Public Library x1380,CheezIt - Double Cheese,Food,1.25,1,1.25,1.25
EB Public Library,EB Public Library x1380,Oreo Mini - Go Paks,,4.0,1,4.0,4.0
GuttenPlans,GuttenPlans x1367,Fritos - Original,Food,1.5,1,1.5,1.5
GuttenPlans,GuttenPlans x1367,Fritos - Original,Food,1.5,1,1.5,1.5
GuttenPlans,GuttenPlans x1367,Oreo Mini,Food,1.5,1,1.5,1.5
GuttenPlans,GuttenPlans x1367,Ritz Bits Cheese,Food,1.5,1,1.5,1.5
GuttenPlans,GuttenPlans x1367,Cheetos Flaming Hot Limon Crunchy,Food,2.0,1,2.0,2.0
GuttenPlans,GuttenPlans x1367,Sunkist Soda - Orange,Carbonated,1.25,1,1.25,1.25
GuttenPlans,GuttenPlans x1367,Coca Cola - Zero Sugar,Carbonated,1.5,1,1.5,1.5
GuttenPlans,GuttenPlans x1367,Monster Energy Original,Carbonated,3.0,1,3.0,3.0
GuttenPlans,GuttenPlans x1367,Oreo Mini,Food,1.5,1,1.5,1.5
GuttenPlans,GuttenPlans x1367,Sunkist Soda - Orange,Carbonated,1.25,1,1.25,1.25
GuttenPlans,GuttenPlans x1367,Snapple Diet Tea - Lemon,Non Carbonated,2.5,1,2.5,2.5
GuttenPlans,GuttenPlans x1367,Red Bull - Original,Carbonated,3.5,1,3.5,3.5
EB Public Library,EB Public Library x1380,Poland Springs Water,Water,1.5,1,1.5,1.5
EB Public Library,EB Public Library x1380,Poland Springs Water,Water,1.5,1,1.5,1.5
EB Public Library,EB Public Library x1380,Pop Corners - Kettle Corn,Food,1.5,1,1.5,1.5
EB Public Library,EB Public Library x1380,Poland Springs Water,Water,1.5,1,1.5,1.5
EB Public Library,EB Public Library x1380,Pop Corners - Kettle Corn,Food,1.5,2,3.0,5.0
EB Public Library,EB Public Library x1380,Snyder's of Hanover Pretzel Pieces - Hot Buff,Food,2.0,1,2.0,5.0
GuttenPlans,GuttenPlans x1367,Mini Chips Ahoy,Food,1.5,1,1.5,5.5
GuttenPlans,GuttenPlans x1367,KitKat - Crisp Wafers,Food,2.0,2,4.0,5.5
EB Public Library,EB Public Library x1380,Teddy Grahams - Go Paks,,4.0,1,4.0,4.0
Earle Asphalt,Earle Asphalt x1371,Miss Vickie's Potato Chip - Smokehouse BBQ,Food,1.5,1,1.5,1.5
EB Public Library,EB Public Library x1380,Goldfish Baked - Cheddar,Food,1.25,1,1.25,1.25
EB Public Library,EB Public Library x1380,Goldfish Baked - Cheddar,Food,1.25,1,1.25,1.25
EB Public Library,EB Public Library x1380,SunChips Multigrain - Harvest Cheddar,Food,1.5,1,1.5,1.5
EB Public Library,EB Public Library x1380,Poland Springs Water,Water,1.5,1,1.5,1.5
EB Public Library,EB Public Library x1380,Iberia Coconut Water,Non Carbonated,2.0,1,2.0,2.0
GuttenPlans,GuttenPlans x1367,Snapple Diet Tea - Peach Tea,Non Carbonated,2.5,1,2.5,2.5
EB Public Library,EB Public Library x1380,Bai Antioxidant - Tanzania Lemon Super Tea,Non Carbonated,2.75,1,2.75,2.75
GuttenPlans,GuttenPlans x1367,KitKat - Crisp Wafers,Food,2.5,1,2.5,2.5
Brunswick Sq Mall,BSQ Mall x1364 - Zales,CheezIt - Original,Food,1.5,1,1.5,1.5
EB Public Library,EB Public Library x1380,Poland Springs Water,Water,1.5,1,1.5,1.5
EB Public Library,EB Public Library x1380,Snyder's of Hanover Pretzel Pieces - Honey Mu,Food,2.0,1,2.0,3.5
EB Public Library,EB Public Library x1380,Poland Springs Water,Water,1.5,1,1.5,3.5
EB Public Library,EB Public Library x1380,Kinder - Bueno - Crispy Creamy Chocolate,Food,2.0,1,2.0,2.0
Earle Asphalt,Earle Asphalt x1371,Robert Irvine's - Fit Crunch -  Chocolate Pea,Food,2.0,1,2.0,2.0
EB Public Library,EB Public Library x1380,Kinder - Bueno - Crispy Creamy Chocolate,Food,2.0,1,2.0,2.0
EB Public Library,EB Public Library x1380,Oreo Mini - Go Paks,,4.0,1,4.0,4.0
GuttenPlans,GuttenPlans x1367,Sunkist Soda - Orange,Carbonated,1.25,1,1.25,1.25
EB Public Library,EB Public Library x1380,SunChips Multigrain - Harvest Cheddar,Food,1.5,1,1.5,1.5
EB Public Library,EB Public Library x1380,Takis - Hot Chilli Pepper & Lime,Food,1.5,1,1.5,1.5
EB Public Library,EB Public Library x1380,Takis - Hot Chilli Pepper & Lime,Food,1.5,1,1.5,1.5
EB Public Library,EB Public Library x1380,Takis - Hot Chilli Pepper & Lime,Food,1.5,1,1.5,1.5
EB Public Library,EB Public Library x1380,Snyder's of Hanover Pretzel Pieces - Hot Buff,Food,2.0,1,2.0,2.0
Brunswick Sq Mall,BSQ Mall x1366 - ATT,Bubly - Mango,Carbonated,1.5,1,1.5,1.5
Brunswick Sq Mall,BSQ Mall x1366 - ATT,Bai Lemonade - Burundi Blueberry,Non Carbonated,2.5,1,2.5,2.5
EB Public Library,EB Public Library x1380,Takis - Hot Chilli Pepper & Lime,Food,1.5,1,1.5,1.5
EB Public Library,EB Public Library x1380,Genius Keto Bar - Chocolate Dream,Food,2.0,1,2.0,2.0
GuttenPlans,GuttenPlans x1367,Monster Energy Original,Carbonated,3.0,1,3.0,3.0
EB Public Library,EB Public Library x1380,Ice Breakers Ice Cubes - PepperMint,Food,5.0,1,5.0,5.0
GuttenPlans,GuttenPlans x1367,Cheetos Flaming Hot Limon Crunchy,Food,2.0,1,2.0,2.0
GuttenPlans,GuttenPlans x1367,Snapple Diet Tea - Peach Tea,Non Carbonated,2.5,1,2.5,2.5
GuttenPlans,GuttenPlans x1367,Snapple Diet Tea - Lemon,Non Carbonated,2.5,1,2.5,2.5
GuttenPlans,GuttenPlans x1367,Red Bull - Original,Carbonated,3.5,1,3.5,3.5
Brunswick Sq Mall,BSQ Mall x1366 - ATT,Oreo Mini,Food,1.5,1,1.5,1.5
Brunswick Sq Mall,BSQ Mall x1366 - ATT,Bai Lemonade - Burundi Blueberry,Non Carbonated,2.5,1,2.5,2.5
Brunswick Sq Mall,BSQ Mall x1366 - ATT,Bai Lemonade - Burundi Blueberry,Non Carbonated,2.5,1,2.5,2.5
GuttenPlans,GuttenPlans x1367,Snapple Diet Tea - Peach Tea,Non Carbonated,2.5,1,2.5,5.0
GuttenPlans,GuttenPlans x1367,KitKat - Crisp Wafers,Food,2.5,1,2.5,5.0
Brunswick Sq Mall,BSQ Mall x1364 - Zales,Keto Bar - Creamy Peanut Butter Chocolate,Food,2.0,1,2.0,2.0
Brunswick Sq Mall,BSQ Mall x1364 - Zales,Pop Corners - White Cheddar,Food,1.5,1,1.5,1.5
GuttenPlans,GuttenPlans x1367,Coca Cola - Zero Sugar,Carbonated,1.5,1,1.5,1.5
GuttenPlans,GuttenPlans x1367,Coca Cola - Zero Sugar,Carbonated,1.5,1,1.5,1.5
GuttenPlans,GuttenPlans x1367,Coca Cola - Zero Sugar,Carbonated,1.5,1,1.5,1.5
Brunswick Sq Mall,BSQ Mall x1364 - Zales,Takis - Hot Chilli Pepper & Lime,Food,1.5,1,1.5,1.5
GuttenPlans,GuttenPlans x1367,Cheetos - Fleming Hot Crunchy,Food,2.0,1,2.0,2.0
Brunswick Sq Mall,BSQ Mall x1366 - ATT,Pop Corners - Sweet & Salty Kettle,Food,1.5,1,1.5,1.5
GuttenPlans,GuttenPlans x1367,Ritz Bits Cheese,Food,1.5,1,1.5,1.5
GuttenPlans,GuttenPlans x1367,Coca Cola - Zero Sugar,Carbonated,1.5,1,1.5,1.5
GuttenPlans,GuttenPlans x1367,Red Bull - Original,Carbonated,3.5,1,3.5,3.5
GuttenPlans,GuttenPlans x1367,KitKat - Crisp Wafers,Food,2.5,1,2.5,2.5
GuttenPlans,GuttenPlans x1367,KitKat - Crisp Wafers,Food,2.5,1,2.5,2.5
GuttenPlans,GuttenPlans x1367,Coca Cola - Zero Sugar,Carbonated,1.5,1,1.5,1.5
GuttenPlans,GuttenPlans x1367,KitKat - Crisp Wafers,Food,2.0,1,2.0,2.0
EB Public Library,EB Public Library x1380,Bai Antioxidant - Tanzania Lemon Super Tea,Non Carbonated,2.75,1,2.75,2.75
EB Public Library,EB Public Library x1380,Iberia Coconut Water,Non Carbonated,2.0,1,2.0,2.0
Brunswick Sq Mall,BSQ Mall x1366 - ATT,Monster Energy Original,Carbonated,3.0,1,3.0,3.0
EB Public Library,EB Public Library x1380,Starbucks Doubleshot Energy - Mocha,Non Carbonated,3.5,1,3.5,3.5
EB Public Library,EB Public Library x1380,Wonderful Pistachios - Variety,Food,2.0,1,2.0,4.5
EB Public Library,EB Public Library x1380,Seapoint Farms Dry Roasted Edamame - Wasabi,Food,2.5,1,2.5,4.5
EB Public Library,EB Public Library x1380,Snapple Diet Tea - Lemon,Non Carbonated,2.5,1,2.5,2.5
Earle Asphalt,Earle Asphalt x1371,Coca Cola - Zero Sugar,Carbonated,1.5,1,1.5,1.5
EB Public Library,EB Public Library x1380,Poland Springs Water,Water,1.5,1,1.5,1.5
GuttenPlans,GuttenPlans x1367,Coca Cola - Zero Sugar,Carbonated,1.5,1,1.5,1.5
GuttenPlans,GuttenPlans x1367,Nutri Grain Apple Cinnamon,Food,1.5,1,1.5,1.5
GuttenPlans,GuttenPlans x1367,Monster Energy Original,Carbonated,3.0,1,3.0,3.0
EB Public Library,EB Public Library x1380,Coca Cola - Zero Sugar,Carbonated,1.5,1,1.5,1.5
EB Public Library,EB Public Library x1380,Goldfish Baked - Cheddar,Food,1.25,1,1.25,1.25
EB Public Library,EB Public Library x1380,Seapoint Farms Dry Roasted Edamame - Wasabi,Food,2.5,1,2.5,2.5
EB Public Library,EB Public Library x1380,Poland Springs Water,Water,1.5,1,1.5,1.5
GuttenPlans,GuttenPlans x1367,Coca Cola - Zero Sugar,Carbonated,1.5,1,1.5,1.5
EB Public Library,EB Public Library x1380,Mini Chips Ahoy - Go Paks,,4.0,1,4.0,4.0
Brunswick Sq Mall,BSQ Mall x1366 - ATT,Vitamin Water - XXX Acai BB Pomegranate,Water,2.75,1,2.75,2.75
EB Public Library,EB Public Library x1380,Iberia Coconut Water,Non Carbonated,2.0,1,2.0,2.0
EB Public Library,EB Public Library x1380,Kinder - Bueno - Crispy Creamy Chocolate,Food,2.0,1,2.0,2.0
EB Public Library,EB Public Library x1380,Iberia Coconut Water,Non Carbonated,2.0,1,2.0,2.0
EB Public Library,EB Public Library x1380,Iberia Coconut Water,Non Carbonated,2.0,1,2.0,2.0
Brunswick Sq Mall,BSQ Mall x1364 - Zales,Coca Cola - Zero Sugar,Carbonated,1.5,1,1.5,1.5
GuttenPlans,GuttenPlans x1367,Snapple Diet Tea - Peach Tea,Non Carbonated,2.5,1,2.5,2.5
Brunswick Sq Mall,BSQ Mall x1364 - Zales,Coca Cola - Zero Sugar,Carbonated,1.5,1,1.5,1.5
EB Public Library,EB Public Library x1380,Snapple Diet Tea - Lemon,Non Carbonated,2.5,1,2.5,2.5
EB Public Library,EB Public Library x1380,Lenny & Larrys - Chocolate Chip,Food,2.0,1,2.0,2.0
Brunswick Sq Mall,BSQ Mall x1364 - Zales,Spindrift - Sparkling Water  Lime,Carbonated,1.5,1,1.5,1.5
EB Public Library,EB Public Library x1380,Starbucks Doubleshot Energy - Mocha,Non Carbonated,3.5,1,3.5,3.5
EB Public Library,EB Public Library x1380,Autumns Granola Bar - Cinnamon Almond,Food,2.0,1,2.0,2.0
Brunswick Sq Mall,BSQ Mall x1366 - ATT,Spindrift - Sparkling Water - Pineapple,Carbonated,1.5,1,1.5,1.5
GuttenPlans,GuttenPlans x1367,Coca Cola - Zero Sugar,Carbonated,1.5,1,1.5,1.5
GuttenPlans,GuttenPlans x1367,Snapple Tea - Raspberry,Non Carbonated,2.5,1,2.5,5.0
GuttenPlans,GuttenPlans x1367,KitKat - Crisp Wafers,Food,2.5,1,2.5,5.0
EB Public Library,EB Public Library x1380,Pop Corners - Sea Salt,Food,1.5,1,1.5,1.5
EB Public Library,EB Public Library x1380,CheezIt - White Cheddar,Food,1.25,1,1.25,1.25
EB Public Library,EB Public Library x1380,SunChips Multigrain - Salsa,Food,1.5,1,1.5,1.5
EB Public Library,EB Public Library x1380,Oreo Mini - Go Paks,,4.0,1,4.0,4.0
Brunswick Sq Mall,BSQ Mall x1364 - Zales,Pop Corners - White Cheddar,Food,1.5,1,1.5,1.5
EB Public Library,EB Public Library x1380,Kinder - Bueno - Crispy Creamy Chocolate,Food,2.0,1,2.0,2.0
EB Public Library,EB Public Library x1380,Seapoint Farms Dry Roasted Edamame - Wasabi,Food,2.5,1,2.5,2.5
Brunswick Sq Mall,BSQ Mall x1366 - ATT,Spindrift - Sparkling Water - Pineapple,Carbonated,1.5,1,1.5,1.5
Brunswick Sq Mall,BSQ Mall x1366 - ATT,Bai Antioxidant - Molokai Coconut,Non Carbonated,2.5,1,2.5,2.5
Brunswick Sq Mall,BSQ Mall x1364 - Zales,Pop Corners - White Cheddar,Food,1.5,1,1.5,1.5
GuttenPlans,GuttenPlans x1367,Ritz Bits Cheese,Food,1.5,1,1.5,4.5
GuttenPlans,GuttenPlans x1367,Monster Energy Original,Carbonated,3.0,1,3.0,4.5
GuttenPlans,GuttenPlans x1367,Cheetos - Fleming Hot Crunchy,Food,2.0,1,2.0,2.0
GuttenPlans,GuttenPlans x1367,Monster Energy Original,Carbonated,3.0,1,3.0,3.0
GuttenPlans,GuttenPlans x1367,Coca Cola - Zero Sugar,Carbonated,1.5,1,1.5,1.5
GuttenPlans,GuttenPlans x1367,Ritz Bits Cheese,Food,1.5,1,1.5,1.5
GuttenPlans,GuttenPlans x1367,Snapple Diet Tea - Lemon,Non Carbonated,2.5,1,2.5,2.5
EB Public Library,EB Public Library x1380,Takis - Hot Chilli Pepper & Lime,Food,1.5,1,1.5,1.5
EB Public Library,EB Public Library x1380,Takis - Hot Chilli Pepper & Lime,Food,1.5,1,1.5,1.5
EB Public Library,EB Public Library x1380,Mini Chips Ahoy - Go Paks,,4.0,1,4.0,4.0
EB Public Library,EB Public Library x1380,Red Bull - Energy Drink - Sugar Free,Carbonated,3.5,1,3.5,3.5
EB Public Library,EB Public Library x1380,Kinder - Bueno - Crispy Creamy Chocolate,Food,2.0,1,2.0,2.0
EB Public Library,EB Public Library x1380,Starbucks Doubleshot Energy - Mocha,Non Carbonated,3.5,1,3.5,3.5
EB Public Library,EB Public Library x1380,SunChips Multigrain - Harvest Cheddar,Food,1.5,1,1.5,1.5
EB Public Library,EB Public Library x1380,Ice Breakers Ice Cubes - PepperMint,Food,5.0,1,5.0,5.0
EB Public Library,EB Public Library x1380,SunChips Multigrain - Harvest Cheddar,Food,1.5,1,1.5,1.5
EB Public Library,EB Public Library x1380,Coca Cola - Zero Sugar,Carbonated,1.5,1,1.5,1.5
EB Public Library,EB Public Library x1380,Poland Springs Water,Water,1.5,1,1.5,1.5
EB Public Library,EB Public Library x1380,Red Bull - Energy Drink - Sugar Free,Carbonated,3.5,1,3.5,3.5
EB Public Library,EB Public Library x1380,Kinder - Bueno - Crispy Creamy Chocolate,Food,2.0,1,2.0,2.0
EB Public Library,EB Public Library x1380,Lenny & Larrys - Chocolate Chip,Food,2.0,1,2.0,2.0
Brunswick Sq Mall,BSQ Mall x1364 - Zales,BodyArmor  LYTE - Blueberry Pomegranate,Non Carbonated,2.75,1,2.75,2.75
Brunswick Sq Mall,BSQ Mall x1364 - Zales,Spindrift - Sparkling Water  Lime,Carbonated,1.5,1,1.5,1.5
Brunswick Sq Mall,BSQ Mall x1364 - Zales,Takis - Hot Chilli Pepper & Lime,Food,1.5,1,1.5,1.5
Brunswick Sq Mall,BSQ Mall x1364 - Zales,Monster Energy Original,Carbonated,3.0,1,3.0,3.0
EB Public Library,EB Public Library x1380,Red Bull - Energy Drink - Sugar Free,Carbonated,3.5,1,3.5,3.5
EB Public Library,EB Public Library x1380,Belvita Snack Packs - Blueberry,Food,1.25,1,1.25,1.25
EB Public Library,EB Public Library x1380,V8 Vegetable Juice - Original,Non Carbonated,2.0,1,2.0,2.0
Brunswick Sq Mall,BSQ Mall x1366 - ATT,Bai Antioxidant - Molokai Coconut,Non Carbonated,2.5,1,2.5,2.5
Brunswick Sq Mall,BSQ Mall x1366 - ATT,Spindrift - Sparkling Water - Pineapple,Carbonated,1.5,1,1.5,1.5
Brunswick Sq Mall,BSQ Mall x1364 - Zales,Snapple Diet Tea - Peach Tea,Non Carbonated,2.5,1,2.5,2.5
Brunswick Sq Mall,BSQ Mall x1364 - Zales,Pop Corners - Spicy Queso,Food,1.5,1,1.5,1.5
Brunswick Sq Mall,BSQ Mall x1364 - Zales,KitKat - Crisp Wafers,Food,2.0,1,2.0,2.0
Brunswick Sq Mall,BSQ Mall x1364 - Zales,Coca Cola - Zero Sugar,Carbonated,1.5,1,1.5,1.5
Brunswick Sq Mall,BSQ Mall x1364 - Zales,Iberia Coconut Water,Non Carbonated,2.0,1,2.0,2.0
Brunswick Sq Mall,BSQ Mall x1364 - Zales,Iberia Coconut Water,Non Carbonated,2.0,1,2.0,2.0
Brunswick Sq Mall,BSQ Mall x1364 - Zales,Iberia Coconut Water,Non Carbonated,2.0,1,2.0,2.0
Brunswick Sq Mall,BSQ Mall x1364 - Zales,Keto Bar - Creamy Peanut Butter Chocolate,Food,2.0,1,2.0,2.0
Brunswick Sq Mall,BSQ Mall x1364 - Zales,Coca Cola - Zero Sugar,Carbonated,1.5,1,1.5,1.5
GuttenPlans,GuttenPlans x1367,Snapple Diet Tea - Lemon,Non Carbonated,2.5,1,2.5,2.5
GuttenPlans,GuttenPlans x1367,Snapple Diet Tea - Peach Tea,Non Carbonated,2.5,1,2.5,2.5
GuttenPlans,GuttenPlans x1367,Chesters Fries Flaming hot,Food,1.5,1,1.5,1.5
GuttenPlans,GuttenPlans x1367,Snapple Diet Tea - Lemon,Non Carbonated,2.5,1,2.5,2.5
EB Public Library,EB Public Library x1380,SunChips Multigrain - Salsa,Food,1.5,1,1.5,1.5
EB Public Library,EB Public Library x1380,SunChips Multigrain - Harvest Cheddar,Food,1.5,1,1.5,1.5
EB Public Library,EB Public Library x1380,SunChips Multigrain - Salsa,Food,1.5,1,1.5,1.5
EB Public Library,EB Public Library x1380,Iberia Coconut Water,Non Carbonated,2.0,1,2.0,2.0
EB Public Library,EB Public Library x1380,Poland Springs Water,Water,1.5,1,1.5,1.5
GuttenPlans,GuttenPlans x1367,KitKat - Crisp Wafers,Food,2.5,1,2.5,5.0
GuttenPlans,GuttenPlans x1367,Snapple Tea - Raspberry,Non Carbonated,2.5,1,2.5,5.0
EB Public Library,EB Public Library x1380,Poland Springs Water,Water,1.5,1,1.5,1.5
Earle Asphalt,Earle Asphalt x1371,CheezIt - White Cheddar,Food,1.5,1,1.5,1.5
Earle Asphalt,Earle Asphalt x1371,Robert Irvine's - Fit Crunch -  Chocolate Pea,Food,2.0,1,2.0,2.0
EB Public Library,EB Public Library x1380,Coca Cola - Zero Sugar,Carbonated,1.5,1,1.5,1.5
EB Public Library,EB Public Library x1380,Poland Springs Water,Water,1.5,1,1.5,1.5
GuttenPlans,GuttenPlans x1367,Nutri Grain Apple Cinnamon,Food,1.5,1,1.5,1.5
GuttenPlans,GuttenPlans x1367,Ritz Bits Cheese,Food,1.5,1,1.5,1.5
GuttenPlans,GuttenPlans x1367,Snapple Diet Tea - Peach Tea,Non Carbonated,2.5,1,2.5,2.5
EB Public Library,EB Public Library x1380,Oreo Mini,Food,1.5,2,3.0,4.5
EB Public Library,EB Public Library x1380,Coca Cola - Zero Sugar,Carbonated,1.5,1,1.5,4.5
EB Public Library,EB Public Library x1380,CheezIt - White Cheddar,Food,1.25,1,1.25,1.25
EB Public Library,EB Public Library x1380,Oreo Single Server 6 ct,Food,2.0,1,2.0,3.5
EB Public Library,EB Public Library x1380,SunChips Multigrain - Harvest Cheddar,Food,1.5,1,1.5,3.5
GuttenPlans,GuttenPlans x1367,Monster Energy Original,Carbonated,3.0,1,3.0,3.0
EB Public Library,EB Public Library x1380,Lenny & Larrys - Chocolate Chip,Food,2.0,1,2.0,2.0
GuttenPlans,GuttenPlans x1367,Ritz Bits Cheese,Food,1.5,1,1.5,1.5
EB Public Library,EB Public Library x1380,Starbucks Doubleshot Energy - Coffee,,3.5,1,3.5,3.5
EB Public Library,EB Public Library x1380,SunChips Multigrain - Salsa,Food,1.5,1,1.5,1.5
Brunswick Sq Mall,BSQ Mall x1364 - Zales,Pop Corners - Sea Salt,Food,1.5,1,1.5,1.5
Brunswick Sq Mall,BSQ Mall x1364 - Zales,SunChips Multigrain - Original,Food,1.5,1,1.5,1.5
Brunswick Sq Mall,BSQ Mall x1364 - Zales,Oreo Mini,Food,1.5,1,1.5,1.5
Brunswick Sq Mall,BSQ Mall x1364 - Zales,CheezIt - Cheddar Sour Cream and Onion,Food,1.5,1,1.5,1.5
Earle Asphalt,Earle Asphalt x1371,Kinder - Bueno - Crispy Creamy Chocolate,Food,2.0,1,2.0,2.0
EB Public Library,EB Public Library x1380,Red Bull - Energy Drink - Sugar Free,Carbonated,3.5,1,3.5,3.5
EB Public Library,EB Public Library x1380,Goldfish Baked - Cheddar,Food,1.25,1,1.25,1.25
Earle Asphalt,Earle Asphalt x1371,Miss Vickie's Potato Chip - Smokehouse BBQ,Food,1.5,1,1.5,1.5
GuttenPlans,GuttenPlans x1367,KitKat - Crisp Wafers,Food,2.0,1,2.0,4.5
GuttenPlans,GuttenPlans x1367,Snapple Tea - Raspberry,Non Carbonated,2.5,1,2.5,4.5
EB Public Library,EB Public Library x1380,Kinder - Bueno - Crispy Creamy Chocolate,Food,2.0,1,2.0,2.0
EB Public Library,EB Public Library x1380,Belvita Snack Packs - Blueberry,Food,1.25,1,1.25,1.25
GuttenPlans,GuttenPlans x1367,Snapple Tea - Raspberry,Non Carbonated,2.5,1,2.5,2.5
GuttenPlans,GuttenPlans x1367,Snapple Diet Tea - Lemon,Non Carbonated,2.5,1,2.5,2.5
EB Public Library,EB Public Library x1380,CheezIt - White Cheddar,Food,1.25,1,1.25,1.25
EB Public Library,EB Public Library x1380,Pop Corners - Kettle Corn,Food,1.5,1,1.5,1.5
EB Public Library,EB Public Library x1380,CheezIt - White Cheddar,Food,1.25,1,1.25,1.25
EB Public Library,EB Public Library x1380,Snapple Diet Tea - Lemon,Non Carbonated,2.5,1,2.5,2.5
EB Public Library,EB Public Library x1380,Pop Corners - Kettle Corn,Food,1.5,1,1.5,1.5
EB Public Library,EB Public Library x1380,Snapple Diet Tea - Lemon,Non Carbonated,2.5,1,2.5,2.5
EB Public Library,EB Public Library x1380,Poland Springs Water,Water,1.5,1,1.5,1.5
EB Public Library,EB Public Library x1380,CheezIt - White Cheddar,Food,1.25,1,1.25,1.25
EB Public Library,EB Public Library x1380,SunChips Multigrain - Harvest Cheddar,Food,1.5,1,1.5,1.5
Earle Asphalt,Earle Asphalt x1371,Miss Vickie's Potato Chip - Jalapeno,Food,1.5,1,1.5,1.5
GuttenPlans,GuttenPlans x1367,Cheetos Flaming Hot Limon Crunchy,Food,2.0,1,2.0,2.0
EB Public Library,EB Public Library x1380,Snapple Diet Tea - Lemon,Non Carbonated,2.5,1,2.5,2.5
EB Public Library,EB Public Library x1380,Oreo Mini - Go Paks,,4.0,1,4.0,4.0
EB Public Library,EB Public Library x1380,SunChips Multigrain - Harvest Cheddar,Food,1.5,1,1.5,1.5
EB Public Library,EB Public Library x1380,SunChips Multigrain - Salsa,Food,1.5,1,1.5,1.5
EB Public Library,EB Public Library x1380,Poland Springs Water,Water,1.5,1,1.5,1.5
EB Public Library,EB Public Library x1380,Kinder - Bueno - Crispy Creamy Chocolate,Food,2.0,1,2.0,2.0
GuttenPlans,GuttenPlans x1367,Cheetos - Fleming Hot Crunchy,Food,2.0,1,2.0,2.0
EB Public Library,EB Public Library x1380,Goldfish Baked - Cheddar,Food,1.25,1,1.25,1.25
GuttenPlans,GuttenPlans x1367,Monster Energy Original,Carbonated,3.0,1,3.0,3.0
GuttenPlans,GuttenPlans x1367,Monster Energy Original,Carbonated,3.0,1,3.0,3.0
GuttenPlans,GuttenPlans x1367,Cheetos - Fleming Hot Crunchy,Food,2.0,1,2.0,2.0
Brunswick Sq Mall,BSQ Mall x1364 - Zales,Snapple Diet Tea - Peach Tea,Non Carbonated,2.5,1,2.5,2.5
Brunswick Sq Mall,BSQ Mall x1364 - Zales,Snapple Diet Tea - Peach Tea,Non Carbonated,2.5,1,2.5,2.5
GuttenPlans,GuttenPlans x1367,Snapple Diet Tea - Peach Tea,Non Carbonated,2.5,1,2.5,2.5
GuttenPlans,GuttenPlans x1367,Snapple Tea - Raspberry,Non Carbonated,2.5,1,2.5,2.5
GuttenPlans,GuttenPlans x1367,Snapple Diet Tea - Lemon,Non Carbonated,2.5,1,2.5,2.5
GuttenPlans,GuttenPlans x1367,Cheetos - Fleming Hot Crunchy,Food,2.0,1,2.0,2.0
EB Public Library,EB Public Library x1380,BodyArmor LYTE  - Peach Mango,Water,2.5,1,2.5,2.5
EB Public Library,EB Public Library x1380,SunChips Multigrain - Harvest Cheddar,Food,1.5,1,1.5,1.5
GuttenPlans,GuttenPlans x1367,KitKat - Crisp Wafers,Food,2.0,1,2.0,2.0
EB Public Library,EB Public Library x1380,Coca Cola - Zero Sugar,Carbonated,1.5,1,1.5,1.5
GuttenPlans,GuttenPlans x1367,Snapple Diet Tea - Lemon,Non Carbonated,2.5,1,2.5,2.5
Brunswick Sq Mall,BSQ Mall x1366 - ATT,Newtons Fig Bar,Food,2.0,1,2.0,2.0
EB Public Library,EB Public Library x1380,Bai Antioxidant - Tanzania Lemon Super Tea,Non Carbonated,2.75,1,2.75,2.75
EB Public Library,EB Public Library x1380,Starbucks Doubleshot Energy - Coffee,,3.5,1,3.5,3.5
EB Public Library,EB Public Library x1380,Wonderful Pistachios - Variety,Food,2.0,1,2.0,2.0
EB Public Library,EB Public Library x1380,Bai Antioxidant - Tanzania Lemon Super Tea,Non Carbonated,2.75,1,2.75,2.75
EB Public Library,EB Public Library x1380,Snapple Diet Tea - Lemon,Non Carbonated,2.5,1,2.5,2.5
EB Public Library,EB Public Library x1380,Kinder - Bueno - Crispy Creamy Chocolate,Food,2.0,1,2.0,2.0
EB Public Library,EB Public Library x1380,Kinder - Bueno - Crispy Creamy Chocolate,Food,2.0,1,2.0,2.0
EB Public Library,EB Public Library x1380,Coca Cola - Zero Sugar,Carbonated,1.5,1,1.5,1.5
EB Public Library,EB Public Library x1380,Red Bull - Energy Drink - Sugar Free,Carbonated,3.5,1,3.5,3.5
EB Public Library,EB Public Library x1380,SunChips Multigrain - Salsa,Food,1.5,1,1.5,1.5
GuttenPlans,GuttenPlans x1367,Monster Energy Original,Carbonated,3.0,1,3.0,3.0
GuttenPlans,GuttenPlans x1367,KitKat - Crisp Wafers,Food,2.0,1,2.0,2.0
GuttenPlans,GuttenPlans x1367,Snapple Diet Tea - Lemon,Non Carbonated,2.5,1,2.5,2.5
GuttenPlans,GuttenPlans x1367,KitKat - Crisp Wafers,Food,2.0,1,2.0,2.0
GuttenPlans,GuttenPlans x1367,KitKat - Crisp Wafers,Food,2.0,1,2.0,2.0
GuttenPlans,GuttenPlans x1367,Cheetos Flaming Hot Limon Crunchy,Food,2.0,1,2.0,2.0
GuttenPlans,GuttenPlans x1367,Cheetos - Fleming Hot Crunchy,Food,2.0,1,2.0,2.0
EB Public Library,EB Public Library x1380,BodyArmor LYTE  - Peach Mango,Water,2.5,1,2.5,2.5
EB Public Library,EB Public Library x1380,CheezIt - Double Cheese,Food,1.25,1,1.25,1.25
EB Public Library,EB Public Library x1380,Lenny & Larrys - Chocolate Chip,Food,2.0,1,2.0,2.0
EB Public Library,EB Public Library x1380,Snapple Diet Tea - Lemon,Non Carbonated,2.5,1,2.5,2.5
EB Public Library,EB Public Library x1380,Snyder's of Hanover Pretzel Pieces - Cheddar,Food,2.0,1,2.0,4.0
EB Public Library,EB Public Library x1380,Kinder - Bueno - Crispy Creamy Chocolate,Food,2.0,1,2.0,4.0
Brunswick Sq Mall,BSQ Mall x1364 - Zales,Pop Corners - White Cheddar,Food,1.5,1,1.5,1.5
GuttenPlans,GuttenPlans x1367,Coca Cola - Zero Sugar,Carbonated,1.5,1,1.5,1.5
GuttenPlans,GuttenPlans x1367,Coca Cola - Zero Sugar,Carbonated,1.5,1,1.5,1.5
GuttenPlans,GuttenPlans x1367,Sunkist Soda - Orange,Carbonated,1.5,1,1.5,1.5
Brunswick Sq Mall,BSQ Mall x1364 - Zales,SunChips Multigrain - Harvest Cheddar,Food,1.5,1,1.5,1.5
GuttenPlans,GuttenPlans x1367,Lays - Classic,Food,1.5,1,1.5,1.5
GuttenPlans,GuttenPlans x1367,Monster Energy Original,Carbonated,3.0,1,3.0,3.0
GuttenPlans,GuttenPlans x1367,Coca Cola - Zero Sugar,Carbonated,1.5,1,1.5,1.5
GuttenPlans,GuttenPlans x1367,Funyuns - Flaming Hot,Food,1.5,1,1.5,1.5
GuttenPlans,GuttenPlans x1367,Funyuns - Flaming Hot,Food,1.5,1,1.5,1.5
GuttenPlans,GuttenPlans x1367,Red Bull - Original,Carbonated,3.5,1,3.5,3.5
GuttenPlans,GuttenPlans x1367,Snapple Diet Tea - Lemon,Non Carbonated,2.5,1,2.5,2.5
GuttenPlans,GuttenPlans x1367,Nutri Grain Apple Cinnamon,Food,1.5,1,1.5,1.5
GuttenPlans,GuttenPlans x1367,Funyuns - Flaming Hot,Food,1.5,1,1.5,1.5
EB Public Library,EB Public Library x1380,Pop Corners - Kettle Corn,Food,1.5,1,1.5,1.5
EB Public Library,EB Public Library x1380,Kinder - Bueno - Crispy Creamy Chocolate,Food,2.0,1,2.0,2.0
EB Public Library,EB Public Library x1380,Oreo Mini,Food,1.5,1,1.5,1.5
Brunswick Sq Mall,BSQ Mall x1366 - ATT,Red Bull - Energy Drink - Sugar Free,Carbonated,3.5,1,3.5,3.5
EB Public Library,EB Public Library x1380,Snapple Diet Tea - Lemon,Non Carbonated,2.5,1,2.5,2.5
EB Public Library,EB Public Library x1380,Pop Corners - Sea Salt,Food,1.5,1,1.5,1.5
EB Public Library,EB Public Library x1380,Goldfish Baked - Cheddar,Food,1.25,1,1.25,1.25
EB Public Library,EB Public Library x1380,Poland Springs Water,Water,1.5,1,1.5,1.5
Brunswick Sq Mall,BSQ Mall x1366 - ATT,Snapple Tea - Raspberry,Non Carbonated,2.5,1,2.5,2.5
EB Public Library,EB Public Library x1380,Starbucks Doubleshot Energy - Coffee,,3.5,1,3.5,3.5
Brunswick Sq Mall,BSQ Mall x1366 - ATT,Oreo Mini,Food,1.5,1,1.5,1.5
EB Public Library,EB Public Library x1380,Coca Cola - Zero Sugar,Carbonated,1.5,1,1.5,1.5
EB Public Library,EB Public Library x1380,Coca Cola - Zero Sugar,Carbonated,1.5,1,1.5,1.5
EB Public Library,EB Public Library x1380,RXBAR - Protein Bar - Peanut Butter,Food,2.0,1,2.0,2.0
EB Public Library,EB Public Library x1380,CheezIt - Double Cheese,Food,1.25,1,1.25,1.25
EB Public Library,EB Public Library x1380,Red Bull - Energy Drink - Sugar Free,Carbonated,3.5,1,3.5,3.5
EB Public Library,EB Public Library x1380,SunChips Multigrain - Salsa,Food,1.5,1,1.5,1.5
EB Public Library,EB Public Library x1380,Pop Corners - Sea Salt,Food,1.5,1,1.5,1.5
EB Public Library,EB Public Library x1380,SunChips Multigrain - Salsa,Food,1.5,1,1.5,1.5
EB Public Library,EB Public Library x1380,Pop Corners - Kettle Corn,Food,1.5,1,1.5,1.5
EB Public Library,EB Public Library x1380,Coca Cola - Zero Sugar,Carbonated,1.5,1,1.5,1.5
EB Public Library,EB Public Library x1380,Goldfish Baked - Cheddar,Food,1.25,1,1.25,1.25
Brunswick Sq Mall,BSQ Mall x1364 - Zales,KitKat - Crisp Wafers,Food,2.0,1,2.0,2.0
Brunswick Sq Mall,BSQ Mall x1366 - ATT,S. Pellegrino Sparkling Mineral Water,Water,2.0,1,2.0,2.0
Brunswick Sq Mall,BSQ Mall x1366 - ATT,SunChips Multigrain - Salsa,Food,1.5,1,1.5,1.5
Brunswick Sq Mall,BSQ Mall x1366 - ATT,SunChips Multigrain - Salsa,Food,1.5,1,1.5,1.5
Brunswick Sq Mall,BSQ Mall x1364 - Zales,Poland Springs Water,Water,1.5,1,1.5,1.5
Brunswick Sq Mall,BSQ Mall x1366 - ATT,Takis - Hot Chilli Pepper & Lime,Food,1.5,1,1.5,1.5
EB Public Library,EB Public Library x1380,Snapple Diet Tea - Lemon,Non Carbonated,2.5,1,2.5,2.5
Brunswick Sq Mall,BSQ Mall x1366 - ATT,Nature's Garden Trail Mix - Cranberry Healthy,Food,1.5,1,1.5,1.5
EB Public Library,EB Public Library x1380,Red Bull - Energy Drink - Sugar Free,Carbonated,3.5,1,3.5,3.5
EB Public Library,EB Public Library x1380,Keep Healthy - Chocolate Fudge,Food,2.0,1,2.0,4.0
EB Public Library,EB Public Library x1380,Genius Keto Bar - Chocolate Dream,Food,2.0,1,2.0,4.0
EB Public Library,EB Public Library x1380,Oreo Mini - Go Paks,,4.0,1,4.0,4.0
Brunswick Sq Mall,BSQ Mall x1364 - Zales,Takis - Hot Chilli Pepper & Lime,Food,1.5,1,1.5,1.5
Brunswick Sq Mall,BSQ Mall x1364 - Zales,Oreo Mini,Food,1.5,1,1.5,1.5
Brunswick Sq Mall,BSQ Mall x1364 - Zales,Oreo Mini,Food,1.5,1,1.5,1.5
EB Public Library,EB Public Library x1380,Poland Springs Water,Water,1.5,1,1.5,1.5
Brunswick Sq Mall,BSQ Mall x1366 - ATT,Monster Energy Original,Carbonated,3.0,1,3.0,3.0
Brunswick Sq Mall,BSQ Mall x1366 - ATT,Oreo Mini,Food,1.5,1,1.5,1.5
Brunswick Sq Mall,BSQ Mall x1364 - Zales,Coca Cola - Zero Sugar,Carbonated,1.5,1,1.5,1.5
EB Public Library,EB Public Library x1380,Lenny & Larrys - SnickerDoodle,Food,3.0,1,3.0,3.0
EB Public Library,EB Public Library x1380,Oreo Mini,Food,1.5,1,1.5,1.5
EB Public Library,EB Public Library x1380,Robert Irvine's - Fit Crunch -  Chocolate Pea,Food,2.0,1,2.0,2.0
EB Public Library,EB Public Library x1380,Pop Corners - Kettle Corn,Food,1.5,1,1.5,1.5
EB Public Library,EB Public Library x1380,CheezIt - Double Cheese,Food,1.25,1,1.25,1.25
EB Public Library,EB Public Library x1380,CheezIt - Original,Food,1.25,1,1.25,1.25
EB Public Library,EB Public Library x1380,CheezIt - Double Cheese,Food,1.25,1,1.25,1.25
EB Public Library,EB Public Library x1380,Goldfish Baked - Cheddar,Food,1.25,1,1.25,1.25
EB Public Library,EB Public Library x1380,Oreo Mini - Go Paks,,4.0,1,4.0,4.0
Brunswick Sq Mall,BSQ Mall x1366 - ATT,Oreo Mini,Food,1.5,1,1.5,1.5
Brunswick Sq Mall,BSQ Mall x1364 - Zales,Pop Corners - Spicy Queso,Food,1.5,1,1.5,1.5
Brunswick Sq Mall,BSQ Mall x1364 - Zales,SunChips Multigrain - Original,Food,1.5,1,1.5,1.5
Brunswick Sq Mall,BSQ Mall x1366 - ATT,SunChips Multigrain - Salsa,Food,1.5,1,1.5,1.5
Brunswick Sq Mall,BSQ Mall x1366 - ATT,KitKat - Crisp Wafers,Food,2.0,1,2.0,2.0
Brunswick Sq Mall,BSQ Mall x1366 - ATT,SunChips Multigrain - Salsa,Food,1.5,1,1.5,1.5
Brunswick Sq Mall,BSQ Mall x1366 - ATT,Bai Antioxidant - Kupang strawberry kiwi,Non Carbonated,2.75,2,5.5,5.5
GuttenPlans,GuttenPlans x1367,Snapple Diet Tea - Lemon,Non Carbonated,2.5,1,2.5,2.5
GuttenPlans,GuttenPlans x1367,Red Bull - Original,Carbonated,3.5,1,3.5,3.5
GuttenPlans,GuttenPlans x1367,Red Bull - Original,Carbonated,3.5,1,3.5,3.5
Earle Asphalt,Earle Asphalt x1371,Miss Vickie's Potato Chip - Jalapeno,Food,1.5,1,1.5,1.5
Earle Asphalt,Earle Asphalt x1371,SunChips Multigrain - Harvest Cheddar,Food,1.5,1,1.5,1.5
EB Public Library,EB Public Library x1380,Bai Antioxidant - Tanzania Lemon Super Tea,Non Carbonated,2.75,1,2.75,2.75
Earle Asphalt,Earle Asphalt x1371,Wonderful Pistachios - Variety,Food,2.0,1,2.0,2.0
Brunswick Sq Mall,BSQ Mall x1366 - ATT,SunChips Multigrain - Original,Food,1.5,1,1.5,1.5
EB Public Library,EB Public Library x1380,CheezIt - Double Cheese,Food,1.25,1,1.25,3.75
EB Public Library,EB Public Library x1380,Snapple Diet Tea - Lemon,Non Carbonated,2.5,1,2.5,3.75
Brunswick Sq Mall,BSQ Mall x1364 - Zales,Pop Corners - Spicy Queso,Food,1.5,1,1.5,1.5
EB Public Library,EB Public Library x1380,CheezIt - Double Cheese,Food,1.25,1,1.25,1.25
GuttenPlans,GuttenPlans x1367,Snapple Diet Tea - Lemon,Non Carbonated,2.5,1,2.5,2.5
GuttenPlans,GuttenPlans x1367,Funyuns - Flaming Hot,Food,1.5,1,1.5,1.5
Earle Asphalt,Earle Asphalt x1371,SunChips Multigrain - Salsa,Food,1.5,1,1.5,1.5
GuttenPlans,GuttenPlans x1367,Snapple Tea - Raspberry,Non Carbonated,2.5,1,2.5,6.5
GuttenPlans,GuttenPlans x1367,Funyuns - Flaming Hot,Food,1.5,1,1.5,6.5
GuttenPlans,GuttenPlans x1367,KitKat - Crisp Wafers,Food,2.5,1,2.5,6.5
Earle Asphalt,Earle Asphalt x1371,Robert Irvine's - Fit Crunch -  Chocolate Pea,Food,2.0,1,2.0,2.0
Earle Asphalt,Earle Asphalt x1371,Wonderful Pistachios - Variety,Food,2.0,1,2.0,2.0
EB Public Library,EB Public Library x1380,Poland Springs Water,Water,1.5,1,1.5,1.5
Brunswick Sq Mall,BSQ Mall x1364 - Zales,Keto Bar - Creamy Peanut Butter Chocolate,Food,2.0,1,2.0,2.0
EB Public Library,EB Public Library x1380,Poland Springs Water,Water,1.5,1,1.5,1.5
GuttenPlans,GuttenPlans x1367,Sunkist Soda - Orange,Carbonated,1.5,1,1.5,1.5
EB Public Library,EB Public Library x1380,Poland Springs Water,Water,1.5,1,1.5,1.5
EB Public Library,EB Public Library x1380,CheezIt - Double Cheese,Food,1.25,1,1.25,1.25
EB Public Library,EB Public Library x1380,CheezIt - Original,Food,1.25,1,1.25,1.25
EB Public Library,EB Public Library x1380,Lenny & Larrys - Chocolate Chip,Food,2.0,1,2.0,2.0
GuttenPlans,GuttenPlans x1367,Funyuns - Flaming Hot,Food,1.5,1,1.5,1.5
Brunswick Sq Mall,BSQ Mall x1366 - ATT,Oreo Mini,Food,1.5,1,1.5,1.5
GuttenPlans,GuttenPlans x1367,Monster Energy Original,Carbonated,3.0,1,3.0,3.0
GuttenPlans,GuttenPlans x1367,Coca Cola - Zero Sugar,Carbonated,1.5,1,1.5,1.5
GuttenPlans,GuttenPlans x1367,Funyuns - Flaming Hot,Food,1.5,1,1.5,1.5
GuttenPlans,GuttenPlans x1367,Funyuns - Flaming Hot,Food,1.5,1,1.5,1.5
GuttenPlans,GuttenPlans x1367,Cheetos Puffs,Food,1.5,1,1.5,1.5
GuttenPlans,GuttenPlans x1367,Coca Cola - Zero Sugar,Carbonated,1.5,1,1.5,1.5
GuttenPlans,GuttenPlans x1367,Nature's Bakery Fig Bar - Blueberry,Food,1.5,1,1.5,1.5
GuttenPlans,GuttenPlans x1367,Funyuns - Flaming Hot,Food,1.5,1,1.5,1.5
GuttenPlans,GuttenPlans x1367,Red Bull - Original,Carbonated,3.5,1,3.5,3.5
Earle Asphalt,Earle Asphalt x1371,SunChips Multigrain - Salsa,Food,1.5,1,1.5,1.5
EB Public Library,EB Public Library x1380,RXBAR - Protein Bar - Peanut Butter,Food,2.0,1,2.0,2.0
EB Public Library,EB Public Library x1380,BodyArmor LYTE  - Peach Mango,Water,2.5,1,2.5,2.5
Earle Asphalt,Earle Asphalt x1371,Wonderful Pistachios - Variety,Food,2.0,1,2.0,2.0
EB Public Library,EB Public Library x1380,Poland Springs Water,Water,1.5,1,1.5,3.5
EB Public Library,EB Public Library x1380,Wonderful Pistachios - Variety,Food,2.0,1,2.0,3.5
GuttenPlans,GuttenPlans x1367,KitKat - Crisp Wafers,Food,2.5,1,2.5,2.5
EB Public Library,EB Public Library x1380,Starbucks Doubleshot Energy - Coffee,,3.5,1,3.5,3.5
Brunswick Sq Mall,BSQ Mall x1364 - Zales,Robert Irvine's - Fit Crunch -  Chocolate Pea,Food,2.0,1,2.0,2.0
EB Public Library,EB Public Library x1380,Goldfish Baked - Cheddar,Food,1.25,1,1.25,1.25
Earle Asphalt,Earle Asphalt x1371,CheezIt - Original,Food,1.5,1,1.5,1.5
Brunswick Sq Mall,BSQ Mall x1364 - Zales,SunChips Multigrain - Harvest Cheddar,Food,1.5,1,1.5,1.5
EB Public Library,EB Public Library x1380,Mini Chips Ahoy - Go Paks,,4.0,1,4.0,4.0
EB Public Library,EB Public Library x1380,BodyArmor LYTE  - Peach Mango,Water,2.5,1,2.5,2.5
EB Public Library,EB Public Library x1380,Oreo Mini - Go Paks,,4.0,1,4.0,4.0
EB Public Library,EB Public Library x1380,Oreo Mini,Food,1.5,1,1.5,1.5
EB Public Library,EB Public Library x1380,Starbucks Doubleshot Energy - Coffee,,3.5,1,3.5,3.5
EB Public Library,EB Public Library x1380,Pop Corners - Kettle Corn,Food,1.5,1,1.5,1.5
EB Public Library,EB Public Library x1380,Oreo Mini - Go Paks,,4.0,1,4.0,4.0
GuttenPlans,GuttenPlans x1367,Monster Energy Original,Carbonated,3.0,1,3.0,3.0
EB Public Library,EB Public Library x1380,Poland Springs Water,Water,1.5,1,1.5,1.5
EB Public Library,EB Public Library x1380,Coca Cola - Zero Sugar,Carbonated,1.5,1,1.5,1.5
EB Public Library,EB Public Library x1380,Starbucks Doubleshot Energy - Coffee,,3.5,1,3.5,3.5
EB Public Library,EB Public Library x1380,Poland Springs Water,Water,1.5,1,1.5,1.5
EB Public Library,EB Public Library x1380,Poland Springs Water,Water,1.5,1,1.5,1.5
EB Public Library,EB Public Library x1380,Wonderful Pistachios - Variety,Food,2.0,1,2.0,2.0
EB Public Library,EB Public Library x1380,CheezIt - Original,Food,1.25,1,1.25,1.25
EB Public Library,EB Public Library x1380,Coca Cola - Zero Sugar,Carbonated,1.5,1,1.5,1.5
EB Public Library,EB Public Library x1380,Teddy Grahams - Go Paks,,4.0,1,4.0,4.0
EB Public Library,EB Public Library x1380,Oreo Single Server 6 ct,Food,2.0,1,2.0,2.0
EB Public Library,EB Public Library x1380,Poland Springs Water,Water,1.5,1,1.5,1.5
EB Public Library,EB Public Library x1380,Starbucks Doubleshot Energy - Coffee,,3.5,1,3.5,3.5
EB Public Library,EB Public Library x1380,CheezIt - Original,Food,1.25,1,1.25,1.25
Brunswick Sq Mall,BSQ Mall x1364 - Zales,Pop Corners - Spicy Queso,Food,1.5,2,3.0,3.0
Brunswick Sq Mall,BSQ Mall x1366 - ATT,CheezIt - Original,Food,1.25,1,1.25,1.25
Brunswick Sq Mall,BSQ Mall x1366 - ATT,S. Pellegrino Sparkling Mineral Water,Water,2.0,1,2.0,2.0
Brunswick Sq Mall,BSQ Mall x1366 - ATT,Bai Antioxidant - Kupang strawberry kiwi,Non Carbonated,2.75,1,2.75,2.75
GuttenPlans,GuttenPlans x1367,Cheetos Puffs,Food,1.5,1,1.5,1.5
GuttenPlans,GuttenPlans x1367,Cheetos Puffs,Food,1.5,1,1.5,1.5
GuttenPlans,GuttenPlans x1367,Monster Energy Original,Carbonated,3.0,1,3.0,3.0
GuttenPlans,GuttenPlans x1367,Cheetos Puffs,Food,1.5,1,1.5,1.5
GuttenPlans,GuttenPlans x1367,Coca Cola - Zero Sugar,Carbonated,1.5,1,1.5,1.5
GuttenPlans,GuttenPlans x1367,Funyuns - Flaming Hot,Food,1.5,1,1.5,1.5
GuttenPlans,GuttenPlans x1367,Red Bull - Original,Carbonated,3.5,1,3.5,3.5
EB Public Library,EB Public Library x1380,CheezIt - Go Paks,Food,3.0,1,3.0,3.0
GuttenPlans,GuttenPlans x1367,Funyuns - Flaming Hot,Food,1.5,1,1.5,3.0
GuttenPlans,GuttenPlans x1367,Funyuns - Flaming Hot,Food,1.5,1,1.5,3.0
EB Public Library,EB Public Library x1380,Robert Irvine's - Fit Crunch -  Chocolate Pea,Food,2.0,1,2.0,3.5
EB Public Library,EB Public Library x1380,Poland Springs Water,Water,1.5,1,1.5,3.5
EB Public Library,EB Public Library x1380,Seapoint Farms Dry Roasted Edamame - Wasabi,Food,2.5,1,2.5,2.5
EB Public Library,EB Public Library x1380,SunChips Multigrain - Harvest Cheddar,Food,1.5,1,1.5,1.5
EB Public Library,EB Public Library x1380,Lenny & Larrys - SnickerDoodle,Food,3.0,1,3.0,3.0
EB Public Library,EB Public Library x1380,Bai Antioxidant - Tanzania Lemon Super Tea,Non Carbonated,2.75,1,2.75,2.75
EB Public Library,EB Public Library x1380,Poland Springs Water,Water,1.5,1,1.5,1.5
Earle Asphalt,Earle Asphalt x1371,SunChips Multigrain - Salsa,Food,1.5,1,1.5,1.5
EB Public Library,EB Public Library x1380,Coca Cola - Zero Sugar,Carbonated,1.5,1,1.5,5.0
EB Public Library,EB Public Library x1380,Pop Corners - Sea Salt,Food,1.5,1,1.5,5.0
EB Public Library,EB Public Library x1380,Genius Keto Bar - Chocolate Dream,Food,2.0,1,2.0,5.0
EB Public Library,EB Public Library x1380,Oreo Mini,Food,1.5,1,1.5,3.5
EB Public Library,EB Public Library x1380,Iberia Coconut Water,Non Carbonated,2.0,1,2.0,3.5
EB Public Library,EB Public Library x1380,Coca Cola - Zero Sugar,Carbonated,1.5,1,1.5,1.5
GuttenPlans,GuttenPlans x1367,Coca Cola - Zero Sugar,Carbonated,1.5,1,1.5,1.5
GuttenPlans,GuttenPlans x1367,KitKat - Crisp Wafers,Food,2.5,1,2.5,2.5
GuttenPlans,GuttenPlans x1367,Snapple Diet Tea - Peach Tea,Non Carbonated,2.5,1,2.5,2.5
GuttenPlans,GuttenPlans x1367,Nature's Bakery Fig Bar - Raspberry,Food,1.5,1,1.5,1.5
GuttenPlans,GuttenPlans x1367,Sunkist Soda - Orange,Carbonated,1.5,1,1.5,1.5
EB Public Library,EB Public Library x1380,V8 Vegetable Juice - Original,Non Carbonated,2.0,1,2.0,2.0
Brunswick Sq Mall,BSQ Mall x1364 - Zales,Poland Springs Water,Water,1.5,1,1.5,1.5
Brunswick Sq Mall,BSQ Mall x1364 - Zales,Takis - Hot Chilli Pepper & Lime,Food,1.5,1,1.5,1.5
GuttenPlans,GuttenPlans x1367,Funyuns - Flaming Hot,Food,1.5,1,1.5,1.5
EB Public Library,EB Public Library x1380,Oreo Single Server 6 ct,Food,2.0,1,2.0,2.0
GuttenPlans,GuttenPlans x1367,Monster Energy Original,Carbonated,3.0,1,3.0,3.0
Earle Asphalt,Earle Asphalt x1371,Belvita Snack Packs - Cinnamon,Food,1.25,1,1.25,1.25
Brunswick Sq Mall,BSQ Mall x1366 - ATT,Bai Antioxidant - Kupang strawberry kiwi,Non Carbonated,2.75,1,2.75,2.75
Earle Asphalt,Earle Asphalt x1371,Wonderful Pistachios - Variety,Food,2.0,1,2.0,2.0
GuttenPlans,GuttenPlans x1367,Snapple Diet Tea - Lemon,Non Carbonated,2.5,1,2.5,2.5
GuttenPlans,GuttenPlans x1367,Cheetos Puffs,Food,1.5,1,1.5,1.5
GuttenPlans,GuttenPlans x1367,Cheetos Puffs,Food,1.5,1,1.5,1.5
GuttenPlans,GuttenPlans x1367,Munchies Snack mix Flaming Hot,Food,2.0,2,4.0,4.0
EB Public Library,EB Public Library x1380,Wonderful Pistachios - Variety,Food,2.0,1,2.0,2.0
Brunswick Sq Mall,BSQ Mall x1364 - Zales,Keto Bar - Creamy Peanut Butter Chocolate,Food,2.0,1,2.0,2.0
GuttenPlans,GuttenPlans x1367,KitKat - Crisp Wafers,Food,2.5,1,2.5,5.0
GuttenPlans,GuttenPlans x1367,Snapple Diet Tea - Peach Tea,Non Carbonated,2.5,1,2.5,5.0
Earle Asphalt,Earle Asphalt x1371,Wonderful Pistachios - Variety,Food,2.0,1,2.0,2.0
EB Public Library,EB Public Library x1380,Snapple Diet Tea - Lemon,Non Carbonated,2.5,1,2.5,2.5
Brunswick Sq Mall,BSQ Mall x1366 - ATT,Red Bull - Energy Drink - Sugar Free,Carbonated,3.5,1,3.5,3.5
Brunswick Sq Mall,BSQ Mall x1364 - Zales,RXBAR - Protein Bar - Peanut Butter,Food,2.0,1,2.0,4.0
Brunswick Sq Mall,BSQ Mall x1364 - Zales,KitKat - Crisp Wafers,Food,2.0,1,2.0,4.0
Brunswick Sq Mall,BSQ Mall x1364 - Zales,Seapoint Farms Dry Roasted Edamame - Wasabi,Food,2.5,1,2.5,2.5
Brunswick Sq Mall,BSQ Mall x1364 - Zales,Iberia Coconut Water,Non Carbonated,2.0,1,2.0,2.0
Brunswick Sq Mall,BSQ Mall x1364 - Zales,SunChips Multigrain - Harvest Cheddar,Food,1.5,1,1.5,1.5
Brunswick Sq Mall,BSQ Mall x1366 - ATT,Wonderful Pistachios - Variety,Food,2.0,1,2.0,2.0
GuttenPlans,GuttenPlans x1367,Coca Cola - Zero Sugar,Carbonated,1.5,1,1.5,1.5
GuttenPlans,GuttenPlans x1367,Nature's Bakery Fig Bar - Raspberry,Food,1.5,1,1.5,1.5
EB Public Library,EB Public Library x1380,Wonderful Pistachios - Variety,Food,2.0,1,2.0,2.0
Brunswick Sq Mall,BSQ Mall x1364 - Zales,CheezIt - Original,Food,1.5,1,1.5,1.5
GuttenPlans,GuttenPlans x1367,Monster Energy Original,Carbonated,3.0,1,3.0,3.0
GuttenPlans,GuttenPlans x1367,Cheetos Puffs,Food,1.5,1,1.5,1.5
GuttenPlans,GuttenPlans x1367,Lays - Classic,Food,1.5,1,1.5,1.5
GuttenPlans,GuttenPlans x1367,Cheetos Flaming Hot Limon Crunchy,Food,2.0,1,2.0,2.0
Brunswick Sq Mall,BSQ Mall x1366 - ATT,SunChips Multigrain - Salsa,Food,1.5,1,1.5,1.5
Brunswick Sq Mall,BSQ Mall x1366 - ATT,SunChips Multigrain - Salsa,Food,1.5,1,1.5,1.5
GuttenPlans,GuttenPlans x1367,Doritos Spicy Nacho,,1.5,1,1.5,1.5
GuttenPlans,GuttenPlans x1367,KitKat - Crisp Wafers,Food,2.5,1,2.5,2.5
GuttenPlans,GuttenPlans x1367,Lays - Classic,Food,1.5,1,1.5,1.5
GuttenPlans,GuttenPlans x1367,Cheetos Cheddar Jalapeno,Food,1.5,1,1.5,1.5
GuttenPlans,GuttenPlans x1367,Chesters Fries Flaming hot,Food,1.5,1,1.5,1.5
GuttenPlans,GuttenPlans x1367,Cheetos Flaming Hot Limon Crunchy,Food,2.0,1,2.0,2.0
GuttenPlans,GuttenPlans x1367,Red Bull - Original,Carbonated,3.5,1,3.5,3.5
Brunswick Sq Mall,BSQ Mall x1366 - ATT,Pop Corners - Sweet & Salty Kettle,Food,1.5,1,1.5,1.5
Earle Asphalt,Earle Asphalt x1371,Oreo Mini,Food,1.5,1,1.5,1.5
Earle Asphalt,Earle Asphalt x1371,SunChips Multigrain - Salsa,Food,1.5,1,1.5,1.5
Earle Asphalt,Earle Asphalt x1371,Miss Vickie's Potato Chip - Jalapeno,Food,1.5,1,1.5,1.5
EB Public Library,EB Public Library x1380,Snapple Diet Tea - Lemon,Non Carbonated,2.5,1,2.5,2.5
Earle Asphalt,Earle Asphalt x1371,KitKat - Crisp Wafers,Food,1.75,1,1.75,1.75
Earle Asphalt,Earle Asphalt x1371,Wonderful Pistachios - Variety,Food,2.0,1,2.0,2.0
Earle Asphalt,Earle Asphalt x1371,Wonderful Pistachios - Variety,Food,2.0,1,2.0,2.0
EB Public Library,EB Public Library x1380,Bai Antioxidant - Tanzania Lemon Super Tea,Non Carbonated,2.75,1,2.75,2.75
Brunswick Sq Mall,BSQ Mall x1364 - Zales,Poland Springs Water,Water,1.5,1,1.5,1.5
GuttenPlans,GuttenPlans x1367,KitKat - Crisp Wafers,Food,2.5,1,2.5,2.5
GuttenPlans,GuttenPlans x1367,Red Bull - Original,Carbonated,3.5,1,3.5,3.5
GuttenPlans,GuttenPlans x1367,Coca Cola - Zero Sugar,Carbonated,1.5,1,1.5,1.5
GuttenPlans,GuttenPlans x1367,Red Bull - Original,Carbonated,3.5,1,3.5,3.5
GuttenPlans,GuttenPlans x1367,Coca Cola - Zero Sugar,Carbonated,1.5,1,1.5,1.5
GuttenPlans,GuttenPlans x1367,Sunkist Soda - Orange,Carbonated,1.5,1,1.5,1.5
GuttenPlans,GuttenPlans x1367,Lays - Classic,Food,1.5,1,1.5,1.5
Brunswick Sq Mall,BSQ Mall x1364 - Zales,Pop Corners - Sea Salt,Food,1.5,1,1.5,1.5
Brunswick Sq Mall,BSQ Mall x1366 - ATT,Snapple Tea - Raspberry,Non Carbonated,2.5,1,2.5,2.5
Brunswick Sq Mall,BSQ Mall x1366 - ATT,SunChips Multigrain - Salsa,Food,1.5,1,1.5,1.5
EB Public Library,EB Public Library x1380,CheezIt - Original,Food,1.25,1,1.25,1.25
EB Public Library,EB Public Library x1380,Bai Antioxidant - Tanzania Lemon Super Tea,Non Carbonated,2.75,1,2.75,2.75
EB Public Library,EB Public Library x1380,Oreo Single Server 6 ct,Food,2.0,1,2.0,2.0
EB Public Library,EB Public Library x1380,Oreo Mini,Food,1.5,1,1.5,1.5
GuttenPlans,GuttenPlans x1367,Chesters Fries Flaming hot,Food,1.5,1,1.5,1.5
Brunswick Sq Mall,BSQ Mall x1364 - Zales,SunChips Multigrain - Harvest Cheddar,Food,1.5,1,1.5,1.5
GuttenPlans,GuttenPlans x1367,Cheetos - Fleming Hot Crunchy,Food,1.5,1,1.5,1.5
GuttenPlans,GuttenPlans x1367,Monster Energy Original,Carbonated,3.0,1,3.0,3.0
GuttenPlans,GuttenPlans x1367,Doritos Spicy Nacho,,1.5,1,1.5,1.5
GuttenPlans,GuttenPlans x1367,Lays - Classic,Food,1.5,1,1.5,1.5
Brunswick Sq Mall,BSQ Mall x1364 - Zales,Zevia Zero Calorie Energy - Mango Ginger,Non Carbonated,2.5,1,2.5,2.5
Brunswick Sq Mall,BSQ Mall x1364 - Zales,Zevia Zero Calorie Energy - Mango Ginger,Non Carbonated,2.5,1,2.5,2.5
GuttenPlans,GuttenPlans x1367,Snapple Tea - Raspberry,Non Carbonated,2.5,1,2.5,5.0
GuttenPlans,GuttenPlans x1367,KitKat - Crisp Wafers,Food,2.5,1,2.5,5.0
EB Public Library,EB Public Library x1380,CheezIt - Original,Food,1.25,1,1.25,1.25
EB Public Library,EB Public Library x1380,BodyArmor LYTE  - Peach Mango,Water,2.75,1,2.75,2.75
EB Public Library,EB Public Library x1380,Oreo Mini - Go Paks,,4.0,1,4.0,4.0
GuttenPlans,GuttenPlans x1367,Monster Energy Original,Carbonated,3.0,1,3.0,3.0
GuttenPlans,GuttenPlans x1367,Sunkist Soda - Orange,Carbonated,1.5,1,1.5,1.5
GuttenPlans,GuttenPlans x1367,Munchies Snack mix Flaming Hot,Food,2.0,1,2.0,2.0
Brunswick Sq Mall,BSQ Mall x1364 - Zales,Poland Springs Water,Water,1.5,1,1.5,1.5
Brunswick Sq Mall,BSQ Mall x1364 - Zales,Poland Springs Water,Water,1.5,1,1.5,1.5
Brunswick Sq Mall,BSQ Mall x1364 - Zales,Poland Springs Water,Water,1.5,1,1.5,1.5
GuttenPlans,GuttenPlans x1367,KitKat - Crisp Wafers,Food,2.5,1,2.5,2.5
GuttenPlans,GuttenPlans x1367,Monster Energy Original,Carbonated,3.0,1,3.0,3.0
Brunswick Sq Mall,BSQ Mall x1366 - ATT,Kinder - Bueno - Crispy Creamy Chocolate,Food,2.0,1,2.0,2.0
GuttenPlans,GuttenPlans x1367,KitKat - Crisp Wafers,Food,2.5,1,2.5,2.5
GuttenPlans,GuttenPlans x1367,Chesters Fries Flaming hot,Food,1.5,1,1.5,1.5
GuttenPlans,GuttenPlans x1367,Cheetos - Fleming Hot Crunchy,Food,1.5,1,1.5,1.5
GuttenPlans,GuttenPlans x1367,Monster Energy Original,Carbonated,3.0,1,3.0,3.0
GuttenPlans,GuttenPlans x1367,Chesters Fries Flaming hot,Food,1.5,1,1.5,1.5
EB Public Library,EB Public Library x1380,CheezIt - Go Paks,Food,3.0,1,3.0,3.0
Brunswick Sq Mall,BSQ Mall x1364 - Zales,Goldfish Baked - Cheddar,Food,1.5,1,1.5,1.5
Brunswick Sq Mall,BSQ Mall x1364 - Zales,Seapoint Farms Dry Roasted Edamame - Wasabi,Food,2.5,1,2.5,2.5
EB Public Library,EB Public Library x1380,Snyder's of Hanover Pretzel Pieces - Cheddar,Food,2.0,1,2.0,2.0
EB Public Library,EB Public Library x1380,Mini Chips Ahoy - Go Paks,,4.0,1,4.0,4.0
Brunswick Sq Mall,BSQ Mall x1364 - Zales,Takis - Hot Chilli Pepper & Lime,Food,1.5,1,1.5,1.5
Brunswick Sq Mall,BSQ Mall x1364 - Zales,Poland Springs Water,Water,1.5,1,1.5,1.5
EB Public Library,EB Public Library x1380,CheezIt - Original,Food,1.25,1,1.25,1.25
Brunswick Sq Mall,BSQ Mall x1366 - ATT,Takis - Hot Chilli Pepper & Lime,Food,1.5,1,1.5,1.5
Brunswick Sq Mall,BSQ Mall x1366 - ATT,Takis - Hot Chilli Pepper & Lime,Food,1.5,1,1.5,1.5
EB Public Library,EB Public Library x1380,Pop Corners - Sea Salt,Food,1.5,1,1.5,1.5
EB Public Library,EB Public Library x1380,Lenny & Larrys - Chocolate Chip,Food,2.0,1,2.0,2.0
EB Public Library,EB Public Library x1380,Oreo Single Server 6 ct,Food,2.0,1,2.0,2.0
Brunswick Sq Mall,BSQ Mall x1366 - ATT,Takis - Hot Chilli Pepper & Lime,Food,1.5,1,1.5,1.5
EB Public Library,EB Public Library x1380,Lenny & Larrys - Chocolate Chip,Food,2.0,1,2.0,2.0
Brunswick Sq Mall,BSQ Mall x1366 - ATT,Takis - Hot Chilli Pepper & Lime,Food,1.5,1,1.5,1.5
Brunswick Sq Mall,BSQ Mall x1364 - Zales,Wonderful Pistachios - Variety,Food,2.0,1,2.0,2.0
Brunswick Sq Mall,BSQ Mall x1364 - Zales,Oreo Mini,Food,1.5,1,1.5,1.5
Brunswick Sq Mall,BSQ Mall x1364 - Zales,Wonderful Pistachios - Variety,Food,2.0,1,2.0,2.0
Brunswick Sq Mall,BSQ Mall x1364 - Zales,Wonderful Pistachios - Variety,Food,2.0,1,2.0,2.0
Brunswick Sq Mall,BSQ Mall x1366 - ATT,Vitamin Water - XXX Acai BB Pomegranate,Water,2.75,1,2.75,2.75
Brunswick Sq Mall,BSQ Mall x1364 - Zales,Poland Springs Water,Water,1.5,1,1.5,1.5
Brunswick Sq Mall,BSQ Mall x1366 - ATT,Vitamin Water - XXX Acai BB Pomegranate,Water,2.75,1,2.75,2.75
Brunswick Sq Mall,BSQ Mall x1366 - ATT,Canada Dry - Ginger Ale & Lemonde,,2.0,1,2.0,2.0
Brunswick Sq Mall,BSQ Mall x1364 - Zales,Poland Springs Water,Water,1.5,1,1.5,1.5
Brunswick Sq Mall,BSQ Mall x1364 - Zales,Poland Springs Water,Water,1.5,1,1.5,1.5
Brunswick Sq Mall,BSQ Mall x1366 - ATT,Takis - Hot Chilli Pepper & Lime,Food,1.5,1,1.5,1.5
GuttenPlans,GuttenPlans x1367,Coca Cola - Zero Sugar,Carbonated,1.5,1,1.5,1.5
GuttenPlans,GuttenPlans x1367,Red Bull - Original,Carbonated,3.5,1,3.5,3.5
EB Public Library,EB Public Library x1380,Poland Springs Water,Water,1.5,1,1.5,1.5
Brunswick Sq Mall,BSQ Mall x1364 - Zales,CheezIt - Original,Food,1.5,1,1.5,1.5
Earle Asphalt,Earle Asphalt x1371,SunChips Multigrain - Salsa,Food,1.5,1,1.5,1.5
EB Public Library,EB Public Library x1380,Snyder's of Hanover Pretzel Pieces - Honey Mu,Food,2.0,1,2.0,2.0
EB Public Library,EB Public Library x1380,Poland Springs Water,Water,1.5,1,1.5,1.5
Brunswick Sq Mall,BSQ Mall x1364 - Zales,Poland Springs Water,Water,1.5,1,1.5,1.5
Earle Asphalt,Earle Asphalt x1371,Robert Irvine's - Fit Crunch -  Chocolate Pea,Food,2.0,1,2.0,2.0
EB Public Library,EB Public Library x1380,Poland Springs Water,Water,1.5,1,1.5,1.5
EB Public Library,EB Public Library x1380,Mini Chips Ahoy - Go Paks,,4.0,1,4.0,4.0
EB Public Library,EB Public Library x1380,Mini Chips Ahoy - Go Paks,,4.0,1,4.0,4.0
GuttenPlans,GuttenPlans x1367,Snapple Tea - Raspberry,Non Carbonated,2.5,1,2.5,5.0
GuttenPlans,GuttenPlans x1367,KitKat - Crisp Wafers,Food,2.5,1,2.5,5.0
EB Public Library,EB Public Library x1380,Starbucks Refresher - Real Coconut Water,Carbonated,3.0,1,3.0,3.0
EB Public Library,EB Public Library x1380,Snapple Diet Tea - Lemon,Non Carbonated,2.5,1,2.5,2.5
GuttenPlans,GuttenPlans x1367,Red Bull - Original,Carbonated,3.5,1,3.5,3.5
GuttenPlans,GuttenPlans x1367,Sunkist Soda - Orange,Carbonated,1.5,1,1.5,1.5
EB Public Library,EB Public Library x1380,Poland Springs Water,Water,1.5,1,1.5,1.5
EB Public Library,EB Public Library x1380,Miss Vickie's Potato Chip - Sea Salt Original,Food,1.5,1,1.5,1.5
EB Public Library,EB Public Library x1380,Coca Cola - Zero Sugar,Carbonated,1.5,1,1.5,1.5
EB Public Library,EB Public Library x1380,Pop Corners - Kettle Corn,Food,1.5,1,1.5,1.5
EB Public Library,EB Public Library x1380,Oreo Single Server 6 ct,Food,2.0,1,2.0,2.0
EB Public Library,EB Public Library x1380,Takis - Hot Chilli Pepper & Lime,Food,1.5,1,1.5,1.5
EB Public Library,EB Public Library x1380,Lenny & Larrys - Chocolate Chip,Food,2.0,1,2.0,2.0
EB Public Library,EB Public Library x1380,Bai Antioxidant - Tanzania Lemon Super Tea,Non Carbonated,2.75,1,2.75,2.75
GuttenPlans,GuttenPlans x1367,Monster Energy Original,Carbonated,3.0,1,3.0,3.0
EB Public Library,EB Public Library x1380,Poland Springs Water,Water,1.5,1,1.5,1.5
EB Public Library,EB Public Library x1380,Starbucks Refresher - Real Coconut Water,Carbonated,3.0,1,3.0,3.0
EB Public Library,EB Public Library x1380,Oreo Single Server 6 ct,Food,2.0,1,2.0,2.0
EB Public Library,EB Public Library x1380,Oreo Single Server 6 ct,Food,2.0,1,2.0,2.0
EB Public Library,EB Public Library x1380,Miss Vickie's Potato Chip - Sea Salt & Vinega,Food,1.5,1,1.5,1.5
Brunswick Sq Mall,BSQ Mall x1364 - Zales,Spindrift - Sparkling Water  Lime,Carbonated,1.5,1,1.5,1.5
Brunswick Sq Mall,BSQ Mall x1364 - Zales,Poland Springs Water,Water,1.5,1,1.5,1.5
Brunswick Sq Mall,BSQ Mall x1364 - Zales,Pop Corners - Spicy Queso,Food,1.5,1,1.5,1.5
Brunswick Sq Mall,BSQ Mall x1364 - Zales,Snapple Diet Tea - Peach Tea,Non Carbonated,2.5,1,2.5,2.5
Brunswick Sq Mall,BSQ Mall x1364 - Zales,Takis - Hot Chilli Pepper & Lime,Food,1.5,1,1.5,1.5
Brunswick Sq Mall,BSQ Mall x1364 - Zales,Takis - Hot Chilli Pepper & Lime,Food,1.5,1,1.5,1.5
Brunswick Sq Mall,BSQ Mall x1364 - Zales,Takis - Hot Chilli Pepper & Lime,Food,1.5,1,1.5,1.5
Brunswick Sq Mall,BSQ Mall x1364 - Zales,Takis - Hot Chilli Pepper & Lime,Food,1.5,1,1.5,1.5
EB Public Library,EB Public Library x1380,Snapple Diet Tea - Lemon,Non Carbonated,2.5,1,2.5,2.5
EB Public Library,EB Public Library x1380,Coca Cola - Zero Sugar,Carbonated,1.5,1,1.5,1.5
GuttenPlans,GuttenPlans x1367,Sunkist Soda - Orange,Carbonated,1.5,1,1.5,1.5
GuttenPlans,GuttenPlans x1367,Coca Cola - Zero Sugar,Carbonated,1.5,1,1.5,1.5
GuttenPlans,GuttenPlans x1367,Lays - Classic,Food,1.5,1,1.5,1.5
GuttenPlans,GuttenPlans x1367,Nature's Bakery Fig Bar - Blueberry,Food,1.5,1,1.5,1.5
EB Public Library,EB Public Library x1380,Coca Cola - Zero Sugar,Carbonated,1.5,1,1.5,1.5
EB Public Library,EB Public Library x1380,CheezIt - Original,Food,1.25,1,1.25,1.25
EB Public Library,EB Public Library x1380,Oreo Single Server 6 ct,Food,2.0,1,2.0,2.0
Earle Asphalt,Earle Asphalt x1371,SunChips Multigrain - Salsa,Food,1.5,1,1.5,1.5
EB Public Library,EB Public Library x1380,CheezIt - Double Cheese,Food,1.25,1,1.25,1.25
GuttenPlans,GuttenPlans x1367,Monster Energy Original,Carbonated,3.0,1,3.0,3.0
Earle Asphalt,Earle Asphalt x1371,Robert Irvine's - Fit Crunch -  Chocolate Pea,Food,2.0,1,2.0,2.0
GuttenPlans,GuttenPlans x1367,Monster Energy Original,Carbonated,3.0,1,3.0,3.0
EB Public Library,EB Public Library x1380,Oreo Single Server 6 ct,Food,2.0,1,2.0,2.0
EB Public Library,EB Public Library x1380,Goldfish Baked - Cheddar,Food,1.25,1,1.25,1.25
GuttenPlans,GuttenPlans x1367,Monster Energy Original,Carbonated,3.0,1,3.0,3.0
EB Public Library,EB Public Library x1380,Takis - Hot Chilli Pepper & Lime,Food,1.5,1,1.5,1.5
EB Public Library,EB Public Library x1380,Takis - Hot Chilli Pepper & Lime,Food,1.5,1,1.5,1.5
EB Public Library,EB Public Library x1380,Takis - Hot Chilli Pepper & Lime,Food,1.5,1,1.5,1.5
GuttenPlans,GuttenPlans x1367,Lays - Classic,Food,1.5,1,1.5,1.5
EB Public Library,EB Public Library x1380,Starbucks Refresher - Real Coconut Water,Carbonated,3.0,1,3.0,3.0
EB Public Library,EB Public Library x1380,Pop Corners - Sea Salt,Food,1.5,1,1.5,1.5
EB Public Library,EB Public Library x1380,Takis - Hot Chilli Pepper & Lime,Food,1.5,1,1.5,1.5
EB Public Library,EB Public Library x1380,Takis - Hot Chilli Pepper & Lime,Food,1.5,1,1.5,1.5
EB Public Library,EB Public Library x1380,Takis - Hot Chilli Pepper & Lime,Food,1.5,1,1.5,1.5
EB Public Library,EB Public Library x1380,Pop Corners - Sea Salt,Food,1.5,1,1.5,1.5
EB Public Library,EB Public Library x1380,Miss Vickie's Potato Chip - Sea Salt Original,Food,1.5,1,1.5,1.5
EB Public Library,EB Public Library x1380,Mini Chips Ahoy - Go Paks,,4.0,1,4.0,4.0
EB Public Library,EB Public Library x1380,Starbucks Doubleshot Energy - Coffee,,3.5,1,3.5,3.5
GuttenPlans,GuttenPlans x1367,Sunkist Soda - Orange,Carbonated,1.5,1,1.5,1.5
GuttenPlans,GuttenPlans x1367,Doritos Spicy Nacho,,1.5,1,1.5,1.5
GuttenPlans,GuttenPlans x1367,Coca Cola - Zero Sugar,Carbonated,1.5,1,1.5,1.5
GuttenPlans,GuttenPlans x1367,Coca Cola - Zero Sugar,Carbonated,1.5,1,1.5,1.5
GuttenPlans,GuttenPlans x1367,Doritos Spicy Nacho,,1.5,1,1.5,1.5
GuttenPlans,GuttenPlans x1367,Doritos Spicy Nacho,,1.5,1,1.5,1.5
GuttenPlans,GuttenPlans x1367,Munchies Snack mix Flaming Hot,Food,2.0,1,2.0,2.0
GuttenPlans,GuttenPlans x1367,Monster Energy Original,Carbonated,3.0,1,3.0,3.0
GuttenPlans,GuttenPlans x1367,Cheetos Flaming Hot Limon Crunchy,Food,2.0,1,2.0,2.0
GuttenPlans,GuttenPlans x1367,Red Bull - Original,Carbonated,3.5,1,3.5,3.5
GuttenPlans,GuttenPlans x1367,Coca Cola - Zero Sugar,Carbonated,1.5,1,1.5,1.5
Earle Asphalt,Earle Asphalt x1371,Pop Corners - Sea Salt,Food,1.5,1,1.5,1.5
GuttenPlans,GuttenPlans x1367,Doritos Spicy Nacho,,1.5,2,3.0,5.5
GuttenPlans,GuttenPlans x1367,KitKat - Crisp Wafers,Food,2.5,1,2.5,5.5
Earle Asphalt,Earle Asphalt x1371,SunChips Multigrain - Salsa,Food,1.5,1,1.5,1.5
Earle Asphalt,Earle Asphalt x1371,Miss Vickie's Potato Chip - Jalapeno,Food,1.5,1,1.5,1.5
EB Public Library,EB Public Library x1380,Poland Springs Water,Water,1.5,1,1.5,1.5
EB Public Library,EB Public Library x1380,Starbucks Doubleshot Energy - Coffee,,3.5,1,3.5,3.5
Brunswick Sq Mall,BSQ Mall x1366 - ATT,S. Pellegrino Sparkling Mineral Water,Water,2.0,1,2.0,2.0
EB Public Library,EB Public Library x1380,Coca Cola - Zero Sugar,Carbonated,1.5,1,1.5,1.5
GuttenPlans,GuttenPlans x1367,KitKat - Crisp Wafers,Food,2.5,1,2.5,2.5
GuttenPlans,GuttenPlans x1367,KitKat - Crisp Wafers,Food,2.5,1,2.5,2.5
EB Public Library,EB Public Library x1380,Snyder's of Hanover Pretzel Pieces - Cheddar,Food,2.0,1,2.0,5.5
EB Public Library,EB Public Library x1380,Starbucks Doubleshot Energy - Coffee,,3.5,1,3.5,5.5
EB Public Library,EB Public Library x1380,Pop Corners - Kettle Corn,Food,1.5,1,1.5,1.5
EB Public Library,EB Public Library x1380,Starbucks Doubleshot Energy - Coffee,,3.5,1,3.5,3.5
EB Public Library,EB Public Library x1380,CheezIt - Double Cheese,Food,1.25,1,1.25,1.25
EB Public Library,EB Public Library x1380,Starbucks Doubleshot Energy - Coffee,,3.5,1,3.5,3.5
EB Public Library,EB Public Library x1380,Poland Springs Water,Water,1.5,1,1.5,1.5
EB Public Library,EB Public Library x1380,Wonderful Pistachios - Variety,Food,2.0,1,2.0,2.0
EB Public Library,EB Public Library x1380,Snyder's of Hanover Pretzel Pieces - Cheddar,Food,2.0,1,2.0,2.0
Brunswick Sq Mall,BSQ Mall x1366 - ATT,Kinder - Bueno - Crispy Creamy Chocolate,Food,2.0,1,2.0,3.5
Brunswick Sq Mall,BSQ Mall x1366 - ATT,Miss Vickie's Potato Chip - Lime & Cracked Pe,Food,1.5,1,1.5,3.5
EB Public Library,EB Public Library x1380,Pop Corners - Kettle Corn,Food,1.5,1,1.5,1.5
Earle Asphalt,Earle Asphalt x1371,Robert Irvine's - Fit Crunch -  Chocolate Pea,Food,2.0,1,2.0,2.0
Earle Asphalt,Earle Asphalt x1371,Robert Irvine's - Fit Crunch -  Chocolate Pea,Food,2.0,1,2.0,2.0
GuttenPlans,GuttenPlans x1367,Red Bull - Original,Carbonated,3.5,1,3.5,3.5
GuttenPlans,GuttenPlans x1367,Coca Cola - Zero Sugar,Carbonated,1.5,1,1.5,1.5
EB Public Library,EB Public Library x1380,Goldfish Baked - Cheddar,Food,1.25,1,1.25,1.25
EB Public Library,EB Public Library x1380,CheezIt - Original,Food,1.25,1,1.25,1.25
GuttenPlans,GuttenPlans x1367,Coca Cola - Zero Sugar,Carbonated,1.5,1,1.5,1.5
GuttenPlans,GuttenPlans x1367,Cheetos Flaming Hot Limon Crunchy,Food,2.0,1,2.0,2.0
EB Public Library,EB Public Library x1380,Starbucks Refresher - Real Coconut Water,Carbonated,3.0,1,3.0,3.0
EB Public Library,EB Public Library x1380,Oreo Single Server 6 ct,Food,2.0,1,2.0,2.0
EB Public Library,EB Public Library x1380,Oreo Single Server 6 ct,Food,2.0,1,2.0,2.0
EB Public Library,EB Public Library x1380,CheezIt - Go Paks,Food,3.0,1,3.0,3.0
EB Public Library,EB Public Library x1380,Oreo Single Server 6 ct,Food,2.0,1,2.0,2.0
EB Public Library,EB Public Library x1380,CheezIt - Original,Food,1.25,1,1.25,1.25
EB Public Library,EB Public Library x1380,CheezIt - Original,Food,1.25,1,1.25,1.25
EB Public Library,EB Public Library x1380,Oreo Single Server 6 ct,Food,2.0,1,2.0,2.0
EB Public Library,EB Public Library x1380,CheezIt - Double Cheese,Food,1.25,1,1.25,1.25
EB Public Library,EB Public Library x1380,CheezIt - Double Cheese,Food,1.25,1,1.25,1.25
EB Public Library,EB Public Library x1380,Goldfish Baked - Cheddar,Food,1.25,1,1.25,1.25
GuttenPlans,GuttenPlans x1367,Coca Cola - Zero Sugar,Carbonated,1.5,1,1.5,1.5
GuttenPlans,GuttenPlans x1367,Sunkist Soda - Orange,Carbonated,1.5,1,1.5,1.5
GuttenPlans,GuttenPlans x1367,Sunkist Soda - Orange,Carbonated,1.5,1,1.5,1.5
GuttenPlans,GuttenPlans x1367,Sunkist Soda - Orange,Carbonated,1.5,1,1.5,1.5
GuttenPlans,GuttenPlans x1367,KitKat - Crisp Wafers,Food,2.5,1,2.5,2.5
GuttenPlans,GuttenPlans x1367,Chesters Fries Flaming hot,Food,1.5,1,1.5,1.5
GuttenPlans,GuttenPlans x1367,KitKat - Crisp Wafers,Food,2.5,1,2.5,2.5
GuttenPlans,GuttenPlans x1367,Sunkist Soda - Orange,Carbonated,1.5,1,1.5,1.5
GuttenPlans,GuttenPlans x1367,Sunkist Soda - Orange,Carbonated,1.5,1,1.5,1.5
GuttenPlans,GuttenPlans x1367,Monster Energy Original,Carbonated,3.0,1,3.0,3.0
GuttenPlans,GuttenPlans x1367,Sunkist Soda - Orange,Carbonated,1.5,1,1.5,1.5
EB Public Library,EB Public Library x1380,Starbucks Refresher - Real Coconut Water,Carbonated,3.0,1,3.0,3.0
EB Public Library,EB Public Library x1380,Starbucks Refresher - Real Coconut Water,Carbonated,3.0,1,3.0,3.0
Earle Asphalt,Earle Asphalt x1371,SunChips Multigrain - Harvest Cheddar,Food,1.5,1,1.5,1.5
EB Public Library,EB Public Library x1380,Coca Cola - Zero Sugar,Carbonated,1.5,1,1.5,1.5
EB Public Library,EB Public Library x1380,Coca Cola - Zero Sugar,Carbonated,1.5,1,1.5,1.5
EB Public Library,EB Public Library x1380,Autumns Granola Bar - Cinnamon Almond,Food,2.0,1,2.0,2.0
Earle Asphalt,Earle Asphalt x1371,Miss Vickie's Potato Chip - Jalapeno,Food,1.5,1,1.5,1.5
GuttenPlans,GuttenPlans x1367,KitKat - Crisp Wafers,Food,2.5,1,2.5,2.5
Earle Asphalt,Earle Asphalt x1371,Wonderful Pistachios - Variety,Food,2.0,1,2.0,2.0
Earle Asphalt,Earle Asphalt x1371,Wonderful Pistachios - Variety,Food,2.0,1,2.0,2.0
EB Public Library,EB Public Library x1380,Poland Springs Water,Water,1.5,1,1.5,1.5
EB Public Library,EB Public Library x1380,Poland Springs Water,Water,1.5,1,1.5,1.5
Earle Asphalt,Earle Asphalt x1371,KitKat - Crisp Wafers,Food,1.75,1,1.75,1.75
EB Public Library,EB Public Library x1380,V8 Vegetable Juice - Original,Non Carbonated,2.0,1,2.0,2.0
EB Public Library,EB Public Library x1380,Autumns Granola Bar - Cinnamon Almond,Food,2.0,1,2.0,2.0
EB Public Library,EB Public Library x1380,Robert Irvine's - Fit Crunch -  Chocolate Pea,Food,2.0,1,2.0,2.0
EB Public Library,EB Public Library x1380,Goldfish Baked - Cheddar,Food,1.25,1,1.25,1.25
EB Public Library,EB Public Library x1380,CheezIt - Double Cheese,Food,1.25,1,1.25,1.25
Brunswick Sq Mall,BSQ Mall x1366 - ATT,Canada Dry - Ginger Ale & Lemonde,,2.0,1,2.0,2.0
Brunswick Sq Mall,BSQ Mall x1364 - Zales,Coca Cola - Zero Sugar,Carbonated,1.5,1,1.5,1.5
GuttenPlans,GuttenPlans x1367,Cheetos Flaming Hot Limon Crunchy,Food,2.0,1,2.0,2.0
GuttenPlans,GuttenPlans x1367,Snapple Tea - Raspberry,Non Carbonated,2.5,1,2.5,2.5
Brunswick Sq Mall,BSQ Mall x1364 - Zales,Oreo Mini,Food,1.5,1,1.5,1.5
EB Public Library,EB Public Library x1380,Pop Corners - Sea Salt,Food,1.5,1,1.5,1.5
EB Public Library,EB Public Library x1380,Pop Corners - Sea Salt,Food,1.5,1,1.5,1.5
EB Public Library,EB Public Library x1380,Pop Corners - Sea Salt,Food,1.5,1,1.5,1.5
EB Public Library,EB Public Library x1380,Pop Corners - Sea Salt,Food,1.5,1,1.5,1.5
GuttenPlans,GuttenPlans x1367,Coca Cola - Zero Sugar,Carbonated,1.5,1,1.5,1.5
GuttenPlans,GuttenPlans x1367,Nature's Bakery Fig Bar - Raspberry,Food,1.5,1,1.5,1.5
GuttenPlans,GuttenPlans x1367,Monster Energy Original,Carbonated,3.0,1,3.0,3.0
Brunswick Sq Mall,BSQ Mall x1364 - Zales,Pop Corners - Sea Salt,Food,1.5,1,1.5,1.5
Brunswick Sq Mall,BSQ Mall x1364 - Zales,Snapple Diet Tea - Peach Tea,Non Carbonated,2.5,1,2.5,2.5
Brunswick Sq Mall,BSQ Mall x1366 - ATT,CheezIt - Original,Food,1.25,1,1.25,1.25
Brunswick Sq Mall,BSQ Mall x1366 - ATT,Canada Dry - Ginger Ale,,2.75,1,2.75,2.75
Brunswick Sq Mall,BSQ Mall x1364 - Zales,Keto Bar - Creamy Peanut Butter Chocolate,Food,2.0,1,2.0,2.0
GuttenPlans,GuttenPlans x1367,Monster Energy Original,Carbonated,3.0,1,3.0,3.0
Brunswick Sq Mall,BSQ Mall x1364 - Zales,Snapple Diet Tea - Peach Tea,Non Carbonated,2.5,1,2.5,2.5
Brunswick Sq Mall,BSQ Mall x1364 - Zales,Iberia Coconut Water,Non Carbonated,2.0,1,2.0,2.0
Brunswick Sq Mall,BSQ Mall x1364 - Zales,Iberia Coconut Water,Non Carbonated,2.0,1,2.0,2.0
Brunswick Sq Mall,BSQ Mall x1364 - Zales,Belvita Snack Packs - Blueberry,Food,1.25,1,1.25,1.25
GuttenPlans,GuttenPlans x1367,Snapple Tea - Raspberry,Non Carbonated,2.5,1,2.5,2.5
GuttenPlans,GuttenPlans x1367,KitKat - Crisp Wafers,Food,2.5,1,2.5,2.5
Earle Asphalt,Earle Asphalt x1371,Robert Irvine's - Fit Crunch -  Chocolate Pea,Food,2.0,1,2.0,2.0
Brunswick Sq Mall,BSQ Mall x1366 - ATT,Snapple Tea - Raspberry,Non Carbonated,2.5,1,2.5,2.5
Brunswick Sq Mall,BSQ Mall x1366 - ATT,Takis - Hot Chilli Pepper & Lime,Food,1.5,1,1.5,1.5
Earle Asphalt,Earle Asphalt x1371,SunChips Multigrain - Harvest Cheddar,Food,1.5,1,1.5,1.5
EB Public Library,EB Public Library x1380,Lenny & Larrys - SnickerDoodle,Food,3.0,1,3.0,3.0
EB Public Library,EB Public Library x1380,Poland Springs Water,Water,1.5,1,1.5,1.5
EB Public Library,EB Public Library x1380,CheezIt - Original,Food,1.25,1,1.25,1.25
EB Public Library,EB Public Library x1380,Miss Vickie's Potato Chip - Sea Salt Original,Food,1.5,1,1.5,1.5
GuttenPlans,GuttenPlans x1367,Munchies Snack mix Flaming Hot,Food,2.0,1,2.0,2.0
GuttenPlans,GuttenPlans x1367,Snapple Tea - Raspberry,Non Carbonated,2.5,1,2.5,2.5
GuttenPlans,GuttenPlans x1367,Cheetos Cheddar Jalapeno,Food,1.5,1,1.5,1.5
GuttenPlans,GuttenPlans x1367,Cheetos - Fleming Hot Crunchy,Food,2.0,1,2.0,2.0
GuttenPlans,GuttenPlans x1367,Sunkist Soda - Orange,Carbonated,1.5,1,1.5,1.5
GuttenPlans,GuttenPlans x1367,Snapple Diet Tea - Lemon,Non Carbonated,2.5,1,2.5,2.5
GuttenPlans,GuttenPlans x1367,KitKat - Crisp Wafers,Food,2.5,1,2.5,2.5
Brunswick Sq Mall,BSQ Mall x1364 - Zales,Monster Energy Original,Carbonated,3.0,1,3.0,3.0
Brunswick Sq Mall,BSQ Mall x1366 - ATT,Nature's Garden Trail Mix - Cranberry Healthy,Food,1.5,1,1.5,1.5
Brunswick Sq Mall,BSQ Mall x1366 - ATT,Nature's Garden Trail Mix - Cranberry Healthy,Food,1.5,1,1.5,1.5
EB Public Library,EB Public Library x1380,CheezIt - Double Cheese,Food,1.25,1,1.25,1.25
Brunswick Sq Mall,BSQ Mall x1364 - Zales,CheezIt - Original,Food,1.5,1,1.5,1.5
EB Public Library,EB Public Library x1380,Snyder's of Hanover Pretzel Pieces - Honey Mu,Food,2.0,1,2.0,2.0
Brunswick Sq Mall,BSQ Mall x1364 - Zales,Poland Springs Water,Water,1.5,1,1.5,1.5
Brunswick Sq Mall,BSQ Mall x1364 - Zales,BodyArmor  LYTE - Blueberry Pomegranate,Non Carbonated,2.75,1,2.75,2.75
Brunswick Sq Mall,BSQ Mall x1366 - ATT,S. Pellegrino Sparkling Mineral Water,Water,2.0,1,2.0,2.0
Brunswick Sq Mall,BSQ Mall x1366 - ATT,S. Pellegrino Sparkling Mineral Water,Water,2.0,1,2.0,2.0
Brunswick Sq Mall,BSQ Mall x1366 - ATT,Oreo Mini,Food,1.5,1,1.5,1.5
Brunswick Sq Mall,BSQ Mall x1366 - ATT,Pop Corners - Sweet & Salty Kettle,Food,1.5,1,1.5,1.5
Brunswick Sq Mall,BSQ Mall x1364 - Zales,BodyArmor  LYTE - Blueberry Pomegranate,Non Carbonated,2.75,1,2.75,2.75
EB Public Library,EB Public Library x1380,Snapple Diet Tea - Lemon,Non Carbonated,2.5,1,2.5,2.5
EB Public Library,EB Public Library x1380,Goldfish Baked - Cheddar,Food,1.25,1,1.25,1.25
Brunswick Sq Mall,BSQ Mall x1366 - ATT,Canada Dry - Ginger Ale,,2.75,1,2.75,2.75
EB Public Library,EB Public Library x1380,RXBAR - Protein Bar - Peanut Butter,Food,2.0,1,2.0,2.0
Brunswick Sq Mall,BSQ Mall x1364 - Zales,Poland Springs Water,Water,1.5,1,1.5,1.5
EB Public Library,EB Public Library x1380,Snyder's of Hanover Pretzel Pieces - Honey Mu,Food,2.0,1,2.0,2.0
Brunswick Sq Mall,BSQ Mall x1366 - ATT,Miss Vickie's Potato Chip - Sea Salt Original,Food,1.5,1,1.5,1.5
Brunswick Sq Mall,BSQ Mall x1364 - Zales,CheezIt - Original,Food,1.5,1,1.5,1.5
EB Public Library,EB Public Library x1380,Bai Lemonade - Burundi Blueberry,Non Carbonated,2.75,1,2.75,2.75
Brunswick Sq Mall,BSQ Mall x1364 - Zales,Takis - Hot Chilli Pepper & Lime,Food,1.5,1,1.5,1.5
Brunswick Sq Mall,BSQ Mall x1364 - Zales,Popchips Potato - Sea Salt,Food,1.5,1,1.5,1.5
Brunswick Sq Mall,BSQ Mall x1364 - Zales,Poland Springs Water,Water,1.5,1,1.5,1.5
EB Public Library,EB Public Library x1380,Coca Cola - Zero Sugar,Carbonated,1.5,1,1.5,1.5
Brunswick Sq Mall,BSQ Mall x1364 - Zales,Takis - Hot Chilli Pepper & Lime,Food,1.5,1,1.5,1.5
Brunswick Sq Mall,BSQ Mall x1366 - ATT,Takis - Hot Chilli Pepper & Lime,Food,1.5,1,1.5,1.5
Brunswick Sq Mall,BSQ Mall x1364 - Zales,Snapple Tea - Lemon,Non Carbonated,2.5,1,2.5,2.5
EB Public Library,EB Public Library x1380,Oreo Mini - Go Paks,,4.0,1,4.0,4.0
Earle Asphalt,Earle Asphalt x1371,SunChips Multigrain - Harvest Cheddar,Food,1.5,1,1.5,1.5
EB Public Library,EB Public Library x1380,Popchips Potato - Barbeque,Food,1.5,1,1.5,1.5
EB Public Library,EB Public Library x1380,Snyder's of Hanover Pretzel Pieces - Honey Mu,Food,2.0,1,2.0,2.0
EB Public Library,EB Public Library x1380,Iberia Coconut Water,Non Carbonated,2.0,1,2.0,2.0
EB Public Library,EB Public Library x1380,Bai Lemonade - Burundi Blueberry,Non Carbonated,2.75,1,2.75,2.75
Earle Asphalt,Earle Asphalt x1371,Miss Vickie's Potato Chip - Jalapeno,Food,1.5,1,1.5,1.5
EB Public Library,EB Public Library x1380,Bai Lemonade - Burundi Blueberry,Non Carbonated,2.75,1,2.75,2.75
Earle Asphalt,Earle Asphalt x1371,RXBAR - Protein Bar - Peanut Butter,Food,2.0,1,2.0,2.0
Earle Asphalt,Earle Asphalt x1371,SunChips Multigrain - Harvest Cheddar,Food,1.5,1,1.5,1.5
EB Public Library,EB Public Library x1380,Iberia Coconut Water,Non Carbonated,2.0,1,2.0,2.0
Brunswick Sq Mall,BSQ Mall x1366 - ATT,Canada Dry - Ginger Ale,,2.75,1,2.75,2.75
Brunswick Sq Mall,BSQ Mall x1364 - Zales,Iberia Coconut Water,Non Carbonated,2.0,1,2.0,2.0
EB Public Library,EB Public Library x1380,Coca Cola - Zero Sugar,Carbonated,1.5,1,1.5,2.75
EB Public Library,EB Public Library x1380,CheezIt - Double Cheese,Food,1.25,1,1.25,2.75
GuttenPlans,GuttenPlans x1367,Monster Energy Original,Carbonated,3.0,1,3.0,3.0
Brunswick Sq Mall,BSQ Mall x1364 - Zales,Poland Springs Water,Water,1.5,1,1.5,1.5
Earle Asphalt,Earle Asphalt x1371,Robert Irvine's - Fit Crunch -  Chocolate Pea,Food,2.0,1,2.0,2.0
EB Public Library,EB Public Library x1380,CheezIt - Original,Food,1.25,1,1.25,1.25
Brunswick Sq Mall,BSQ Mall x1364 - Zales,Monster Energy Original,Carbonated,3.0,1,3.0,3.0
EB Public Library,EB Public Library x1380,CheezIt - Double Cheese,Food,1.25,1,1.25,1.25
Brunswick Sq Mall,BSQ Mall x1364 - Zales,Poland Springs Water,Water,1.5,1,1.5,1.5
Brunswick Sq Mall,BSQ Mall x1364 - Zales,Monster Energy Original,Carbonated,3.0,1,3.0,3.0
Brunswick Sq Mall,BSQ Mall x1364 - Zales,Takis - Hot Chilli Pepper & Lime,Food,1.5,1,1.5,1.5
Brunswick Sq Mall,BSQ Mall x1364 - Zales,Takis - Hot Chilli Pepper & Lime,Food,1.5,1,1.5,1.5
EB Public Library,EB Public Library x1380,CheezIt - Double Cheese,Food,1.25,1,1.25,1.25
EB Public Library,EB Public Library x1380,Popchips Potato - Sour Cream & Onion,Food,1.5,1,1.5,1.5
EB Public Library,EB Public Library x1380,Takis - Hot Chilli Pepper & Lime,Food,1.5,1,1.5,1.5
Brunswick Sq Mall,BSQ Mall x1366 - ATT,Miss Vickie's Potato Chip - Sea Salt Original,Food,1.5,1,1.5,1.5
Brunswick Sq Mall,BSQ Mall x1366 - ATT,Popchips Potato - Sea Salt,Food,1.5,1,1.5,1.5
Brunswick Sq Mall,BSQ Mall x1366 - ATT,Oreo Mini,Food,1.5,1,1.5,1.5
Brunswick Sq Mall,BSQ Mall x1364 - Zales,Pop Corners - Spicy Queso,Food,1.5,1,1.5,1.5
Brunswick Sq Mall,BSQ Mall x1364 - Zales,Poland Springs Water,Water,1.5,1,1.5,1.5
EB Public Library,EB Public Library x1380,Pringles - Cheddar Cheese,Food,4.5,1,4.5,4.5
GuttenPlans,GuttenPlans x1367,Sunkist Soda - Orange,Carbonated,1.5,1,1.5,1.5
Earle Asphalt,Earle Asphalt x1371,SunChips Multigrain - Harvest Cheddar,Food,1.5,1,1.5,1.5
GuttenPlans,GuttenPlans x1367,Chesters Fries Flaming hot,Food,1.5,2,3.0,5.5
GuttenPlans,GuttenPlans x1367,KitKat - Crisp Wafers,Food,2.5,1,2.5,5.5
Brunswick Sq Mall,BSQ Mall x1366 - ATT,Canada Dry - Ginger Ale,,2.75,1,2.75,2.75
EB Public Library,EB Public Library x1380,Goldfish Baked - Cheddar,Food,1.25,1,1.25,1.25
EB Public Library,EB Public Library x1380,Wonderful Pistachios - Variety,Food,2.0,1,2.0,2.0
EB Public Library,EB Public Library x1380,Coca Cola - Zero Sugar,Carbonated,1.5,1,1.5,1.5
Brunswick Sq Mall,BSQ Mall x1364 - Zales,Poland Springs Water,Water,1.5,1,1.5,1.5
Brunswick Sq Mall,BSQ Mall x1364 - Zales,Keto Bar - Creamy Peanut Butter Chocolate,Food,2.0,1,2.0,2.0
Brunswick Sq Mall,BSQ Mall x1364 - Zales,NuGo Dark Chocolate - Pretzel Sea Salt,Food,2.0,1,2.0,2.0
Brunswick Sq Mall,BSQ Mall x1364 - Zales,NuGo Dark Chocolate - Pretzel Sea Salt,Food,2.0,1,2.0,2.0
Brunswick Sq Mall,BSQ Mall x1364 - Zales,Poland Springs Water,Water,1.5,1,1.5,1.5
Brunswick Sq Mall,BSQ Mall x1364 - Zales,Poland Springs Water,Water,1.5,1,1.5,1.5
EB Public Library,EB Public Library x1380,Teddy Grahams - Go Paks,,3.0,1,3.0,4.5
EB Public Library,EB Public Library x1380,Coca Cola - Zero Sugar,Carbonated,1.5,1,1.5,4.5
EB Public Library,EB Public Library x1380,Snapple Tea - Raspberry,Non Carbonated,2.5,1,2.5,2.5
GuttenPlans,GuttenPlans x1367,Nature's Bakery Fig Bar - Raspberry,Food,1.5,1,1.5,1.5
GuttenPlans,GuttenPlans x1367,Monster Energy Original,Carbonated,3.0,1,3.0,3.0
EB Public Library,EB Public Library x1380,Lenny & Larrys - SnickerDoodle,Food,3.0,1,3.0,3.0
Brunswick Sq Mall,BSQ Mall x1366 - ATT,S. Pellegrino Sparkling Mineral Water,Water,2.0,1,2.0,2.0
GuttenPlans,GuttenPlans x1367,Cheetos - Fleming Hot Crunchy,Food,2.0,1,2.0,2.0
GuttenPlans,GuttenPlans x1367,Snapple Tea - Raspberry,Non Carbonated,2.5,1,2.5,2.5
GuttenPlans,GuttenPlans x1367,KitKat - Crisp Wafers,Food,2.5,1,2.5,2.5
GuttenPlans,GuttenPlans x1367,Cheetos - Fleming Hot Crunchy,Food,1.5,1,1.5,1.5
GuttenPlans,GuttenPlans x1367,Cheetos - Fleming Hot Crunchy,Food,1.5,1,1.5,1.5
GuttenPlans,GuttenPlans x1367,Cheetos - Fleming Hot Crunchy,Food,1.5,1,1.5,1.5
GuttenPlans,GuttenPlans x1367,Sunkist Soda - Orange,Carbonated,1.5,1,1.5,1.5
GuttenPlans,GuttenPlans x1367,Nutri Grain Apple Cinnamon,Food,1.5,1,1.5,1.5
Brunswick Sq Mall,BSQ Mall x1366 - ATT,S. Pellegrino Sparkling Mineral Water,Water,2.0,1,2.0,2.0
Brunswick Sq Mall,BSQ Mall x1364 - Zales,Coca Cola - Zero Sugar,Carbonated,1.5,1,1.5,1.5
Brunswick Sq Mall,BSQ Mall x1366 - ATT,S. Pellegrino Sparkling Mineral Water,Water,2.0,1,2.0,2.0
Brunswick Sq Mall,BSQ Mall x1366 - ATT,Popchips Potato - Sea Salt,Food,1.5,1,1.5,1.5
EB Public Library,EB Public Library x1380,Robert Irvine's - Fit Crunch -  Chocolate Pea,Food,2.0,1,2.0,2.0
EB Public Library,EB Public Library x1380,Popchips Potato - Sour Cream & Onion,Food,1.5,1,1.5,1.5
Brunswick Sq Mall,BSQ Mall x1364 - Zales,Goldfish Baked - Cheddar,Food,1.5,1,1.5,1.5
Brunswick Sq Mall,BSQ Mall x1364 - Zales,Goldfish Baked - Cheddar,Food,1.5,1,1.5,1.5
EB Public Library,EB Public Library x1380,Pop Corners - Kettle Corn,Food,1.5,1,1.5,1.5
EB Public Library,EB Public Library x1380,RXBAR - Protein Bar - Peanut Butter,Food,2.0,1,2.0,2.0
EB Public Library,EB Public Library x1380,Starbucks Doubleshot Energy - Mocha,Non Carbonated,3.5,1,3.5,3.5
EB Public Library,EB Public Library x1380,Starbucks Doubleshot Energy - Mocha,Non Carbonated,3.5,1,3.5,3.5
EB Public Library,EB Public Library x1380,Coca Cola - Zero Sugar,Carbonated,1.5,1,1.5,1.5
EB Public Library,EB Public Library x1380,Pringles - Sour Cream & Onion,Food,4.0,1,4.0,4.0
Earle Asphalt,Earle Asphalt x1371,RXBAR - Protein Bar - Peanut Butter,Food,2.0,1,2.0,2.0
Earle Asphalt,Earle Asphalt x1371,Oreo Single Server 6 ct,Food,2.0,1,2.0,2.0
EB Public Library,EB Public Library x1380,Mini Chips Ahoy - Go Paks,,4.0,1,4.0,4.0
Earle Asphalt,Earle Asphalt x1371,SunChips Multigrain - Harvest Cheddar,Food,1.5,1,1.5,1.5
Earle Asphalt,Earle Asphalt x1371,Oreo Single Server 6 ct,Food,2.0,1,2.0,2.0
Earle Asphalt,Earle Asphalt x1371,Monster Energy  Zero Ultra,Carbonated,3.0,1,3.0,3.0
EB Public Library,EB Public Library x1380,Miss Vickie's Potato Chip - Sea Salt & Vinega,Food,1.5,1,1.5,1.5
GuttenPlans,GuttenPlans x1367,Monster Energy Original,Carbonated,3.0,1,3.0,3.0
EB Public Library,EB Public Library x1380,Robert Irvine's - Fit Crunch -  Chocolate Pea,Food,2.0,1,2.0,2.0
EB Public Library,EB Public Library x1380,Starbucks Doubleshot Energy - Mocha,Non Carbonated,3.5,1,3.5,3.5
EB Public Library,EB Public Library x1380,CheezIt - Double Cheese,Food,1.25,1,1.25,1.25
GuttenPlans,GuttenPlans x1367,Monster Energy Original,Carbonated,3.0,1,3.0,3.0
EB Public Library,EB Public Library x1380,Lenny & Larrys - SnickerDoodle,Food,3.0,1,3.0,3.0
Brunswick Sq Mall,BSQ Mall x1364 - Zales,NuGo Dark Chocolate - Pretzel Sea Salt,Food,2.0,1,2.0,2.0
EB Public Library,EB Public Library x1380,Miss Vickie's Potato Chip - Sea Salt & Vinega,Food,1.5,1,1.5,1.5
EB Public Library,EB Public Library x1380,CheezIt - Original,Food,1.25,1,1.25,1.25
EB Public Library,EB Public Library x1380,Snapple Tea - Raspberry,Non Carbonated,2.5,1,2.5,2.5
EB Public Library,EB Public Library x1380,Pringles - Sour Cream & Onion,Food,4.0,2,8.0,8.0
EB Public Library,EB Public Library x1380,Mini Chips Ahoy - Go Paks,,4.0,1,4.0,4.0
GuttenPlans,GuttenPlans x1367,Sunkist Soda - Orange,Carbonated,1.5,1,1.5,1.5
GuttenPlans,GuttenPlans x1367,Sunkist Soda - Orange,Carbonated,1.5,1,1.5,1.5
GuttenPlans,GuttenPlans x1367,Coca Cola - Zero Sugar,Carbonated,1.5,1,1.5,1.5
GuttenPlans,GuttenPlans x1367,Coca Cola - Zero Sugar,Carbonated,1.5,1,1.5,1.5
GuttenPlans,GuttenPlans x1367,Coca Cola - Zero Sugar,Carbonated,1.5,1,1.5,1.5
Brunswick Sq Mall,BSQ Mall x1364 - Zales,SunChips Multigrain - Harvest Cheddar,Food,1.5,1,1.5,1.5
GuttenPlans,GuttenPlans x1367,Cheetos - Fleming Hot Crunchy,Food,2.0,1,2.0,2.0
GuttenPlans,GuttenPlans x1367,Cheetos Cheddar Jalapeno,Food,1.5,1,1.5,1.5
GuttenPlans,GuttenPlans x1367,Snapple Diet Tea - Peach Tea,Non Carbonated,2.5,1,2.5,2.5
GuttenPlans,GuttenPlans x1367,KitKat - Crisp Wafers,Food,2.5,1,2.5,2.5
GuttenPlans,GuttenPlans x1367,Monster Energy Original,Carbonated,3.0,1,3.0,3.0
GuttenPlans,GuttenPlans x1367,Nature's Bakery Fig Bar - Blueberry,Food,1.5,1,1.5,1.5
Earle Asphalt,Earle Asphalt x1371,Oreo Single Server 6 ct,Food,2.0,1,2.0,2.0
Earle Asphalt,Earle Asphalt x1371,Oreo Single Server 6 ct,Food,2.0,1,2.0,2.0
EB Public Library,EB Public Library x1380,Snapple Tea - Raspberry,Non Carbonated,2.5,1,2.5,2.5
GuttenPlans,GuttenPlans x1367,KitKat - Crisp Wafers,Food,2.5,1,2.5,2.5
GuttenPlans,GuttenPlans x1367,KitKat - Crisp Wafers,Food,2.5,1,2.5,2.5
Brunswick Sq Mall,BSQ Mall x1366 - ATT,Kinder - Bueno - Crispy Creamy Chocolate,Food,2.0,1,2.0,2.0
GuttenPlans,GuttenPlans x1367,KitKat - Crisp Wafers,Food,2.5,1,2.5,2.5
GuttenPlans,GuttenPlans x1367,Snapple Diet Tea - Peach Tea,Non Carbonated,2.5,1,2.5,2.5
GuttenPlans,GuttenPlans x1367,Cheetos Cheddar Jalapeno,Food,1.5,1,1.5,1.5
GuttenPlans,GuttenPlans x1367,Snapple Tea - Raspberry,Non Carbonated,2.5,1,2.5,2.5
Brunswick Sq Mall,BSQ Mall x1366 - ATT,Bai Antioxidant - Kupang strawberry kiwi,Non Carbonated,2.75,1,2.75,2.75
EB Public Library,EB Public Library x1380,Mini Chips Ahoy - Go Paks,,4.0,1,4.0,4.0
EB Public Library,EB Public Library x1380,Pringles - Cheddar Cheese,Food,4.5,1,4.5,4.5
GuttenPlans,GuttenPlans x1367,Monster Energy Original,Carbonated,3.0,1,3.0,3.0
EB Public Library,EB Public Library x1380,Goldfish Baked - Cheddar,Food,1.25,1,1.25,1.25
GuttenPlans,GuttenPlans x1367,Snapple Diet Tea - Lemon,Non Carbonated,2.5,1,2.5,2.5
GuttenPlans,GuttenPlans x1367,Coca Cola - Zero Sugar,Carbonated,1.5,1,1.5,1.5
EB Public Library,EB Public Library x1380,CheezIt - Original,Food,1.25,1,1.25,2.75
EB Public Library,EB Public Library x1380,Coca Cola - Zero Sugar,Carbonated,1.5,1,1.5,2.75
GuttenPlans,GuttenPlans x1367,Coca Cola - Zero Sugar,Carbonated,1.5,1,1.5,1.5
GuttenPlans,GuttenPlans x1367,Snapple Diet Tea - Peach Tea,Non Carbonated,2.5,1,2.5,2.5
GuttenPlans,GuttenPlans x1367,Cheetos Cheddar Jalapeno,Food,1.5,1,1.5,1.5
GuttenPlans,GuttenPlans x1367,Snapple Diet Tea - Peach Tea,Non Carbonated,2.5,1,2.5,2.5
GuttenPlans,GuttenPlans x1367,Coca Cola - Zero Sugar,Carbonated,1.5,1,1.5,1.5
GuttenPlans,GuttenPlans x1367,Cheetos - Fleming Hot Crunchy,Food,2.0,1,2.0,2.0
GuttenPlans,GuttenPlans x1367,Coca Cola - Zero Sugar,Carbonated,1.5,1,1.5,1.5
GuttenPlans,GuttenPlans x1367,Coca Cola - Zero Sugar,Carbonated,1.5,1,1.5,1.5
GuttenPlans,GuttenPlans x1367,Cheetos - Fleming Hot Crunchy,Food,2.0,1,2.0,2.0
GuttenPlans,GuttenPlans x1367,Cheetos - Fleming Hot Crunchy,Food,1.5,1,1.5,1.5
GuttenPlans,GuttenPlans x1367,Cheetos Cheddar Jalapeno,Food,1.5,1,1.5,1.5
Earle Asphalt,Earle Asphalt x1371,Takis - Hot Chilli Pepper & Lime,Food,1.5,1,1.5,1.5
EB Public Library,EB Public Library x1380,CheezIt - Original,Food,1.25,1,1.25,1.25
EB Public Library,EB Public Library x1380,Oreo Single Server 6 ct,Food,2.0,1,2.0,2.0
EB Public Library,EB Public Library x1380,RXBAR - Protein Bar - Peanut Butter,Food,2.0,1,2.0,2.0
EB Public Library,EB Public Library x1380,Oreo Single Server 6 ct,Food,2.0,1,2.0,2.0
Earle Asphalt,Earle Asphalt x1371,Miss Vickie's Potato Chip - Smokehouse BBQ,Food,1.5,1,1.5,1.5
Brunswick Sq Mall,BSQ Mall x1364 - Zales,Monster Energy Original,Carbonated,3.0,1,3.0,3.0
GuttenPlans,GuttenPlans x1367,Cheetos - Fleming Hot Crunchy,Food,1.5,1,1.5,1.5
Brunswick Sq Mall,BSQ Mall x1364 - Zales,Monster Energy Original,Carbonated,3.0,1,3.0,3.0
Brunswick Sq Mall,BSQ Mall x1364 - Zales,Pop Corners - Spicy Queso,Food,1.5,1,1.5,1.5
Brunswick Sq Mall,BSQ Mall x1364 - Zales,Coca Cola - Zero Sugar,Carbonated,1.5,1,1.5,1.5
Brunswick Sq Mall,BSQ Mall x1364 - Zales,Coca Cola - Zero Sugar,Carbonated,1.5,1,1.5,1.5
Brunswick Sq Mall,BSQ Mall x1366 - ATT,Red Bull - Energy Drink - Sugar Free,Carbonated,3.5,1,3.5,3.5
EB Public Library,EB Public Library x1380,Starbucks Doubleshot Energy - Mocha,Non Carbonated,3.5,1,3.5,3.5
Earle Asphalt,Earle Asphalt x1371,Oreo Single Server 6 ct,Food,2.0,1,2.0,2.0
Earle Asphalt,Earle Asphalt x1371,Oreo Single Server 6 ct,Food,2.0,1,2.0,2.0
Earle Asphalt,Earle Asphalt x1371,Pop Corners - Spicy Queso,Food,1.5,1,1.5,1.5
EB Public Library,EB Public Library x1380,Takis - Hot Chilli Pepper & Lime,Food,1.5,1,1.5,1.5
Earle Asphalt,Earle Asphalt x1371,Pop Corners - Spicy Queso,Food,1.5,1,1.5,1.5
GuttenPlans,GuttenPlans x1367,Chesters Fries Flaming hot,Food,1.5,1,1.5,1.5
GuttenPlans,GuttenPlans x1367,Coca Cola - Regular,Carbonated,1.5,1,1.5,1.5
Brunswick Sq Mall,BSQ Mall x1366 - ATT,Snapple Tea - Raspberry,Non Carbonated,2.5,1,2.5,2.5
GuttenPlans,GuttenPlans x1367,Sunkist Soda - Orange,Carbonated,1.5,1,1.5,1.5
GuttenPlans,GuttenPlans x1367,Coca Cola - Regular,Carbonated,1.5,1,1.5,1.5
GuttenPlans,GuttenPlans x1367,Sunkist Soda - Orange,Carbonated,1.5,1,1.5,1.5
GuttenPlans,GuttenPlans x1367,Cheetos Puffs,Food,1.5,1,1.5,1.5
GuttenPlans,GuttenPlans x1367,Monster Energy Original,Carbonated,3.0,1,3.0,3.0
GuttenPlans,GuttenPlans x1367,Cheetos Puffs,Food,1.5,1,1.5,1.5
GuttenPlans,GuttenPlans x1367,Chesters Fries Flaming hot,Food,1.5,1,1.5,1.5
GuttenPlans,GuttenPlans x1367,Chesters Fries Flaming hot,Food,1.5,1,1.5,1.5
GuttenPlans,GuttenPlans x1367,Chesters Fries Flaming hot,Food,1.5,1,1.5,1.5
GuttenPlans,GuttenPlans x1367,Monster Energy Original,Carbonated,3.0,1,3.0,3.0
GuttenPlans,GuttenPlans x1367,Snapple Tea - Raspberry,Non Carbonated,2.5,1,2.5,2.5
EB Public Library,EB Public Library x1380,Popchips Potato - Sour Cream & Onion,Food,1.5,1,1.5,1.5
EB Public Library,EB Public Library x1380,Oreo Mini - Go Paks,,3.0,1,3.0,3.0
EB Public Library,EB Public Library x1380,Mini Chips Ahoy - Go Paks,,4.0,1,4.0,4.0
EB Public Library,EB Public Library x1380,Teddy Grahams - Go Paks,,4.0,1,4.0,4.0
GuttenPlans,GuttenPlans x1367,Coca Cola - Regular,Carbonated,1.5,1,1.5,1.5
Brunswick Sq Mall,BSQ Mall x1366 - ATT,S. Pellegrino Sparkling Mineral Water,Water,2.0,1,2.0,2.0
EB Public Library,EB Public Library x1380,Lenny & Larrys - Chocolate Chip,Food,2.0,1,2.0,2.0
EB Public Library,EB Public Library x1380,Teddy Grahams - Go Paks,,4.0,1,4.0,4.0
EB Public Library,EB Public Library x1380,RXBAR - Protein Bar - Peanut Butter,Food,2.0,1,2.0,2.0
Brunswick Sq Mall,BSQ Mall x1364 - Zales,Monster Energy Original,Carbonated,3.0,1,3.0,3.0
EB Public Library,EB Public Library x1380,BodyArmor LYTE - Strawberry Lemonade,Water,2.75,1,2.75,2.75
EB Public Library,EB Public Library x1380,Teddy Grahams - Go Paks,,3.0,1,3.0,3.0
EB Public Library,EB Public Library x1380,Mini Chips Ahoy - Go Paks,,4.0,1,4.0,4.0
EB Public Library,EB Public Library x1380,Starbucks Refresher - Real Coconut Water,Carbonated,3.0,1,3.0,3.0
EB Public Library,EB Public Library x1380,Pop Corners - Kettle Corn,Food,1.5,1,1.5,1.5
EB Public Library,EB Public Library x1380,Coca Cola - Zero Sugar,Carbonated,1.5,1,1.5,1.5
Brunswick Sq Mall,BSQ Mall x1366 - ATT,Canada Dry - Ginger Ale,,2.75,1,2.75,2.75
GuttenPlans,GuttenPlans x1367,Red Bull - Original,Carbonated,3.5,1,3.5,3.5
EB Public Library,EB Public Library x1380,Lenny & Larrys - Chocolate Chip,Food,2.0,1,2.0,2.0
EB Public Library,EB Public Library x1380,BodyArmor LYTE - Strawberry Lemonade,Water,2.75,1,2.75,2.75
EB Public Library,EB Public Library x1380,Snapple Tea - Raspberry,Non Carbonated,2.5,1,2.5,2.5
EB Public Library,EB Public Library x1380,Coca Cola - Zero Sugar,Carbonated,1.5,1,1.5,1.5
EB Public Library,EB Public Library x1380,Starbucks Refresher - Real Coconut Water,Carbonated,3.0,1,3.0,3.0
EB Public Library,EB Public Library x1380,Belvita Snack Bites - Cinnamon BS Go Paks,Food,3.0,1,3.0,3.0
Brunswick Sq Mall,BSQ Mall x1366 - ATT,CheezIt - Original,Food,1.5,1,1.5,1.5
Brunswick Sq Mall,BSQ Mall x1366 - ATT,Canada Dry - Ginger Ale & Lemonde,,2.0,1,2.0,2.0
Brunswick Sq Mall,BSQ Mall x1364 - Zales,Goldfish Baked - Cheddar,Food,1.5,1,1.5,1.5
EB Public Library,EB Public Library x1380,Snapple Tea - Raspberry,Non Carbonated,2.5,1,2.5,2.5
Brunswick Sq Mall,BSQ Mall x1366 - ATT,Canada Dry - Ginger Ale & Lemonde,,2.0,1,2.0,2.0
Brunswick Sq Mall,BSQ Mall x1366 - ATT,Canada Dry - Ginger Ale,,2.75,1,2.75,2.75
EB Public Library,EB Public Library x1380,Popchips Potato - Sour Cream & Onion,Food,1.5,1,1.5,1.5
Brunswick Sq Mall,BSQ Mall x1366 - ATT,Red Bull - Energy Drink - Sugar Free,Carbonated,3.5,1,3.5,3.5
Brunswick Sq Mall,BSQ Mall x1366 - ATT,S. Pellegrino Sparkling Mineral Water,Water,2.0,1,2.0,2.0
Brunswick Sq Mall,BSQ Mall x1366 - ATT,Bai Antioxidant - Kupang strawberry kiwi,Non Carbonated,2.75,1,2.75,2.75
Brunswick Sq Mall,BSQ Mall x1366 - ATT,Nature's Garden Trail Mix - Cranberry Healthy,Food,1.5,1,1.5,1.5
Brunswick Sq Mall,BSQ Mall x1364 - Zales,Wonderful Pistachios - Variety,Food,2.0,1,2.0,2.0
EB Public Library,EB Public Library x1380,Snyder's of Hanover Pretzel Pieces - Honey Mu,Food,2.0,1,2.0,2.0
EB Public Library,EB Public Library x1380,BodyArmor  LYTE - Blueberry Pomegranate,Non Carbonated,2.75,1,2.75,2.75
Brunswick Sq Mall,BSQ Mall x1364 - Zales,Spindrift - Sparkling Water  Lime,Carbonated,1.5,1,1.5,1.5
Brunswick Sq Mall,BSQ Mall x1366 - ATT,Snapple Tea - Raspberry,Non Carbonated,2.5,1,2.5,2.5
EB Public Library,EB Public Library x1380,Oreo Single Server 6 ct,Food,2.0,1,2.0,2.0
EB Public Library,EB Public Library x1380,Takis - Hot Chilli Pepper & Lime,Food,1.5,1,1.5,1.5
EB Public Library,EB Public Library x1380,CheezIt - Double Cheese,Food,1.25,1,1.25,5.25
EB Public Library,EB Public Library x1380,Oreo Mini - Go Paks,,4.0,1,4.0,5.25
EB Public Library,EB Public Library x1380,Popchips Potato - Sour Cream & Onion,Food,1.5,1,1.5,3.5
EB Public Library,EB Public Library x1380,Snyder's of Hanover Pretzel Pieces - Honey Mu,Food,2.0,1,2.0,3.5
EB Public Library,EB Public Library x1380,Ice Breakers Ice Cubes - PepperMint,Food,5.0,1,5.0,5.0
Brunswick Sq Mall,BSQ Mall x1366 - ATT,Canada Dry - Ginger Ale & Lemonde,,2.0,1,2.0,2.0
EB Public Library,EB Public Library x1380,Oreo Mini - Go Paks,,4.0,1,4.0,4.0
Brunswick Sq Mall,BSQ Mall x1366 - ATT,Bai Antioxidant - Kupang strawberry kiwi,Non Carbonated,2.75,1,2.75,2.75
GuttenPlans,GuttenPlans x1367,Red Bull - Original,Carbonated,3.5,1,3.5,3.5
GuttenPlans,GuttenPlans x1367,Nature's Bakery Fig Bar - Blueberry,Food,1.5,1,1.5,1.5
GuttenPlans,GuttenPlans x1367,Nature's Bakery Fig Bar - Blueberry,Food,1.5,1,1.5,1.5
GuttenPlans,GuttenPlans x1367,Monster Energy Original,Carbonated,3.0,1,3.0,3.0
GuttenPlans,GuttenPlans x1367,Nutri Grain Apple Cinnamon,Food,1.5,1,1.5,1.5
GuttenPlans,GuttenPlans x1367,Nutri Grain Apple Cinnamon,Food,1.5,1,1.5,1.5
Brunswick Sq Mall,BSQ Mall x1366 - ATT,Canada Dry - Ginger Ale & Lemonde,,2.0,1,2.0,2.0
EB Public Library,EB Public Library x1380,Starbucks Doubleshot Energy - Mocha,Non Carbonated,3.5,1,3.5,3.5
EB Public Library,EB Public Library x1380,Goldfish Baked - Cheddar,Food,1.25,1,1.25,1.25
EB Public Library,EB Public Library x1380,Oreo Single Server 6 ct,Food,2.0,1,2.0,2.0
EB Public Library,EB Public Library x1380,CheezIt - Original,Food,1.25,1,1.25,1.25
EB Public Library,EB Public Library x1380,CheezIt - Original,Food,1.25,1,1.25,1.25
Earle Asphalt,Earle Asphalt x1371,CheezIt - Original,Food,1.5,1,1.5,1.5
EB Public Library,EB Public Library x1380,Coca Cola - Zero Sugar,Carbonated,1.5,1,1.5,1.5
EB Public Library,EB Public Library x1380,Ice Breakers Ice Cubes - PepperMint,Food,5.0,1,5.0,5.0
EB Public Library,EB Public Library x1380,Popchips Potato - Sour Cream & Onion,Food,1.5,1,1.5,1.5
EB Public Library,EB Public Library x1380,Oreo Single Server 6 ct,Food,2.0,1,2.0,2.0
EB Public Library,EB Public Library x1380,Pop Corners - Kettle Corn,Food,1.5,1,1.5,1.5
Brunswick Sq Mall,BSQ Mall x1366 - ATT,Canada Dry - Ginger Ale & Lemonde,,2.0,1,2.0,2.0
EB Public Library,EB Public Library x1380,Autumns Granola Bar - Cinnamon Almond,Food,2.0,1,2.0,2.0
EB Public Library,EB Public Library x1380,RXBAR - Protein Bar - Peanut Butter,Food,2.0,1,2.0,2.0
Brunswick Sq Mall,BSQ Mall x1364 - Zales,BodyArmor  LYTE - Blueberry Pomegranate,Non Carbonated,2.75,1,2.75,2.75
EB Public Library,EB Public Library x1380,Starbucks Refresher - Real Coconut Water,Carbonated,3.0,1,3.0,3.0
Brunswick Sq Mall,BSQ Mall x1366 - ATT,Canada Dry - Ginger Ale & Lemonde,,2.0,1,2.0,2.0
EB Public Library,EB Public Library x1380,CheezIt - Original,Food,1.25,1,1.25,1.25
EB Public Library,EB Public Library x1380,Takis - Hot Chilli Pepper & Lime,Food,1.5,1,1.5,1.5
Brunswick Sq Mall,BSQ Mall x1364 - Zales,Keto Bar - Creamy Peanut Butter Chocolate,Food,2.0,1,2.0,2.0
EB Public Library,EB Public Library x1380,Popchips Potato - Barbeque,Food,1.5,1,1.5,1.5
Brunswick Sq Mall,BSQ Mall x1366 - ATT,Red Bull - Energy Drink - Sugar Free,Carbonated,3.5,1,3.5,3.5
Brunswick Sq Mall,BSQ Mall x1366 - ATT,CheezIt - Original,Food,1.25,1,1.25,1.25
GuttenPlans,GuttenPlans x1367,Monster Energy Original,Carbonated,3.0,1,3.0,3.0
EB Public Library,EB Public Library x1380,Snyder's of Hanover Pretzel Pieces - Cheddar,Food,2.0,1,2.0,2.0
GuttenPlans,GuttenPlans x1367,Monster Energy Original,Carbonated,3.0,1,3.0,3.0
EB Public Library,EB Public Library x1380,Wonderful Pistachios - Variety,Food,2.0,1,2.0,2.0
Brunswick Sq Mall,BSQ Mall x1366 - ATT,Popchips Potato - Sea Salt,Food,1.5,1,1.5,1.5
Brunswick Sq Mall,BSQ Mall x1366 - ATT,Kinder - Bueno - Crispy Creamy Chocolate,Food,2.0,1,2.0,2.0
Brunswick Sq Mall,BSQ Mall x1364 - Zales,Poland Springs Water,Water,1.5,2,3.0,3.0
GuttenPlans,GuttenPlans x1367,Red Bull - Original,Carbonated,3.5,1,3.5,3.5
GuttenPlans,GuttenPlans x1367,Coca Cola - Regular,Carbonated,1.5,1,1.5,1.5
GuttenPlans,GuttenPlans x1367,Cheetos Puffs,Food,1.5,1,1.5,1.5
GuttenPlans,GuttenPlans x1367,Lays - Classic,Food,1.5,1,1.5,1.5
Brunswick Sq Mall,BSQ Mall x1364 - Zales,BodyArmor  LYTE - Blueberry Pomegranate,Non Carbonated,2.75,1,2.75,2.75
GuttenPlans,GuttenPlans x1367,Coca Cola - Regular,Carbonated,1.5,1,1.5,1.5
GuttenPlans,GuttenPlans x1367,Doritos Spicy Nacho,,1.5,1,1.5,1.5
GuttenPlans,GuttenPlans x1367,Nature's Bakery Fig Bar - Blueberry,Food,1.5,1,1.5,1.5
GuttenPlans,GuttenPlans x1367,Monster Energy Original,Carbonated,3.0,1,3.0,3.0
GuttenPlans,GuttenPlans x1367,Sunkist Soda - Orange,Carbonated,1.5,1,1.5,1.5
GuttenPlans,GuttenPlans x1367,Funyuns - Flaming Hot,Food,1.5,1,1.5,1.5
GuttenPlans,GuttenPlans x1367,Funyuns - Flaming Hot,Food,1.5,1,1.5,1.5
GuttenPlans,GuttenPlans x1367,Coca Cola - Regular,Carbonated,1.5,1,1.5,1.5
GuttenPlans,GuttenPlans x1367,Chesters Fries Flaming hot,Food,1.5,1,1.5,1.5
GuttenPlans,GuttenPlans x1367,Sunkist Soda - Orange,Carbonated,1.5,1,1.5,1.5
GuttenPlans,GuttenPlans x1367,Snapple Tea - Raspberry,Non Carbonated,2.5,1,2.5,2.5
GuttenPlans,GuttenPlans x1367,KitKat - Crisp Wafers,Food,2.5,1,2.5,2.5
GuttenPlans,GuttenPlans x1367,Doritos Spicy Nacho,,1.5,2,3.0,4.5
GuttenPlans,GuttenPlans x1367,Lays - Classic,Food,1.5,1,1.5,4.5
EB Public Library,EB Public Library x1380,Poland Springs Water,Water,1.5,1,1.5,1.5
EB Public Library,EB Public Library x1380,Takis - Hot Chilli Pepper & Lime,Food,1.5,1,1.5,1.5
EB Public Library,EB Public Library x1380,Starbucks Refresher - Real Coconut Water,Carbonated,3.0,1,3.0,4.25
EB Public Library,EB Public Library x1380,CheezIt - Double Cheese,Food,1.25,1,1.25,4.25
EB Public Library,EB Public Library x1380,BodyArmor LYTE - Strawberry Lemonade,Water,2.75,1,2.75,2.75
Earle Asphalt,Earle Asphalt x1371,Keto Bar - Creamy Peanut Butter Chocolate,Food,2.0,1,2.0,2.0
Earle Asphalt,Earle Asphalt x1371,Miss Vickie's Potato Chip - Jalapeno,Food,1.5,1,1.5,1.5
Brunswick Sq Mall,BSQ Mall x1364 - Zales,Coca Cola - Zero Sugar,Carbonated,1.5,1,1.5,1.5
GuttenPlans,GuttenPlans x1367,Doritos Spicy Nacho,,1.5,2,3.0,4.5
GuttenPlans,GuttenPlans x1367,Lays - Classic,Food,1.5,1,1.5,4.5
EB Public Library,EB Public Library x1380,Goldfish Baked - Cheddar,Food,1.25,1,1.25,1.25
EB Public Library,EB Public Library x1380,Starbucks Doubleshot Energy - Mocha,Non Carbonated,3.5,1,3.5,3.5
EB Public Library,EB Public Library x1380,Miss Vickie's Potato Chip - Sea Salt & Vinega,Food,1.5,1,1.5,1.5
GuttenPlans,GuttenPlans x1367,Monster Energy Original,Carbonated,3.0,1,3.0,3.0
Earle Asphalt,Earle Asphalt x1371,Miss Vickie's Potato Chip - Jalapeno,Food,1.5,1,1.5,1.5
Brunswick Sq Mall,BSQ Mall x1364 - Zales,Poland Springs Water,Water,1.5,1,1.5,1.5
Brunswick Sq Mall,BSQ Mall x1364 - Zales,Monster Energy Original,Carbonated,3.0,1,3.0,3.0
GuttenPlans,GuttenPlans x1367,Coca Cola - Regular,Carbonated,1.5,1,1.5,1.5
EB Public Library,EB Public Library x1380,Wonderful Pistachios - Variety,Food,2.0,1,2.0,2.0
EB Public Library,EB Public Library x1380,Snapple Tea - Raspberry,Non Carbonated,2.5,1,2.5,2.5
EB Public Library,EB Public Library x1380,Mini Chips Ahoy - Go Paks,,4.0,1,4.0,4.0
EB Public Library,EB Public Library x1380,Seapoint Farms Dry Roasted Edamame - Wasabi,Food,2.5,1,2.5,3.75
EB Public Library,EB Public Library x1380,CheezIt - Double Cheese,Food,1.25,1,1.25,3.75
EB Public Library,EB Public Library x1380,Snyder's of Hanover Pretzel Pieces - Honey Mu,Food,2.0,1,2.0,3.5
EB Public Library,EB Public Library x1380,Pop Corners - Kettle Corn,Food,1.5,1,1.5,3.5
EB Public Library,EB Public Library x1380,Starbucks Doubleshot Energy - Mocha,Non Carbonated,3.5,1,3.5,3.5
EB Public Library,EB Public Library x1380,Coca Cola - Zero Sugar,Carbonated,1.5,1,1.5,1.5
GuttenPlans,GuttenPlans x1367,Monster Energy Original,Carbonated,3.0,1,3.0,3.0
Brunswick Sq Mall,BSQ Mall x1366 - ATT,S. Pellegrino Sparkling Mineral Water,Water,2.0,1,2.0,2.0
Brunswick Sq Mall,BSQ Mall x1366 - ATT,S. Pellegrino Sparkling Mineral Water,Water,2.0,1,2.0,2.0
Brunswick Sq Mall,BSQ Mall x1364 - Zales,Poland Springs Water,Water,1.5,1,1.5,1.5
Earle Asphalt,Earle Asphalt x1371,CheezIt - Original,Food,1.5,1,1.5,1.5
GuttenPlans,GuttenPlans x1367,Monster Energy Original,Carbonated,3.0,1,3.0,3.0
EB Public Library,EB Public Library x1380,Coca Cola - Zero Sugar,Carbonated,1.5,1,1.5,1.5
EB Public Library,EB Public Library x1380,Coca Cola - Zero Sugar,Carbonated,1.5,1,1.5,1.5
Brunswick Sq Mall,BSQ Mall x1364 - Zales,Canada Dry - Ginger Ale & Lemonde,,1.5,1,1.5,1.5
GuttenPlans,GuttenPlans x1367,Sunkist Soda - Orange,Carbonated,1.5,1,1.5,1.5
EB Public Library,EB Public Library x1380,CheezIt - Original,Food,1.25,1,1.25,1.25
EB Public Library,EB Public Library x1380,Snyder's of Hanover Pretzel Pieces - Honey Mu,Food,2.0,1,2.0,2.0
GuttenPlans,GuttenPlans x1367,Coca Cola - Regular,Carbonated,1.5,1,1.5,1.5
GuttenPlans,GuttenPlans x1367,Funyuns - Flaming Hot,Food,1.5,1,1.5,1.5
GuttenPlans,GuttenPlans x1367,Coca Cola - Regular,Carbonated,1.5,1,1.5,1.5
GuttenPlans,GuttenPlans x1367,Funyuns - Flaming Hot,Food,1.5,1,1.5,1.5
GuttenPlans,GuttenPlans x1367,Doritos Spicy Nacho,,1.5,1,1.5,1.5
GuttenPlans,GuttenPlans x1367,Doritos Spicy Nacho,,1.5,1,1.5,1.5
GuttenPlans,GuttenPlans x1367,Cheetos Flaming Hot Limon Crunchy,Food,2.0,1,2.0,2.0
GuttenPlans,GuttenPlans x1367,Monster Energy Original,Carbonated,3.0,1,3.0,3.0
GuttenPlans,GuttenPlans x1367,Red Bull - Original,Carbonated,3.5,1,3.5,3.5
GuttenPlans,GuttenPlans x1367,Snapple Tea - Peach,Non Carbonated,2.5,1,2.5,5.5
GuttenPlans,GuttenPlans x1367,Nature's Bakery Fig Bar - Blueberry,Food,1.5,2,3.0,5.5
EB Public Library,EB Public Library x1380,Iberia Coconut Water,Non Carbonated,2.0,1,2.0,2.0
EB Public Library,EB Public Library x1380,Starbucks Doubleshot Energy - Mocha,Non Carbonated,3.5,1,3.5,3.5
EB Public Library,EB Public Library x1380,Lenny & Larrys - Chocolate Chip,Food,2.0,1,2.0,2.0
Earle Asphalt,Earle Asphalt x1371,CheezIt - Original,Food,1.5,1,1.5,1.5
GuttenPlans,GuttenPlans x1367,Coca Cola - Regular,Carbonated,1.5,1,1.5,1.5
EB Public Library,EB Public Library x1380,CheezIt - Double Cheese,Food,1.25,1,1.25,1.25
GuttenPlans,GuttenPlans x1367,Red Bull - Original,Carbonated,3.5,1,3.5,3.5
Earle Asphalt,Earle Asphalt x1371,Pop Corners - Spicy Queso,Food,1.5,1,1.5,1.5
EB Public Library,EB Public Library x1380,BodyArmor LYTE - Strawberry Lemonade,Water,2.75,1,2.75,2.75
EB Public Library,EB Public Library x1380,Pringles - Sour Cream & Onion,Food,4.0,1,4.0,4.0
EB Public Library,EB Public Library x1380,Takis - Hot Chilli Pepper & Lime,Food,1.5,1,1.5,1.5
EB Public Library,EB Public Library x1380,Takis - Hot Chilli Pepper & Lime,Food,1.5,1,1.5,1.5
EB Public Library,EB Public Library x1380,Belvita Snack Packs - Blueberry,Food,1.25,1,1.25,1.25
Earle Asphalt,Earle Asphalt x1371,Keto Bar - Creamy Peanut Butter Chocolate,Food,2.0,1,2.0,2.0
Brunswick Sq Mall,BSQ Mall x1364 - Zales,Pop Corners - Sea Salt,Food,1.5,1,1.5,1.5
Brunswick Sq Mall,BSQ Mall x1364 - Zales,Iberia Coconut Water,Non Carbonated,2.0,1,2.0,2.0
Brunswick Sq Mall,BSQ Mall x1366 - ATT,Popchips Potato - Barbeque,Food,1.5,1,1.5,1.5
Brunswick Sq Mall,BSQ Mall x1366 - ATT,CheezIt - Original,Food,1.5,1,1.5,1.5
EB Public Library,EB Public Library x1380,Poland Springs Water,Water,1.5,1,1.5,1.5
EB Public Library,EB Public Library x1380,Goldfish Baked - Cheddar,Food,1.25,1,1.25,1.25
Brunswick Sq Mall,BSQ Mall x1366 - ATT,Snapple Tea - Raspberry,Non Carbonated,2.5,1,2.5,2.5
EB Public Library,EB Public Library x1380,Coca Cola - Zero Sugar,Carbonated,1.5,1,1.5,1.5
EB Public Library,EB Public Library x1380,Coca Cola - Zero Sugar,Carbonated,1.5,1,1.5,1.5
EB Public Library,EB Public Library x1380,Poland Springs Water,Water,1.5,1,1.5,1.5
Earle Asphalt,Earle Asphalt x1371,Robert Irvine's - Fit Crunch -  Chocolate Pea,Food,2.0,1,2.0,2.0
EB Public Library,EB Public Library x1380,Popchips Potato - Barbeque,Food,1.5,1,1.5,1.5
EB Public Library,EB Public Library x1380,Starbucks Doubleshot Energy - Mocha,Non Carbonated,3.5,1,3.5,3.5
EB Public Library,EB Public Library x1380,Miss Vickie's Potato Chip - Sea Salt & Vinega,Food,1.5,1,1.5,1.5
Earle Asphalt,Earle Asphalt x1371,Oreo Mini,Food,1.5,1,1.5,1.5
GuttenPlans,GuttenPlans x1367,Monster Energy Original,Carbonated,3.0,1,3.0,3.0
EB Public Library,EB Public Library x1380,Mini Chips Ahoy - Go Paks,,4.0,1,4.0,5.5
EB Public Library,EB Public Library x1380,Poland Springs Water,Water,1.5,1,1.5,5.5
GuttenPlans,GuttenPlans x1367,Chesters Fries Flaming hot,Food,1.5,1,1.5,1.5
EB Public Library,EB Public Library x1380,Iberia Coconut Water,Non Carbonated,2.0,1,2.0,2.0
Earle Asphalt,Earle Asphalt x1371,CheezIt - Original,Food,1.5,1,1.5,1.5
Earle Asphalt,Earle Asphalt x1371,CheezIt - Original,Food,1.5,1,1.5,1.5
EB Public Library,EB Public Library x1380,Lenny & Larrys - SnickerDoodle,Food,3.0,1,3.0,3.0
Brunswick Sq Mall,BSQ Mall x1366 - ATT,S. Pellegrino Sparkling Mineral Water,Water,2.0,1,2.0,2.0
Brunswick Sq Mall,BSQ Mall x1366 - ATT,S. Pellegrino Sparkling Mineral Water,Water,2.0,1,2.0,2.0
GuttenPlans,GuttenPlans x1367,Sunkist Soda - Orange,Carbonated,1.5,1,1.5,1.5
GuttenPlans,GuttenPlans x1367,Sunkist Soda - Orange,Carbonated,1.5,1,1.5,1.5
GuttenPlans,GuttenPlans x1367,Coca Cola - Regular,Carbonated,1.5,1,1.5,1.5
GuttenPlans,GuttenPlans x1367,Sunkist Soda - Orange,Carbonated,1.5,1,1.5,1.5
GuttenPlans,GuttenPlans x1367,KitKat - Crisp Wafers,Food,2.5,1,2.5,2.5
GuttenPlans,GuttenPlans x1367,Red Bull - Original,Carbonated,3.5,1,3.5,3.5
EB Public Library,EB Public Library x1380,Coca Cola - Zero Sugar,Carbonated,1.5,1,1.5,1.5
EB Public Library,EB Public Library x1380,BodyArmor LYTE - Strawberry Lemonade,Water,2.75,1,2.75,2.75
EB Public Library,EB Public Library x1380,Coca Cola - Zero Sugar,Carbonated,1.5,1,1.5,1.5
EB Public Library,EB Public Library x1380,Goldfish Baked - Cheddar,Food,1.25,1,1.25,1.25
Earle Asphalt,Earle Asphalt x1371,Oreo Mini,Food,1.5,1,1.5,1.5
EB Public Library,EB Public Library x1380,Oreo Mini - Go Paks,,3.0,1,3.0,3.0
EB Public Library,EB Public Library x1380,Pop Corners - Kettle Corn,Food,1.5,1,1.5,1.5
Brunswick Sq Mall,BSQ Mall x1364 - Zales,Canada Dry - Ginger Ale & Lemonde,,1.5,1,1.5,1.5
EB Public Library,EB Public Library x1380,Robert Irvine's - Fit Crunch -  Chocolate Pea,Food,2.0,1,2.0,3.5
EB Public Library,EB Public Library x1380,Poland Springs Water,Water,1.5,1,1.5,3.5
EB Public Library,EB Public Library x1380,CheezIt - Original,Food,1.25,1,1.25,1.25
EB Public Library,EB Public Library x1380,Iberia Coconut Water,Non Carbonated,2.0,1,2.0,3.5
EB Public Library,EB Public Library x1380,Poland Springs Water,Water,1.5,1,1.5,3.5
GuttenPlans,GuttenPlans x1367,Red Bull - Original,Carbonated,3.5,1,3.5,3.5
EB Public Library,EB Public Library x1380,Poland Springs Water,Water,1.5,1,1.5,1.5
EB Public Library,EB Public Library x1380,Snapple Tea - Raspberry,Non Carbonated,2.5,1,2.5,2.5
Brunswick Sq Mall,BSQ Mall x1366 - ATT,Snapple Tea - Raspberry,Non Carbonated,2.5,1,2.5,2.5
Brunswick Sq Mall,BSQ Mall x1366 - ATT,Canada Dry - Ginger Ale & Lemonde,,2.0,1,2.0,2.0
EB Public Library,EB Public Library x1380,Snyder's of Hanover Pretzel Pieces - Honey Mu,Food,2.0,1,2.0,3.5
EB Public Library,EB Public Library x1380,Coca Cola - Zero Sugar,Carbonated,1.5,1,1.5,3.5
Brunswick Sq Mall,BSQ Mall x1364 - Zales,CheezIt - Original,Food,1.5,1,1.5,1.5
Brunswick Sq Mall,BSQ Mall x1364 - Zales,Iberia Coconut Water,Non Carbonated,2.0,1,2.0,2.0
EB Public Library,EB Public Library x1380,Poland Springs Water,Water,1.5,1,1.5,1.5
EB Public Library,EB Public Library x1380,CheezIt - Original,Food,1.25,1,1.25,1.25
EB Public Library,EB Public Library x1380,Pop Corners - Kettle Corn,Food,1.5,1,1.5,1.5
EB Public Library,EB Public Library x1380,CheezIt - Original,Food,1.25,1,1.25,1.25
EB Public Library,EB Public Library x1380,Lenny & Larrys - Chocolate Chip,Food,2.0,1,2.0,2.0
EB Public Library,EB Public Library x1380,Robert Irvine's - Fit Crunch -  Chocolate Pea,Food,2.0,1,2.0,2.0
EB Public Library,EB Public Library x1380,Hungry Buddha - Chocolate Chip,Food,2.0,1,2.0,2.0
Brunswick Sq Mall,BSQ Mall x1364 - Zales,Poland Springs Water,Water,1.5,1,1.5,1.5
GuttenPlans,GuttenPlans x1367,Funyuns - Flaming Hot,Food,1.5,1,1.5,1.5
GuttenPlans,GuttenPlans x1367,Cheetos Puffs,Food,1.5,1,1.5,1.5
GuttenPlans,GuttenPlans x1367,Doritos Spicy Nacho,,1.5,1,1.5,1.5
GuttenPlans,GuttenPlans x1367,Lays - Classic,Food,1.5,1,1.5,1.5
GuttenPlans,GuttenPlans x1367,Sunkist Soda - Orange,Carbonated,1.5,1,1.5,1.5
GuttenPlans,GuttenPlans x1367,Sunkist Soda - Orange,Carbonated,1.5,1,1.5,1.5
GuttenPlans,GuttenPlans x1367,Coca Cola - Regular,Carbonated,1.5,1,1.5,1.5
GuttenPlans,GuttenPlans x1367,Cheetos Cheddar Jalapeno,Food,1.5,1,1.5,1.5
GuttenPlans,GuttenPlans x1367,KitKat - Crisp Wafers,Food,2.5,1,2.5,2.5
GuttenPlans,GuttenPlans x1367,Cheetos Cheddar Jalapeno,Food,1.5,1,1.5,1.5
GuttenPlans,GuttenPlans x1367,Cheetos Puffs,Food,1.5,1,1.5,1.5
GuttenPlans,GuttenPlans x1367,Cheetos Puffs,Food,1.5,1,1.5,1.5
GuttenPlans,GuttenPlans x1367,Snapple Tea - Raspberry,Non Carbonated,2.5,1,2.5,2.5
GuttenPlans,GuttenPlans x1367,Funyuns - Flaming Hot,Food,1.5,1,1.5,1.5
GuttenPlans,GuttenPlans x1367,Funyuns - Flaming Hot,Food,1.5,1,1.5,1.5
GuttenPlans,GuttenPlans x1367,Cheetos - Fleming Hot Crunchy,Food,1.5,1,1.5,1.5
GuttenPlans,GuttenPlans x1367,Red Bull - Original,Carbonated,3.5,1,3.5,3.5
GuttenPlans,GuttenPlans x1367,Monster Energy Original,Carbonated,3.0,1,3.0,3.0
GuttenPlans,GuttenPlans x1367,Monster Energy Original,Carbonated,3.0,1,3.0,3.0
Brunswick Sq Mall,BSQ Mall x1364 - Zales,Monster Energy Original,Carbonated,3.0,1,3.0,3.0
GuttenPlans,GuttenPlans x1367,Funyuns - Flaming Hot,Food,1.5,1,1.5,4.5
GuttenPlans,GuttenPlans x1367,Lays - Classic,Food,1.5,1,1.5,4.5
GuttenPlans,GuttenPlans x1367,Doritos Spicy Nacho,,1.5,1,1.5,4.5
GuttenPlans,GuttenPlans x1367,KitKat - Crisp Wafers,Food,2.5,2,5.0,6.5
GuttenPlans,GuttenPlans x1367,Chesters Fries Flaming hot,Food,1.5,1,1.5,6.5
Earle Asphalt,Earle Asphalt x1371,Pop Corners - Spicy Queso,Food,1.5,1,1.5,1.5
Brunswick Sq Mall,BSQ Mall x1366 - ATT,Canada Dry - Ginger Ale & Lemonde,,2.0,1,2.0,2.0
GuttenPlans,GuttenPlans x1367,KitKat - Crisp Wafers,Food,2.5,1,2.5,2.5
Earle Asphalt,Earle Asphalt x1371,Snapple Diet Tea - Raspberry,Non Carbonated,2.5,1,2.5,2.5
GuttenPlans,GuttenPlans x1367,Coca Cola - Regular,Carbonated,1.5,1,1.5,1.5
GuttenPlans,GuttenPlans x1367,Coca Cola - Regular,Carbonated,1.5,1,1.5,1.5
Brunswick Sq Mall,BSQ Mall x1366 - ATT,Canada Dry - Ginger Ale,,2.75,1,2.75,2.75
Brunswick Sq Mall,BSQ Mall x1366 - ATT,Red Bull - Energy Drink - Sugar Free,Carbonated,3.5,1,3.5,4.75
Brunswick Sq Mall,BSQ Mall x1366 - ATT,CheezIt - Original,Food,1.25,1,1.25,4.75
GuttenPlans,GuttenPlans x1367,Funyuns - Flaming Hot,Food,1.5,1,1.5,1.5
GuttenPlans,GuttenPlans x1367,Monster Energy Original,Carbonated,3.0,1,3.0,3.0
EB Public Library,EB Public Library x1380,Goldfish Baked - Cheddar,Food,1.25,1,1.25,1.25
Brunswick Sq Mall,BSQ Mall x1366 - ATT,S. Pellegrino Sparkling Mineral Water,Water,2.0,1,2.0,2.0
GuttenPlans,GuttenPlans x1367,Coca Cola - Regular,Carbonated,1.5,1,1.5,1.5
GuttenPlans,GuttenPlans x1367,Coca Cola - Regular,Carbonated,1.5,1,1.5,1.5
GuttenPlans,GuttenPlans x1367,Coca Cola - Regular,Carbonated,1.5,1,1.5,1.5
Brunswick Sq Mall,BSQ Mall x1366 - ATT,Kinder - Bueno - Crispy Creamy Chocolate,Food,2.0,1,2.0,2.0
EB Public Library,EB Public Library x1380,Poland Springs Water,Water,1.5,1,1.5,1.5
EB Public Library,EB Public Library x1380,V8 Vegetable Juice - Original,Non Carbonated,2.0,1,2.0,2.0
EB Public Library,EB Public Library x1380,Lenny & Larrys - Chocolate Chip,Food,2.0,1,2.0,2.0
EB Public Library,EB Public Library x1380,Oreo Mini - Go Paks,,4.0,1,4.0,4.0
EB Public Library,EB Public Library x1380,Teddy Grahams - Go Paks,,4.0,1,4.0,4.0
GuttenPlans,GuttenPlans x1367,KitKat - Crisp Wafers,Food,2.5,1,2.5,2.5
EB Public Library,EB Public Library x1380,Lenny & Larrys - SnickerDoodle,Food,3.0,1,3.0,3.0
EB Public Library,EB Public Library x1380,Iberia Coconut Water,Non Carbonated,2.0,1,2.0,2.0
EB Public Library,EB Public Library x1380,Popchips Potato - Barbeque,Food,1.5,1,1.5,1.5
EB Public Library,EB Public Library x1380,Miss Vickie's Potato Chip - Sea Salt & Vinega,Food,1.5,1,1.5,1.5
GuttenPlans,GuttenPlans x1367,Monster Energy Original,Carbonated,3.0,1,3.0,3.0
Brunswick Sq Mall,BSQ Mall x1366 - ATT,Red Bull - Energy Drink - Sugar Free,Carbonated,3.5,1,3.5,3.5
Brunswick Sq Mall,BSQ Mall x1364 - Zales,Poland Springs Water,Water,1.5,1,1.5,1.5
Brunswick Sq Mall,BSQ Mall x1364 - Zales,Monster Energy Original,Carbonated,3.0,1,3.0,3.0
Brunswick Sq Mall,BSQ Mall x1366 - ATT,Canada Dry - Ginger Ale,,2.75,1,2.75,2.75
EB Public Library,EB Public Library x1380,Poland Springs Water,Water,1.5,1,1.5,1.5
EB Public Library,EB Public Library x1380,Popchips Potato - Barbeque,Food,1.5,1,1.5,1.5
Brunswick Sq Mall,BSQ Mall x1364 - Zales,SunChips Multigrain - Harvest Cheddar,Food,1.5,1,1.5,1.5
GuttenPlans,GuttenPlans x1367,Nature's Bakery Fig Bar - Raspberry,Food,1.5,1,1.5,1.5
GuttenPlans,GuttenPlans x1367,Coca Cola - Regular,Carbonated,1.5,1,1.5,1.5
GuttenPlans,GuttenPlans x1367,Monster Energy Original,Carbonated,3.0,1,3.0,3.0
Brunswick Sq Mall,BSQ Mall x1364 - Zales,Poland Springs Water,Water,1.5,1,1.5,1.5
Brunswick Sq Mall,BSQ Mall x1364 - Zales,KitKat - Crisp Wafers,Food,2.0,1,2.0,2.0
Brunswick Sq Mall,BSQ Mall x1366 - ATT,Canada Dry - Ginger Ale,,2.75,1,2.75,2.75
GuttenPlans,GuttenPlans x1367,Monster Energy Original,Carbonated,3.0,1,3.0,3.0
Brunswick Sq Mall,BSQ Mall x1366 - ATT,S. Pellegrino Sparkling Mineral Water,Water,2.0,1,2.0,2.0
GuttenPlans,GuttenPlans x1367,Coca Cola - Regular,Carbonated,1.5,1,1.5,1.5
GuttenPlans,GuttenPlans x1367,Coca Cola - Regular,Carbonated,1.5,1,1.5,1.5
GuttenPlans,GuttenPlans x1367,KitKat - Crisp Wafers,Food,2.5,1,2.5,2.5
GuttenPlans,GuttenPlans x1367,Sunkist Soda - Orange,Carbonated,1.5,1,1.5,1.5
GuttenPlans,GuttenPlans x1367,Cheetos - Fleming Hot Crunchy,Food,2.0,1,2.0,2.0
EB Public Library,EB Public Library x1380,Pop Corners - Kettle Corn,Food,1.5,1,1.5,1.5
EB Public Library,EB Public Library x1380,Poland Springs Water,Water,1.5,1,1.5,1.5
GuttenPlans,GuttenPlans x1367,Coca Cola - Regular,Carbonated,1.5,1,1.5,1.5
EB Public Library,EB Public Library x1380,Poland Springs Water,Water,1.5,1,1.5,1.5
GuttenPlans,GuttenPlans x1367,Funyuns - Flaming Hot,Food,1.5,1,1.5,1.5
GuttenPlans,GuttenPlans x1367,Coca Cola - Regular,Carbonated,1.5,1,1.5,1.5
GuttenPlans,GuttenPlans x1367,Monster Energy Original,Carbonated,3.0,1,3.0,3.0
GuttenPlans,GuttenPlans x1367,Cheetos - Fleming Hot Crunchy,Food,2.0,1,2.0,2.0
Brunswick Sq Mall,BSQ Mall x1364 - Zales,Poland Springs Water,Water,1.5,1,1.5,1.5
EB Public Library,EB Public Library x1380,Popchips Potato - Barbeque,Food,1.5,1,1.5,1.5
EB Public Library,EB Public Library x1380,Keep Healthy - Chocolate Fudge,Food,2.0,1,2.0,2.0
GuttenPlans,GuttenPlans x1367,Cheetos Flaming Hot Limon Crunchy,Food,2.0,1,2.0,2.0
Brunswick Sq Mall,BSQ Mall x1364 - Zales,Iberia Coconut Water,Non Carbonated,2.0,1,2.0,2.0
Brunswick Sq Mall,BSQ Mall x1366 - ATT,Red Bull - Energy Drink - Sugar Free,Carbonated,3.5,1,3.5,3.5
EB Public Library,EB Public Library x1380,Seapoint Farms Dry Roasted Edamame - Wasabi,Food,2.5,1,2.5,2.5
EB Public Library,EB Public Library x1380,Goldfish Baked - Cheddar,Food,1.25,1,1.25,1.25
EB Public Library,EB Public Library x1380,Miss Vickie's Potato Chip - Sea Salt Original,Food,1.5,1,1.5,1.5
Brunswick Sq Mall,BSQ Mall x1364 - Zales,Poland Springs Water,Water,1.5,1,1.5,1.5
Brunswick Sq Mall,BSQ Mall x1364 - Zales,Poland Springs Water,Water,1.5,1,1.5,1.5
Brunswick Sq Mall,BSQ Mall x1364 - Zales,Poland Springs Water,Water,1.5,1,1.5,1.5
Brunswick Sq Mall,BSQ Mall x1364 - Zales,Poland Springs Water,Water,1.5,1,1.5,1.5
GuttenPlans,GuttenPlans x1367,Coca Cola - Regular,Carbonated,1.5,1,1.5,1.5
GuttenPlans,GuttenPlans x1367,Sunkist Soda - Orange,Carbonated,1.5,1,1.5,1.5
GuttenPlans,GuttenPlans x1367,Coca Cola - Regular,Carbonated,1.5,1,1.5,1.5
GuttenPlans,GuttenPlans x1367,Sunkist Soda - Orange,Carbonated,1.5,1,1.5,1.5
GuttenPlans,GuttenPlans x1367,KitKat - Crisp Wafers,Food,2.5,1,2.5,2.5
GuttenPlans,GuttenPlans x1367,Cheetos Cheddar Jalapeno,Food,1.5,1,1.5,1.5
GuttenPlans,GuttenPlans x1367,Coca Cola - Regular,Carbonated,1.5,1,1.5,1.5
Brunswick Sq Mall,BSQ Mall x1366 - ATT,Canada Dry - Ginger Ale,,2.75,1,2.75,2.75
Brunswick Sq Mall,BSQ Mall x1364 - Zales,SunChips Multigrain - Harvest Cheddar,Food,1.5,1,1.5,1.5
Brunswick Sq Mall,BSQ Mall x1364 - Zales,Keto Bar - Creamy Peanut Butter Chocolate,Food,2.0,1,2.0,2.0
Brunswick Sq Mall,BSQ Mall x1364 - Zales,Iberia Coconut Water,Non Carbonated,2.0,1,2.0,2.0
Brunswick Sq Mall,BSQ Mall x1364 - Zales,Snapple Tea - Lemon,Non Carbonated,2.5,1,2.5,2.5
Brunswick Sq Mall,BSQ Mall x1366 - ATT,Starbucks Doubleshot Energy - Coffee,,3.5,1,3.5,3.5
GuttenPlans,GuttenPlans x1367,Monster Energy Original,Carbonated,3.0,1,3.0,3.0
Earle Asphalt,Earle Asphalt x1371,Hungry Buddha - Chocolate Chip,Food,2.0,1,2.0,2.0
EB Public Library,EB Public Library x1380,Snyder's of Hanover Pretzel Pieces - Hot Buff,Food,2.5,1,2.5,2.5
Brunswick Sq Mall,BSQ Mall x1364 - Zales,Monster Energy Original,Carbonated,3.0,1,3.0,3.0
Brunswick Sq Mall,BSQ Mall x1366 - ATT,Starbucks Doubleshot Energy - Coffee,,3.5,1,3.5,3.5
Brunswick Sq Mall,BSQ Mall x1366 - ATT,Starbucks Doubleshot Energy - Coffee,,3.5,1,3.5,3.5
Brunswick Sq Mall,BSQ Mall x1366 - ATT,Starbucks Doubleshot Energy - Coffee,,3.5,1,3.5,3.5
GuttenPlans,GuttenPlans x1367,Nature's Bakery Fig Bar - Raspberry,Food,1.5,1,1.5,1.5
GuttenPlans,GuttenPlans x1367,Nature's Bakery Fig Bar - Blueberry,Food,1.5,1,1.5,1.5
Earle Asphalt,Earle Asphalt x1371,CheezIt - Original,Food,1.5,1,1.5,1.5
Earle Asphalt,Earle Asphalt x1371,Keto Bar - Creamy Peanut Butter Chocolate,Food,2.0,1,2.0,2.0
GuttenPlans,GuttenPlans x1367,Coca Cola - Regular,Carbonated,1.5,1,1.5,1.5
GuttenPlans,GuttenPlans x1367,KitKat - Crisp Wafers,Food,2.5,1,2.5,2.5
Earle Asphalt,Earle Asphalt x1371,Robert Irvine's - Fit Crunch -  Chocolate Pea,Food,2.0,1,2.0,2.0
GuttenPlans,GuttenPlans x1367,Snapple Tea - Raspberry,Non Carbonated,2.5,1,2.5,2.5
GuttenPlans,GuttenPlans x1367,Snapple Tea - Raspberry,Non Carbonated,2.5,1,2.5,2.5
EB Public Library,EB Public Library x1380,Coca Cola - Zero Sugar,Carbonated,1.5,1,1.5,1.5
Earle Asphalt,Earle Asphalt x1371,Goldfish Baked - Cheddar,Food,1.25,1,1.25,2.75
Earle Asphalt,Earle Asphalt x1371,Pop Corners - Sea Salt,Food,1.5,1,1.5,2.75
EB Public Library,EB Public Library x1380,Iberia Coconut Water,Non Carbonated,2.0,1,2.0,3.5
EB Public Library,EB Public Library x1380,Miss Vickie's Potato Chip - Sea Salt & Vinega,Food,1.5,1,1.5,3.5
Brunswick Sq Mall,BSQ Mall x1366 - ATT,Oreo Mini,Food,1.5,1,1.5,1.5
GuttenPlans,GuttenPlans x1367,Monster Energy Original,Carbonated,3.0,1,3.0,3.0
EB Public Library,EB Public Library x1380,Miss Vickie's Potato Chip - Sea Salt & Vinega,Food,1.5,1,1.5,1.5
EB Public Library,EB Public Library x1380,Miss Vickie's Potato Chip - Sea Salt & Vinega,Food,1.5,1,1.5,1.5
Brunswick Sq Mall,BSQ Mall x1366 - ATT,Canada Dry - Ginger Ale,,2.75,1,2.75,2.75
EB Public Library,EB Public Library x1380,Snapple Diet Tea - Peach Tea,Non Carbonated,2.5,1,2.5,2.5
EB Public Library,EB Public Library x1380,SunChips Multigrain - Harvest Cheddar,Food,1.5,1,1.5,1.5
GuttenPlans,GuttenPlans x1367,Monster Energy Original,Carbonated,3.0,1,3.0,3.0
GuttenPlans,GuttenPlans x1367,Snapple Tea - Raspberry,Non Carbonated,2.5,1,2.5,2.5
GuttenPlans,GuttenPlans x1367,Snapple Tea - Lemon,Non Carbonated,2.5,1,2.5,2.5
GuttenPlans,GuttenPlans x1367,Coca Cola - Regular,Carbonated,1.5,1,1.5,1.5
GuttenPlans,GuttenPlans x1367,Snapple Tea - Raspberry,Non Carbonated,2.5,1,2.5,2.5
GuttenPlans,GuttenPlans x1367,KitKat - Crisp Wafers,Food,2.5,1,2.5,2.5
GuttenPlans,GuttenPlans x1367,Nature's Bakery Fig Bar - Raspberry,Food,1.5,1,1.5,1.5
GuttenPlans,GuttenPlans x1367,Snapple Tea - Peach,Non Carbonated,2.5,1,2.5,2.5
EB Public Library,EB Public Library x1380,Iberia Coconut Water,Non Carbonated,2.0,1,2.0,2.0
EB Public Library,EB Public Library x1380,Kinder - Bueno - Crispy Creamy Chocolate,Food,2.0,1,2.0,2.0
EB Public Library,EB Public Library x1380,Coca Cola - Zero Sugar,Carbonated,1.5,1,1.5,1.5
Brunswick Sq Mall,BSQ Mall x1366 - ATT,Canada Dry - Ginger Ale,,2.75,1,2.75,2.75
Earle Asphalt,Earle Asphalt x1371,KitKat - Crisp Wafers,Food,1.75,1,1.75,1.75
Earle Asphalt,Earle Asphalt x1371,Miss Vickie's Potato Chip - Jalapeno,Food,1.5,1,1.5,1.5
Brunswick Sq Mall,BSQ Mall x1364 - Zales,Coca Cola - Zero Sugar,Carbonated,1.5,1,1.5,1.5
GuttenPlans,GuttenPlans x1367,Cheetos Puffs,Food,1.5,1,1.5,1.5
Brunswick Sq Mall,BSQ Mall x1364 - Zales,Monster Energy Original,Carbonated,3.0,1,3.0,3.0
Brunswick Sq Mall,BSQ Mall x1364 - Zales,Canada Dry - Ginger Ale & Lemonde,,1.5,1,1.5,1.5
GuttenPlans,GuttenPlans x1367,KitKat - Crisp Wafers,Food,2.5,1,2.5,2.5
GuttenPlans,GuttenPlans x1367,Cheetos Cheddar Jalapeno,Food,1.5,1,1.5,1.5
EB Public Library,EB Public Library x1380,SunChips Multigrain - Harvest Cheddar,Food,1.5,1,1.5,1.5
EB Public Library,EB Public Library x1380,SunChips Multigrain - Harvest Cheddar,Food,1.5,1,1.5,1.5
EB Public Library,EB Public Library x1380,Coca Cola - Zero Sugar,Carbonated,1.5,1,1.5,1.5
EB Public Library,EB Public Library x1380,Coca Cola - Zero Sugar,Carbonated,1.5,1,1.5,1.5
Brunswick Sq Mall,BSQ Mall x1366 - ATT,Snapple Tea - Raspberry,Non Carbonated,2.5,1,2.5,2.5
Earle Asphalt,Earle Asphalt x1371,Made in Nature - Mangoes Sweet & Tangy,Food,2.0,1,2.0,2.0
Brunswick Sq Mall,BSQ Mall x1364 - Zales,Chum Fruit Bites - Mango/Strawberry,Food,1.25,1,1.25,1.25
Brunswick Sq Mall,BSQ Mall x1364 - Zales,Chum Fruit Bites - Mango/Strawberry,Food,1.25,1,1.25,1.25
Earle Asphalt,Earle Asphalt x1371,KitKat - Crisp Wafers,Food,1.75,1,1.75,1.75
Earle Asphalt,Earle Asphalt x1371,KitKat - Crisp Wafers,Food,1.75,1,1.75,1.75
Earle Asphalt,Earle Asphalt x1371,Robert Irvine's - Fit Crunch -  Chocolate Pea,Food,2.0,1,2.0,2.0
EB Public Library,EB Public Library x1380,Coca Cola - Zero Sugar,Carbonated,1.5,1,1.5,1.5
GuttenPlans,GuttenPlans x1367,Monster Energy Original,Carbonated,3.0,1,3.0,3.0
EB Public Library,EB Public Library x1380,Starbucks Doubleshot Energy - Mocha,Non Carbonated,3.5,1,3.5,3.5
EB Public Library,EB Public Library x1380,SunChips Multigrain - Harvest Cheddar,Food,1.5,1,1.5,1.5
EB Public Library,EB Public Library x1380,CheezIt - White Cheddar,Food,1.25,1,1.25,1.25
EB Public Library,EB Public Library x1380,Lenny & Larrys - SnickerDoodle,Food,3.0,1,3.0,3.0
EB Public Library,EB Public Library x1380,Snyder's of Hanover Pretzel Pieces - Honey Mu,Food,2.5,1,2.5,2.5
Earle Asphalt,Earle Asphalt x1371,Oreo Mini,Food,1.5,1,1.5,1.5
EB Public Library,EB Public Library x1380,Coca Cola - Zero Sugar,Carbonated,1.5,1,1.5,1.5
Brunswick Sq Mall,BSQ Mall x1364 - Zales,Coca Cola - Zero Sugar,Carbonated,1.5,1,1.5,1.5
Brunswick Sq Mall,BSQ Mall x1364 - Zales,SunChips Multigrain - Harvest Cheddar,Food,1.5,1,1.5,1.5
Brunswick Sq Mall,BSQ Mall x1364 - Zales,SunChips Multigrain - Harvest Cheddar,Food,1.5,1,1.5,1.5
Brunswick Sq Mall,BSQ Mall x1364 - Zales,Monster Energy Original,Carbonated,3.0,1,3.0,3.0
GuttenPlans,GuttenPlans x1367,Coca Cola - Regular,Carbonated,1.5,1,1.5,1.5
GuttenPlans,GuttenPlans x1367,Funyuns - Flaming Hot,Food,1.5,1,1.5,1.5
EB Public Library,EB Public Library x1380,Coca Cola - Zero Sugar,Carbonated,1.5,1,1.5,1.5
Brunswick Sq Mall,BSQ Mall x1366 - ATT,Bai Antioxidant - Kupang strawberry kiwi,Non Carbonated,2.75,1,2.75,2.75
GuttenPlans,GuttenPlans x1367,Funyuns - Flaming Hot,Food,1.5,1,1.5,1.5
EB Public Library,EB Public Library x1380,Snapple Diet Tea - Peach Tea,Non Carbonated,2.5,1,2.5,2.5
GuttenPlans,GuttenPlans x1367,Snapple Tea - Lemon,Non Carbonated,2.5,1,2.5,2.5
GuttenPlans,GuttenPlans x1367,Doritos Spicy Nacho,,1.5,1,1.5,1.5
GuttenPlans,GuttenPlans x1367,Snapple Tea - Raspberry,Non Carbonated,2.5,1,2.5,2.5
GuttenPlans,GuttenPlans x1367,Snapple Tea - Peach,Non Carbonated,2.5,1,2.5,2.5
EB Public Library,EB Public Library x1380,Mini Chips Ahoy - Go Paks,,4.0,1,4.0,4.0
EB Public Library,EB Public Library x1380,Goldfish Baked - Cheddar,Food,1.25,1,1.25,1.25
GuttenPlans,GuttenPlans x1367,Sunkist Soda - Orange,Carbonated,1.5,1,1.5,1.5
GuttenPlans,GuttenPlans x1367,Sunkist Soda - Orange,Carbonated,1.5,1,1.5,1.5
GuttenPlans,GuttenPlans x1367,Coca Cola - Regular,Carbonated,1.5,1,1.5,1.5
EB Public Library,EB Public Library x1380,SunChips Multigrain - Harvest Cheddar,Food,1.5,1,1.5,1.5
Earle Asphalt,Earle Asphalt x1371,Oreo Mini,Food,1.5,1,1.5,1.5
EB Public Library,EB Public Library x1380,Coca Cola - Zero Sugar,Carbonated,1.5,1,1.5,1.5
EB Public Library,EB Public Library x1380,V8 Vegetable Juice - Original,Non Carbonated,2.0,1,2.0,2.0
EB Public Library,EB Public Library x1380,Kinder - Bueno - Crispy Creamy Chocolate,Food,2.0,1,2.0,2.0
EB Public Library,EB Public Library x1380,Kinder - Bueno - Crispy Creamy Chocolate,Food,2.0,1,2.0,2.0
Earle Asphalt,Earle Asphalt x1371,Keto Bar - Creamy Peanut Butter Chocolate,Food,2.0,1,2.0,2.0
Brunswick Sq Mall,BSQ Mall x1366 - ATT,Canada Dry - Ginger Ale,,2.75,1,2.75,2.75
EB Public Library,EB Public Library x1380,Kinder - Bueno - Crispy Creamy Chocolate,Food,2.0,1,2.0,2.0
Earle Asphalt,Earle Asphalt x1371,Seapoint Farms Dry Roasted Edamame - Wasabi,Food,2.5,1,2.5,2.5
EB Public Library,EB Public Library x1380,SunChips Multigrain - Harvest Cheddar,Food,1.5,1,1.5,1.5
GuttenPlans,GuttenPlans x1367,Doritos Spicy Nacho,,1.5,1,1.5,5.5
GuttenPlans,GuttenPlans x1367,KitKat - Crisp Wafers,Food,2.5,1,2.5,5.5
GuttenPlans,GuttenPlans x1367,Lays - Classic,Food,1.5,1,1.5,5.5
EB Public Library,EB Public Library x1380,Robert Irvine's - Fit Crunch -  Chocolate Pea,Food,2.0,1,2.0,2.0
Brunswick Sq Mall,BSQ Mall x1366 - ATT,Canada Dry - Ginger Ale,,2.75,1,2.75,4.25
Brunswick Sq Mall,BSQ Mall x1366 - ATT,CheezIt - Original,Food,1.5,1,1.5,4.25
GuttenPlans,GuttenPlans x1367,Snapple Tea - Peach,Non Carbonated,2.5,1,2.5,2.5
GuttenPlans,GuttenPlans x1367,KitKat - Crisp Wafers,Food,2.5,1,2.5,2.5
Brunswick Sq Mall,BSQ Mall x1364 - Zales,Canada Dry - Ginger Ale & Lemonde,,1.5,1,1.5,4.5
Brunswick Sq Mall,BSQ Mall x1364 - Zales,Goldfish Baked - Cheddar,Food,1.5,1,1.5,4.5
Brunswick Sq Mall,BSQ Mall x1364 - Zales,CheezIt - Original,Food,1.5,1,1.5,4.5
EB Public Library,EB Public Library x1380,Wonderful Pistachios - Variety,Food,2.0,1,2.0,3.5
EB Public Library,EB Public Library x1380,Miss Vickie's Potato Chip - Sea Salt Original,Food,1.5,1,1.5,3.5
Brunswick Sq Mall,BSQ Mall x1364 - Zales,Keto Bar - Creamy Peanut Butter Chocolate,Food,2.0,1,2.0,2.0
Brunswick Sq Mall,BSQ Mall x1364 - Zales,Snapple Diet Tea - Peach Tea,Non Carbonated,2.5,1,2.5,2.5
Brunswick Sq Mall,BSQ Mall x1364 - Zales,CheezIt - Original,Food,1.5,1,1.5,1.5
EB Public Library,EB Public Library x1380,Miss Vickie's Potato Chip - Sea Salt & Vinega,Food,1.5,1,1.5,1.5
GuttenPlans,GuttenPlans x1367,Monster Energy Original,Carbonated,3.0,1,3.0,3.0
GuttenPlans,GuttenPlans x1367,Monster Energy Original,Carbonated,3.0,1,3.0,3.0
Brunswick Sq Mall,BSQ Mall x1364 - Zales,Canada Dry - Ginger Ale & Lemonde,,1.5,1,1.5,3.0
Brunswick Sq Mall,BSQ Mall x1364 - Zales,SunChips Multigrain - Harvest Cheddar,Food,1.5,1,1.5,3.0
EB Public Library,EB Public Library x1380,Hungry Buddha - Coconut Cocoa,Food,2.0,1,2.0,2.0
Brunswick Sq Mall,BSQ Mall x1366 - ATT,Bai Antioxidant - Kupang strawberry kiwi,Non Carbonated,2.75,1,2.75,2.75
GuttenPlans,GuttenPlans x1367,Coca Cola - Regular,Carbonated,1.5,1,1.5,1.5
GuttenPlans,GuttenPlans x1367,Nutri Grain Apple Cinnamon,Food,1.5,1,1.5,1.5
GuttenPlans,GuttenPlans x1367,Sunkist Soda - Orange,Carbonated,1.5,1,1.5,1.5
EB Public Library,EB Public Library x1380,CheezIt - Cheddar Sour Cream and Onion,Food,1.25,1,1.25,1.25
EB Public Library,EB Public Library x1380,Popchips Potato - Sea Salt,Food,1.5,1,1.5,1.5
Brunswick Sq Mall,BSQ Mall x1364 - Zales,CheezIt - Original,Food,1.5,1,1.5,1.5
GuttenPlans,GuttenPlans x1367,Sunkist Soda - Orange,Carbonated,1.5,1,1.5,1.5
GuttenPlans,GuttenPlans x1367,Sunkist Soda - Orange,Carbonated,1.5,1,1.5,1.5
GuttenPlans,GuttenPlans x1367,Snapple Tea - Lemon,Non Carbonated,2.5,1,2.5,2.5
GuttenPlans,GuttenPlans x1367,Lays - Classic,Food,1.5,1,1.5,1.5
GuttenPlans,GuttenPlans x1367,Cheetos Cheddar Jalapeno,Food,1.5,1,1.5,1.5
GuttenPlans,GuttenPlans x1367,Coca Cola - Regular,Carbonated,1.5,1,1.5,1.5
GuttenPlans,GuttenPlans x1367,Snapple Tea - Lemon,Non Carbonated,2.5,1,2.5,2.5
GuttenPlans,GuttenPlans x1367,Cheetos Flaming Hot Limon Crunchy,Food,2.0,1,2.0,2.0
GuttenPlans,GuttenPlans x1367,Cheetos Flaming Hot Limon Crunchy,Food,2.0,1,2.0,2.0
EB Public Library,EB Public Library x1380,Coca Cola - Zero Sugar,Carbonated,1.5,1,1.5,4.25
EB Public Library,EB Public Library x1380,BodyArmor  LYTE - Blueberry Pomegranate,Non Carbonated,2.75,1,2.75,4.25
EB Public Library,EB Public Library x1380,Wonderful Pistachios - Variety,Food,2.0,1,2.0,2.0
EB Public Library,EB Public Library x1380,Mini Chips Ahoy - Go Paks,,4.0,1,4.0,4.0
EB Public Library,EB Public Library x1380,Oreo Mini - Go Paks,,4.0,1,4.0,4.0
EB Public Library,EB Public Library x1380,Lenny & Larrys - Chocolate Chip,Food,2.0,1,2.0,2.0
GuttenPlans,GuttenPlans x1367,Funyuns - Flaming Hot,Food,1.5,1,1.5,1.5
GuttenPlans,GuttenPlans x1367,Snapple Tea - Peach,Non Carbonated,2.5,1,2.5,2.5
Earle Asphalt,Earle Asphalt x1371,Keto Bar - Creamy Peanut Butter Chocolate,Food,2.0,1,2.0,2.0
GuttenPlans,GuttenPlans x1367,Nature's Bakery Fig Bar - Raspberry,Food,1.5,1,1.5,1.5
EB Public Library,EB Public Library x1380,Kinder - Bueno - Crispy Creamy Chocolate,Food,2.0,1,2.0,2.0
EB Public Library,EB Public Library x1380,Autumns Granola Bar - Cinnamon Almond,Food,2.0,1,2.0,2.0
EB Public Library,EB Public Library x1380,Coca Cola - Zero Sugar,Carbonated,1.5,1,1.5,1.5
GuttenPlans,GuttenPlans x1367,Snapple Tea - Peach,Non Carbonated,2.5,1,2.5,2.5
GuttenPlans,GuttenPlans x1367,Cheetos Flaming Hot Limon Crunchy,Food,2.0,1,2.0,2.0
EB Public Library,EB Public Library x1380,Pringles - Sour Cream & Onion,Food,4.0,1,4.0,4.0
EB Public Library,EB Public Library x1380,Goldfish Baked - Cheddar,Food,1.25,1,1.25,1.25
EB Public Library,EB Public Library x1380,Robert Irvine's - Fit Crunch -  Chocolate Pea,Food,2.0,1,2.0,2.0
EB Public Library,EB Public Library x1380,Popchips Potato - Sea Salt,Food,1.5,1,1.5,1.5
EB Public Library,EB Public Library x1380,CheezIt - White Cheddar,Food,1.25,1,1.25,1.25
Earle Asphalt,Earle Asphalt x1371,Pop Corners - Sea Salt,Food,1.5,1,1.5,1.5
GuttenPlans,GuttenPlans x1367,Snapple Tea - Lemon,Non Carbonated,2.5,1,2.5,2.5
GuttenPlans,GuttenPlans x1367,Doritos Spicy Nacho,,1.5,1,1.5,1.5
GuttenPlans,GuttenPlans x1367,Doritos Spicy Nacho,,1.5,1,1.5,1.5
EB Public Library,EB Public Library x1380,CheezIt - Cheddar Sour Cream and Onion,Food,1.25,1,1.25,1.25
GuttenPlans,GuttenPlans x1367,Nature's Bakery Fig Bar - Blueberry,Food,1.5,1,1.5,1.5
GuttenPlans,GuttenPlans x1367,Cheetos - Fleming Hot Crunchy,Food,2.0,1,2.0,2.0
GuttenPlans,GuttenPlans x1367,Snapple Tea - Peach,Non Carbonated,2.5,1,2.5,2.5
EB Public Library,EB Public Library x1380,Wonderful Pistachios - Variety,Food,2.0,1,2.0,2.0
Brunswick Sq Mall,BSQ Mall x1364 - Zales,CheezIt - Original,Food,1.5,1,1.5,1.5
GuttenPlans,GuttenPlans x1367,Snapple Tea - Peach,Non Carbonated,2.5,1,2.5,2.5
GuttenPlans,GuttenPlans x1367,Cheetos Flaming Hot Limon Crunchy,Food,2.0,1,2.0,2.0
GuttenPlans,GuttenPlans x1367,Funyuns - Flaming Hot,Food,1.5,1,1.5,1.5
GuttenPlans,GuttenPlans x1367,Snapple Tea - Peach,Non Carbonated,2.5,1,2.5,2.5
GuttenPlans,GuttenPlans x1367,KitKat - Crisp Wafers,Food,2.5,1,2.5,2.5
EB Public Library,EB Public Library x1380,Teddy Grahams - Go Paks,,3.0,1,3.0,3.0
EB Public Library,EB Public Library x1380,Belvita Snack Bites - Cinnamon BS Go Paks,Food,3.0,1,3.0,3.0
GuttenPlans,GuttenPlans x1367,Snapple Tea - Peach,Non Carbonated,2.5,1,2.5,2.5
EB Public Library,EB Public Library x1380,Snyder's of Hanover Pretzel Pieces - Cheddar,Food,2.5,1,2.5,2.5
Brunswick Sq Mall,BSQ Mall x1364 - Zales,Goldfish Baked - Cheddar,Food,1.5,1,1.5,1.5
EB Public Library,EB Public Library x1380,Kinder - Bueno - Crispy Creamy Chocolate,Food,2.0,1,2.0,2.0
EB Public Library,EB Public Library x1380,Coca Cola - Zero Sugar,Carbonated,1.5,1,1.5,1.5
Brunswick Sq Mall,BSQ Mall x1366 - ATT,Oreo Mini,Food,1.5,1,1.5,1.5
Brunswick Sq Mall,BSQ Mall x1364 - Zales,Coca Cola - Zero Sugar,Carbonated,1.5,1,1.5,1.5
Brunswick Sq Mall,BSQ Mall x1364 - Zales,Pop Corners - Sea Salt,Food,1.5,1,1.5,1.5
Brunswick Sq Mall,BSQ Mall x1364 - Zales,Canada Dry - Ginger Ale & Lemonde,,1.5,2,3.0,4.5
Brunswick Sq Mall,BSQ Mall x1364 - Zales,SunChips Multigrain - Harvest Cheddar,Food,1.5,1,1.5,4.5
Brunswick Sq Mall,BSQ Mall x1364 - Zales,Monster Energy Original,Carbonated,3.0,1,3.0,3.0
EB Public Library,EB Public Library x1380,Iberia Coconut Water,Non Carbonated,2.0,1,2.0,2.0
GuttenPlans,GuttenPlans x1367,Snapple Tea - Lemon,Non Carbonated,2.5,1,2.5,2.5
Brunswick Sq Mall,BSQ Mall x1364 - Zales,Poland Springs Water,Water,1.5,1,1.5,1.5
Brunswick Sq Mall,BSQ Mall x1366 - ATT,Snapple Tea - Lemon,Non Carbonated,2.5,1,2.5,2.5
GuttenPlans,GuttenPlans x1367,Snapple Tea - Lemon,Non Carbonated,2.5,1,2.5,2.5
GuttenPlans,GuttenPlans x1367,Nutri Grain Apple Cinnamon,Food,1.5,1,1.5,1.5
GuttenPlans,GuttenPlans x1367,Snapple Tea - Lemon,Non Carbonated,2.5,1,2.5,2.5
GuttenPlans,GuttenPlans x1367,Snapple Tea - Lemon,Non Carbonated,2.5,1,2.5,2.5
GuttenPlans,GuttenPlans x1367,Snapple Tea - Lemon,Non Carbonated,2.5,1,2.5,2.5
Earle Asphalt,Earle Asphalt x1371,Goldfish Baked - Cheddar,Food,1.25,1,1.25,1.25
EB Public Library,EB Public Library x1380,SunChips Multigrain - Harvest Cheddar,Food,1.5,1,1.5,1.5
EB Public Library,EB Public Library x1380,Lenny & Larrys - Chocolate Chip,Food,2.5,1,2.5,6.0
EB Public Library,EB Public Library x1380,Starbucks Doubleshot Energy - Mocha,Non Carbonated,3.5,1,3.5,6.0
EB Public Library,EB Public Library x1380,Wonderful Pistachios - Variety,Food,2.0,1,2.0,4.0
EB Public Library,EB Public Library x1380,Zone Perfect - Chocolate Chip Cookie Dough,Food,2.0,1,2.0,4.0
Brunswick Sq Mall,BSQ Mall x1366 - ATT,Canada Dry - Ginger Ale,,2.0,1,2.0,2.0
Brunswick Sq Mall,BSQ Mall x1366 - ATT,Canada Dry - Ginger Ale & Lemonde,,1.5,1,1.5,1.5
EB Public Library,EB Public Library x1380,Coca Cola - Zero Sugar,Carbonated,1.5,1,1.5,1.5
Brunswick Sq Mall,BSQ Mall x1366 - ATT,Poland Springs Water,Water,2.0,1,2.0,2.0
EB Public Library,EB Public Library x1380,Wonderful Pistachios - Variety,Food,2.0,1,2.0,2.0
Brunswick Sq Mall,BSQ Mall x1366 - ATT,Poland Springs Water,Water,2.0,1,2.0,2.0
Brunswick Sq Mall,BSQ Mall x1364 - Zales,BodyArmor LYTE  - Peach Mango,Water,2.75,1,2.75,2.75
Brunswick Sq Mall,BSQ Mall x1364 - Zales,Coca Cola - Zero Sugar,Carbonated,1.5,1,1.5,1.5
Brunswick Sq Mall,BSQ Mall x1364 - Zales,KitKat - Crisp Wafers,Food,2.0,1,2.0,2.0
Brunswick Sq Mall,BSQ Mall x1366 - ATT,Snapple Tea - Lemon,Non Carbonated,2.5,1,2.5,2.5
Brunswick Sq Mall,BSQ Mall x1366 - ATT,Poland Springs Water,Water,2.0,1,2.0,2.0
Brunswick Sq Mall,BSQ Mall x1366 - ATT,Oreo Mini,Food,1.5,1,1.5,1.5
GuttenPlans,GuttenPlans x1367,Nature's Bakery Fig Bar - Blueberry,Food,1.5,1,1.5,1.5
Brunswick Sq Mall,BSQ Mall x1364 - Zales,Canada Dry - Ginger Ale & Lemonde,,1.5,1,1.5,3.0
Brunswick Sq Mall,BSQ Mall x1364 - Zales,SunChips Multigrain - Harvest Cheddar,Food,1.5,1,1.5,3.0
GuttenPlans,GuttenPlans x1367,Cheetos - Fleming Hot Crunchy,Food,1.5,1,1.5,1.5
GuttenPlans,GuttenPlans x1367,Nature's Bakery Fig Bar - Raspberry,Food,1.5,1,1.5,1.5
GuttenPlans,GuttenPlans x1367,Cheetos - Fleming Hot Crunchy,Food,2.0,1,2.0,2.0
Earle Asphalt,Earle Asphalt x1371,Robert Irvine's - Fit Crunch -  Chocolate Pea,Food,2.0,1,2.0,2.0
EB Public Library,EB Public Library x1380,Goldfish Baked - Cheddar,Food,1.25,1,1.25,1.25
EB Public Library,EB Public Library x1380,Autumns Granola Bar - Cinnamon Almond,Food,2.0,2,4.0,4.0
EB Public Library,EB Public Library x1380,Coca Cola - Zero Sugar,Carbonated,1.5,1,1.5,4.5
EB Public Library,EB Public Library x1380,Starbucks Refresher - Real Coconut Water,Carbonated,3.0,1,3.0,4.5
EB Public Library,EB Public Library x1380,Coca Cola - Zero Sugar,Carbonated,1.5,1,1.5,1.5
GuttenPlans,GuttenPlans x1367,KitKat - Crisp Wafers,Food,2.5,1,2.5,2.5
GuttenPlans,GuttenPlans x1367,Cheetos - Fleming Hot Crunchy,Food,2.0,1,2.0,2.0
GuttenPlans,GuttenPlans x1367,KitKat - Crisp Wafers,Food,2.5,1,2.5,2.5
EB Public Library,EB Public Library x1380,Iberia Coconut Water,Non Carbonated,2.0,1,2.0,2.0
EB Public Library,EB Public Library x1380,BodyArmor  LYTE - Blueberry Pomegranate,Non Carbonated,2.75,1,2.75,2.75
GuttenPlans,GuttenPlans x1367,Cheetos Flaming Hot Limon Crunchy,Food,2.0,1,2.0,2.0
Brunswick Sq Mall,BSQ Mall x1366 - ATT,Poland Springs Water,Water,2.0,1,2.0,2.0
EB Public Library,EB Public Library x1380,Goldfish Baked - Cheddar,Food,1.25,1,1.25,1.25
EB Public Library,EB Public Library x1380,Snapple Diet Tea - Peach Tea,Non Carbonated,2.5,1,2.5,2.5
EB Public Library,EB Public Library x1380,Goldfish Baked - Cheddar,Food,1.25,1,1.25,1.25
Earle Asphalt,Earle Asphalt x1371,Keto Bar - Creamy Peanut Butter Chocolate,Food,2.0,1,2.0,2.0
Brunswick Sq Mall,BSQ Mall x1366 - ATT,Pop Corners - Sea Salt,Food,1.5,1,1.5,1.5
Earle Asphalt,Earle Asphalt x1371,Miss Vickie's Potato Chip - Jalapeno,Food,1.5,1,1.5,1.5
Brunswick Sq Mall,BSQ Mall x1366 - ATT,Belvita Breakfast Biscuit Bites - Blueberry,Food,1.5,1,1.5,1.5
Brunswick Sq Mall,BSQ Mall x1366 - ATT,Oreo Mini,Food,1.5,1,1.5,1.5
EB Public Library,EB Public Library x1380,Goldfish Baked - Cheddar,Food,1.25,1,1.25,1.25
EB Public Library,EB Public Library x1380,Goldfish Baked - Cheddar,Food,1.25,1,1.25,1.25
EB Public Library,EB Public Library x1380,Kinder - Bueno - Crispy Creamy Chocolate,Food,2.0,1,2.0,2.0
Brunswick Sq Mall,BSQ Mall x1364 - Zales,Monster Energy Original,Carbonated,3.0,1,3.0,3.0
Brunswick Sq Mall,BSQ Mall x1364 - Zales,Poland Springs Water,Water,1.5,1,1.5,1.5
EB Public Library,EB Public Library x1380,Miss Vickie's Potato Chip - Sea Salt Original,Food,1.5,1,1.5,1.5
EB Public Library,EB Public Library x1380,Poland Springs Water,Water,1.5,1,1.5,1.5
GuttenPlans,GuttenPlans x1367,Cheetos Cheddar Jalapeno,Food,1.5,1,1.5,1.5
GuttenPlans,GuttenPlans x1367,KitKat - Crisp Wafers,Food,2.5,1,2.5,2.5
Brunswick Sq Mall,BSQ Mall x1364 - Zales,Poland Springs Water,Water,1.5,2,3.0,3.0
EB Public Library,EB Public Library x1380,CheezIt - Cheddar Sour Cream and Onion,Food,1.25,1,1.25,1.25
GuttenPlans,GuttenPlans x1367,Cheetos Cheddar Jalapeno,Food,1.5,1,1.5,1.5
GuttenPlans,GuttenPlans x1367,Doritos Spicy Nacho,,1.5,1,1.5,1.5
EB Public Library,EB Public Library x1380,BodyArmor LYTE - Strawberry Lemonade,Water,2.75,1,2.75,2.75
GuttenPlans,GuttenPlans x1367,Monster Energy Original,Carbonated,3.0,1,3.0,3.0
GuttenPlans,GuttenPlans x1367,Sunkist Soda - Orange,Carbonated,1.5,1,1.5,1.5
EB Public Library,EB Public Library x1380,Ice Breakers Ice Cubes - PepperMint,Food,5.0,1,5.0,5.0
GuttenPlans,GuttenPlans x1367,Coca Cola - Regular,Carbonated,1.5,1,1.5,1.5
GuttenPlans,GuttenPlans x1367,Doritos Nacho Cheese,Food,1.5,1,1.5,1.5
GuttenPlans,GuttenPlans x1367,Coca Cola - Regular,Carbonated,1.5,1,1.5,1.5
GuttenPlans,GuttenPlans x1367,Coca Cola - Regular,Carbonated,1.5,1,1.5,1.5
GuttenPlans,GuttenPlans x1367,Doritos Nacho Cheese,Food,1.5,1,1.5,1.5
GuttenPlans,GuttenPlans x1367,Coca Cola - Regular,Carbonated,1.5,1,1.5,1.5
GuttenPlans,GuttenPlans x1367,Sunkist Soda - Orange,Carbonated,1.5,1,1.5,1.5
GuttenPlans,GuttenPlans x1367,Nature's Bakery Fig Bar - Blueberry,Food,1.5,1,1.5,1.5
GuttenPlans,GuttenPlans x1367,Nature's Bakery Fig Bar - Blueberry,Food,1.5,1,1.5,1.5
GuttenPlans,GuttenPlans x1367,Ruffles Baked  - Cheddar & Sour Cream,Food,1.5,2,3.0,3.0
GuttenPlans,GuttenPlans x1367,Snapple Tea - Lemon,Non Carbonated,2.5,1,2.5,2.5
Brunswick Sq Mall,BSQ Mall x1366 - ATT,Popchips Potato - Barbeque,Food,1.5,1,1.5,1.5
GuttenPlans,GuttenPlans x1367,Monster Energy Original,Carbonated,3.0,1,3.0,3.0
EB Public Library,EB Public Library x1380,Coca Cola - Zero Sugar,Carbonated,1.5,1,1.5,1.5
GuttenPlans,GuttenPlans x1367,Coca Cola - Regular,Carbonated,1.5,1,1.5,1.5
EB Public Library,EB Public Library x1380,Zone Perfect - Chocolate Chip Cookie Dough,Food,2.0,1,2.0,2.0
Brunswick Sq Mall,BSQ Mall x1364 - Zales,Miss Vickie's Potato Chip - Lime & Cracked Pe,Food,1.5,1,1.5,2.75
Brunswick Sq Mall,BSQ Mall x1364 - Zales,Miss Vickie's Potato Chip - Smokehouse BBQ,Food,1.25,1,1.25,2.75
Earle Asphalt,Earle Asphalt x1371,Miss Vickie's Potato Chip - Jalapeno,Food,1.5,1,1.5,1.5
GuttenPlans,GuttenPlans x1367,Cheetos - Fleming Hot Crunchy,Food,1.5,1,1.5,1.5
EB Public Library,EB Public Library x1380,Poland Springs Water,Water,1.5,1,1.5,1.5
EB Public Library,EB Public Library x1380,CheezIt - White Cheddar,Food,1.25,1,1.25,1.25
EB Public Library,EB Public Library x1380,CheezIt - Cheddar Sour Cream and Onion,Food,1.25,1,1.25,1.25
EB Public Library,EB Public Library x1380,CheezIt - Cheddar Sour Cream and Onion,Food,1.25,1,1.25,1.25
Earle Asphalt,Earle Asphalt x1371,Keto Bar - Creamy Peanut Butter Chocolate,Food,2.0,1,2.0,2.0
GuttenPlans,GuttenPlans x1367,KitKat - Crisp Wafers,Food,2.5,1,2.5,4.0
GuttenPlans,GuttenPlans x1367,Nature's Bakery Fig Bar - Blueberry,Food,1.5,1,1.5,4.0
GuttenPlans,GuttenPlans x1367,Monster Energy Original,Carbonated,3.0,1,3.0,3.0
EB Public Library,EB Public Library x1380,Kinder - Bueno - Crispy Creamy Chocolate,Food,2.0,1,2.0,2.0
GuttenPlans,GuttenPlans x1367,Monster Energy Original,Carbonated,3.0,1,3.0,3.0
EB Public Library,EB Public Library x1380,SunChips Multigrain - Salsa,Food,1.5,1,1.5,1.5
Earle Asphalt,Earle Asphalt x1371,Pop Corners - Sea Salt,Food,1.5,1,1.5,1.5
Brunswick Sq Mall,BSQ Mall x1364 - Zales,Poland Springs Water,Water,1.5,1,1.5,1.5
EB Public Library,EB Public Library x1380,Coca Cola - Zero Sugar,Carbonated,1.5,1,1.5,1.5
Brunswick Sq Mall,BSQ Mall x1364 - Zales,Poland Springs Water,Water,1.5,1,1.5,1.5
Brunswick Sq Mall,BSQ Mall x1364 - Zales,Coca Cola - Zero Sugar,Carbonated,1.5,1,1.5,1.5
GuttenPlans,GuttenPlans x1367,Nature's Bakery Fig Bar - Blueberry,Food,1.5,1,1.5,1.5
EB Public Library,EB Public Library x1380,Goldfish Baked - Cheddar,Food,1.25,1,1.25,1.25
EB Public Library,EB Public Library x1380,Belvita Snack Bites - Cinnamon BS Go Paks,Food,3.0,1,3.0,3.0
Brunswick Sq Mall,BSQ Mall x1364 - Zales,Monster Energy Original,Carbonated,3.0,1,3.0,3.0
GuttenPlans,GuttenPlans x1367,Coca Cola - Regular,Carbonated,1.5,1,1.5,1.5
GuttenPlans,GuttenPlans x1367,Sunkist Soda - Orange,Carbonated,1.5,1,1.5,1.5
Brunswick Sq Mall,BSQ Mall x1366 - ATT,Poland Springs Water,Water,2.0,1,2.0,2.0
Brunswick Sq Mall,BSQ Mall x1364 - Zales,Poland Springs Water,Water,1.5,2,3.0,3.0
Brunswick Sq Mall,BSQ Mall x1364 - Zales,BodyArmor LYTE  - Peach Mango,Water,2.75,1,2.75,2.75
GuttenPlans,GuttenPlans x1367,Sunkist Soda - Orange,Carbonated,1.5,1,1.5,1.5
GuttenPlans,GuttenPlans x1367,Doritos Nacho Cheese,Food,1.5,1,1.5,1.5
GuttenPlans,GuttenPlans x1367,Snapple Tea - Lemon,Non Carbonated,2.5,1,2.5,2.5
GuttenPlans,GuttenPlans x1367,Cheetos - Crunchy,Food,1.5,1,1.5,1.5
GuttenPlans,GuttenPlans x1367,Monster Energy Original,Carbonated,3.0,1,3.0,3.0
GuttenPlans,GuttenPlans x1367,Chesters Fries Flaming hot,Food,1.5,1,1.5,1.5
GuttenPlans,GuttenPlans x1367,Monster Energy Original,Carbonated,3.0,1,3.0,3.0
GuttenPlans,GuttenPlans x1367,Coca Cola - Regular,Carbonated,1.5,1,1.5,1.5
GuttenPlans,GuttenPlans x1367,Fritos - Original,Food,1.5,1,1.5,4.0
GuttenPlans,GuttenPlans x1367,Snapple Tea - Peach,Non Carbonated,2.5,1,2.5,4.0
Brunswick Sq Mall,BSQ Mall x1366 - ATT,Oreo Mini,Food,1.5,1,1.5,1.5
EB Public Library,EB Public Library x1380,SunChips Multigrain - Salsa,Food,1.5,1,1.5,1.5
Brunswick Sq Mall,BSQ Mall x1364 - Zales,Iberia Coconut Water,Non Carbonated,2.0,1,2.0,2.0
EB Public Library,EB Public Library x1380,SunChips Multigrain - Salsa,Food,1.5,1,1.5,1.5
Earle Asphalt,Earle Asphalt x1371,Keto Bar - Creamy Peanut Butter Chocolate,Food,2.0,1,2.0,2.0
GuttenPlans,GuttenPlans x1367,Coca Cola - Regular,Carbonated,1.5,1,1.5,1.5
EB Public Library,EB Public Library x1380,Goldfish Baked - Cheddar,Food,1.25,1,1.25,1.25
EB Public Library,EB Public Library x1380,Seapoint Farms Dry Roasted Edamame - Wasabi,Food,2.5,1,2.5,2.5
GuttenPlans,GuttenPlans x1367,Doritos Nacho Cheese,Food,1.5,1,1.5,1.5
GuttenPlans,GuttenPlans x1367,KitKat - Crisp Wafers,Food,2.5,1,2.5,2.5
GuttenPlans,GuttenPlans x1367,Cheetos - Fleming Hot Crunchy,Food,2.0,1,2.0,2.0
GuttenPlans,GuttenPlans x1367,Monster Energy Original,Carbonated,3.0,1,3.0,3.0
GuttenPlans,GuttenPlans x1367,Doritos Cool Ranch,Food,1.5,2,3.0,4.5
GuttenPlans,GuttenPlans x1367,Doritos Nacho Cheese,Food,1.5,1,1.5,4.5
EB Public Library,EB Public Library x1380,BodyArmor LYTE - Strawberry Lemonade,Water,2.75,1,2.75,2.75
EB Public Library,EB Public Library x1380,Coca Cola - Zero Sugar,Carbonated,1.5,1,1.5,1.5
EB Public Library,EB Public Library x1380,Goldfish Baked - Cheddar,Food,1.25,1,1.25,1.25
EB Public Library,EB Public Library x1380,Zone Perfect - Chocolate Chip Cookie Dough,Food,2.0,1,2.0,2.0
Brunswick Sq Mall,BSQ Mall x1364 - Zales,Poland Springs Water,Water,1.5,1,1.5,1.5
Brunswick Sq Mall,BSQ Mall x1364 - Zales,Goldfish Baked - Cheddar,Food,1.5,1,1.5,1.5
EB Public Library,EB Public Library x1380,Coca Cola - Zero Sugar,Carbonated,1.5,1,1.5,1.5
EB Public Library,EB Public Library x1380,Coca Cola - Zero Sugar,Carbonated,1.5,1,1.5,1.5
EB Public Library,EB Public Library x1380,Poland Springs Water,Water,1.5,1,1.5,1.5
GuttenPlans,GuttenPlans x1367,Red Bull - Original,Carbonated,3.5,1,3.5,3.5
Brunswick Sq Mall,BSQ Mall x1364 - Zales,Monster Energy Original,Carbonated,3.0,1,3.0,3.0
EB Public Library,EB Public Library x1380,Poland Springs Water,Water,1.5,1,1.5,1.5
GuttenPlans,GuttenPlans x1367,Monster Energy Original,Carbonated,3.0,1,3.0,3.0
EB Public Library,EB Public Library x1380,Goldfish Baked - Cheddar,Food,1.25,1,1.25,1.25
EB Public Library,EB Public Library x1380,Coca Cola - Zero Sugar,Carbonated,1.5,1,1.5,1.5
EB Public Library,EB Public Library x1380,Miss Vickie's Potato Chip - Sea Salt Original,Food,1.5,1,1.5,1.5
EB Public Library,EB Public Library x1380,Snyder's of Hanover Pretzel Pieces - Hot Buff,Food,2.5,1,2.5,2.5
EB Public Library,EB Public Library x1380,Kinder - Bueno - Crispy Creamy Chocolate,Food,2.0,1,2.0,2.0
EB Public Library,EB Public Library x1380,Teddy Grahams - Go Paks,,3.0,1,3.0,3.0
Earle Asphalt,Earle Asphalt x1371,Newtons Fig Bar,Food,1.5,1,1.5,1.5
EB Public Library,EB Public Library x1380,Teddy Grahams - Go Paks,,3.0,1,3.0,3.0
GuttenPlans,GuttenPlans x1367,Monster Energy Original,Carbonated,3.0,1,3.0,3.0
Brunswick Sq Mall,BSQ Mall x1364 - Zales,CheezIt - Original,Food,1.5,1,1.5,1.5
EB Public Library,EB Public Library x1380,BodyArmor LYTE - Strawberry Lemonade,Water,2.75,1,2.75,2.75
EB Public Library,EB Public Library x1380,Goldfish Baked - Cheddar,Food,1.25,1,1.25,1.25
EB Public Library,EB Public Library x1380,CheezIt - Cheddar Sour Cream and Onion,Food,1.25,1,1.25,1.25
Brunswick Sq Mall,BSQ Mall x1366 - ATT,Vitamin Water - XXX Acai BB Pomegranate,Water,2.75,1,2.75,2.75
GuttenPlans,GuttenPlans x1367,Funyuns - Flaming Hot,Food,1.5,1,1.5,1.5
GuttenPlans,GuttenPlans x1367,Funyuns - Flaming Hot,Food,1.5,1,1.5,1.5
EB Public Library,EB Public Library x1380,CheezIt - Cheddar Sour Cream and Onion,Food,1.25,1,1.25,1.25
GuttenPlans,GuttenPlans x1367,Coca Cola - Regular,Carbonated,1.5,1,1.5,1.5
GuttenPlans,GuttenPlans x1367,Sunkist Soda - Orange,Carbonated,1.5,1,1.5,1.5
GuttenPlans,GuttenPlans x1367,Chesters Fries Flaming hot,Food,2.0,1,2.0,2.0
GuttenPlans,GuttenPlans x1367,Coca Cola - Regular,Carbonated,1.5,1,1.5,1.5
GuttenPlans,GuttenPlans x1367,Coca Cola - Regular,Carbonated,1.5,1,1.5,1.5
GuttenPlans,GuttenPlans x1367,Jack Links Beef Steak Original,Food,1.5,1,1.5,1.5
GuttenPlans,GuttenPlans x1367,KitKat - Crisp Wafers,Food,2.5,1,2.5,2.5
GuttenPlans,GuttenPlans x1367,Chesters Fries Flaming hot,Food,1.5,1,1.5,1.5
GuttenPlans,GuttenPlans x1367,KitKat - Crisp Wafers,Food,2.5,1,2.5,2.5
GuttenPlans,GuttenPlans x1367,KitKat - Crisp Wafers,Food,2.5,1,2.5,2.5
GuttenPlans,GuttenPlans x1367,Red Bull - Original,Carbonated,3.5,1,3.5,3.5
GuttenPlans,GuttenPlans x1367,Chesters Fries Flaming hot,Food,1.5,1,1.5,1.5
Brunswick Sq Mall,BSQ Mall x1364 - Zales,Coca Cola - Zero Sugar,Carbonated,1.5,1,1.5,1.5
EB Public Library,EB Public Library x1380,Coca Cola - Zero Sugar,Carbonated,1.5,1,1.5,1.5
GuttenPlans,GuttenPlans x1367,Doritos Nacho Cheese,Food,1.5,1,1.5,1.5
EB Public Library,EB Public Library x1380,Starbucks Doubleshot Energy - Mocha,Non Carbonated,3.5,1,3.5,3.5
EB Public Library,EB Public Library x1380,Oreo Mini - Go Paks,,3.0,1,3.0,3.0
GuttenPlans,GuttenPlans x1367,Doritos Nacho Cheese,Food,1.5,1,1.5,4.5
GuttenPlans,GuttenPlans x1367,Doritos Cool Ranch,Food,1.5,1,1.5,4.5
GuttenPlans,GuttenPlans x1367,Jack Links Beef Steak Original,Food,1.5,1,1.5,4.5
EB Public Library,EB Public Library x1380,Poland Springs Water,Water,1.5,1,1.5,1.5
EB Public Library,EB Public Library x1380,Starbucks Doubleshot Energy - Mocha,Non Carbonated,3.5,1,3.5,3.5
EB Public Library,EB Public Library x1380,Autumns Granola Bar - Cinnamon Almond,Food,2.0,1,2.0,2.0
EB Public Library,EB Public Library x1380,Poland Springs Water,Water,1.5,1,1.5,1.5
EB Public Library,EB Public Library x1380,SunChips Multigrain - Harvest Cheddar,Food,1.5,1,1.5,1.5
EB Public Library,EB Public Library x1380,Kinder - Bueno - Crispy Creamy Chocolate,Food,2.0,1,2.0,2.0
EB Public Library,EB Public Library x1380,Coca Cola - Zero Sugar,Carbonated,1.5,1,1.5,1.5
Earle Asphalt,Earle Asphalt x1371,Keto Bar - Creamy Peanut Butter Chocolate,Food,2.0,1,2.0,2.0
Brunswick Sq Mall,BSQ Mall x1364 - Zales,SunChips Multigrain - Original,Food,1.5,1,1.5,1.5
Brunswick Sq Mall,BSQ Mall x1364 - Zales,SunChips Multigrain - Original,Food,1.5,1,1.5,1.5
Brunswick Sq Mall,BSQ Mall x1364 - Zales,Miss Vickie's Potato Chip - Smokehouse BBQ,Food,1.25,1,1.25,1.25
Brunswick Sq Mall,BSQ Mall x1364 - Zales,Monster Energy Original,Carbonated,3.0,1,3.0,3.0
Brunswick Sq Mall,BSQ Mall x1364 - Zales,Snapple Diet Tea - Peach Tea,Non Carbonated,2.5,1,2.5,2.5
EB Public Library,EB Public Library x1380,Poland Springs Water,Water,1.5,1,1.5,1.5
EB Public Library,EB Public Library x1380,Poland Springs Water,Water,1.5,1,1.5,1.5
GuttenPlans,GuttenPlans x1367,Coca Cola - Regular,Carbonated,1.5,1,1.5,1.5
GuttenPlans,GuttenPlans x1367,Red Bull - Original,Carbonated,3.5,1,3.5,3.5
EB Public Library,EB Public Library x1380,Pringles - Sour Cream & Onion,Food,4.0,1,4.0,4.0
EB Public Library,EB Public Library x1380,Goldfish Baked - Cheddar,Food,1.25,1,1.25,1.25
EB Public Library,EB Public Library x1380,BodyArmor LYTE - Strawberry Lemonade,Water,2.75,1,2.75,2.75
EB Public Library,EB Public Library x1380,Kinder - Bueno - Crispy Creamy Chocolate,Food,2.0,1,2.0,2.0
EB Public Library,EB Public Library x1380,BodyArmor  LYTE - Blueberry Pomegranate,Non Carbonated,2.75,1,2.75,2.75
EB Public Library,EB Public Library x1380,Snyder's of Hanover Pretzel Pieces - Hot Buff,Food,2.5,1,2.5,2.5
EB Public Library,EB Public Library x1380,Snyder's of Hanover Pretzel Pieces - Hot Buff,Food,2.5,1,2.5,2.5
GuttenPlans,GuttenPlans x1367,KitKat - Crisp Wafers,Food,2.5,1,2.5,5.0
GuttenPlans,GuttenPlans x1367,Snapple Tea - Raspberry,Non Carbonated,2.5,1,2.5,5.0
EB Public Library,EB Public Library x1380,Teddy Grahams - Go Paks,,3.0,1,3.0,3.0
EB Public Library,EB Public Library x1380,SunChips Multigrain - Salsa,Food,1.5,1,1.5,1.5
GuttenPlans,GuttenPlans x1367,Monster Energy Original,Carbonated,3.0,1,3.0,3.0
GuttenPlans,GuttenPlans x1367,Red Bull - Original,Carbonated,3.5,1,3.5,3.5
GuttenPlans,GuttenPlans x1367,Red Bull - Original,Carbonated,3.5,1,3.5,3.5
GuttenPlans,GuttenPlans x1367,Snapple Tea - Peach,Non Carbonated,2.5,1,2.5,2.5
Brunswick Sq Mall,BSQ Mall x1366 - ATT,Poland Springs Water,Water,2.0,1,2.0,2.0
Earle Asphalt,Earle Asphalt x1371,Hungry Buddha - Chocolate Chip,Food,2.0,1,2.0,2.0
EB Public Library,EB Public Library x1380,Coca Cola - Zero Sugar,Carbonated,1.5,1,1.5,1.5
EB Public Library,EB Public Library x1380,Snapple Diet Tea - Peach Tea,Non Carbonated,2.5,1,2.5,2.5
GuttenPlans,GuttenPlans x1367,Snapple Tea - Peach,Non Carbonated,2.5,1,2.5,2.5
EB Public Library,EB Public Library x1380,Poland Springs Water,Water,1.5,1,1.5,1.5
EB Public Library,EB Public Library x1380,Coca Cola - Zero Sugar,Carbonated,1.5,1,1.5,1.5
EB Public Library,EB Public Library x1380,Iberia Coconut Water,Non Carbonated,2.0,1,2.0,2.0
EB Public Library,EB Public Library x1380,Snapple Diet Tea - Peach Tea,Non Carbonated,2.5,1,2.5,2.5
EB Public Library,EB Public Library x1380,SunChips Multigrain - Salsa,Food,1.5,1,1.5,1.5
EB Public Library,EB Public Library x1380,Snapple Diet Tea - Peach Tea,Non Carbonated,2.5,1,2.5,2.5
EB Public Library,EB Public Library x1380,Kinder - Bueno - Crispy Creamy Chocolate,Food,2.0,1,2.0,2.0
Brunswick Sq Mall,BSQ Mall x1366 - ATT,Vitamin Water - XXX Acai BB Pomegranate,Water,2.75,1,2.75,2.75
Brunswick Sq Mall,BSQ Mall x1366 - ATT,CheezIt - Original,Food,1.25,1,1.25,1.25
GuttenPlans,GuttenPlans x1367,Nature's Bakery Fig Bar - Raspberry,Food,1.5,1,1.5,1.5
EB Public Library,EB Public Library x1380,SunChips Multigrain - Salsa,Food,1.5,1,1.5,1.5
EB Public Library,EB Public Library x1380,Snapple Diet Tea - Peach Tea,Non Carbonated,2.5,1,2.5,2.5
GuttenPlans,GuttenPlans x1367,Funyuns - Flaming Hot,Food,1.5,1,1.5,1.5
EB Public Library,EB Public Library x1380,Kinder - Bueno - Crispy Creamy Chocolate,Food,2.0,1,2.0,2.0
GuttenPlans,GuttenPlans x1367,Chesters Fries Flaming hot,Food,2.0,1,2.0,2.0
GuttenPlans,GuttenPlans x1367,Ruffles Baked  - Cheddar & Sour Cream,Food,1.5,1,1.5,1.5
GuttenPlans,GuttenPlans x1367,Ruffles Baked  - Cheddar & Sour Cream,Food,1.5,1,1.5,1.5
GuttenPlans,GuttenPlans x1367,Coca Cola - Regular,Carbonated,1.5,1,1.5,1.5
GuttenPlans,GuttenPlans x1367,Cheetos - Crunchy,Food,1.5,1,1.5,1.5
GuttenPlans,GuttenPlans x1367,Red Bull - Original,Carbonated,3.5,1,3.5,3.5
GuttenPlans,GuttenPlans x1367,Coca Cola - Regular,Carbonated,1.5,1,1.5,1.5
EB Public Library,EB Public Library x1380,SunChips Multigrain - Salsa,Food,1.5,1,1.5,1.5
EB Public Library,EB Public Library x1380,Popchips Potato - Sea Salt,Food,1.5,1,1.5,3.5
EB Public Library,EB Public Library x1380,Zone Perfect - Chocolate Chip Cookie Dough,Food,2.0,1,2.0,3.5
Earle Asphalt,Earle Asphalt x1371,Robert Irvine's - Fit Crunch -  Chocolate Pea,Food,2.0,1,2.0,2.0
Earle Asphalt,Earle Asphalt x1371,Keto Bar - Creamy Peanut Butter Chocolate,Food,2.0,1,2.0,2.0
Earle Asphalt,Earle Asphalt x1371,Coca Cola - Zero Sugar,Carbonated,1.5,1,1.5,1.5
Brunswick Sq Mall,BSQ Mall x1366 - ATT,Canada Dry - Ginger Ale & Lemonde,,1.5,1,1.5,1.5
Brunswick Sq Mall,BSQ Mall x1364 - Zales,Monster Energy Original,Carbonated,3.0,1,3.0,3.0
Brunswick Sq Mall,BSQ Mall x1366 - ATT,Canada Dry - Ginger Ale & Lemonde,,1.5,1,1.5,1.5
Brunswick Sq Mall,BSQ Mall x1364 - Zales,Coca Cola - Zero Sugar,Carbonated,1.5,1,1.5,1.5
EB Public Library,EB Public Library x1380,Ice Breakers Ice Cubes - PepperMint,Food,5.0,1,5.0,5.0
Brunswick Sq Mall,BSQ Mall x1366 - ATT,Snapple Tea - Lemon,Non Carbonated,2.5,1,2.5,2.5
EB Public Library,EB Public Library x1380,V8 Vegetable Juice - Original,Non Carbonated,2.0,1,2.0,2.0
Earle Asphalt,Earle Asphalt x1371,Goldfish Baked - Cheddar,Food,1.25,1,1.25,1.25
GuttenPlans,GuttenPlans x1367,Ruffles Baked  - Cheddar & Sour Cream,Food,1.5,1,1.5,1.5
GuttenPlans,GuttenPlans x1367,Chesters Fries Flaming hot,Food,2.0,1,2.0,2.0
GuttenPlans,GuttenPlans x1367,Coca Cola - Regular,Carbonated,1.5,1,1.5,1.5
GuttenPlans,GuttenPlans x1367,Coca Cola - Regular,Carbonated,1.5,1,1.5,1.5
GuttenPlans,GuttenPlans x1367,Coca Cola - Regular,Carbonated,1.5,1,1.5,1.5
GuttenPlans,GuttenPlans x1367,Coca Cola - Regular,Carbonated,1.5,1,1.5,1.5
GuttenPlans,GuttenPlans x1367,Ruffles Baked  - Cheddar & Sour Cream,Food,1.5,1,1.5,1.5
GuttenPlans,GuttenPlans x1367,Chesters Fries Flaming hot,Food,2.0,1,2.0,2.0
GuttenPlans,GuttenPlans x1367,Monster Energy Original,Carbonated,3.0,1,3.0,3.0
GuttenPlans,GuttenPlans x1367,Coca Cola - Regular,Carbonated,1.5,1,1.5,1.5
GuttenPlans,GuttenPlans x1367,Coca Cola - Regular,Carbonated,1.5,1,1.5,1.5
GuttenPlans,GuttenPlans x1367,Cheetos - Crunchy,Food,1.5,1,1.5,1.5
GuttenPlans,GuttenPlans x1367,Monster Energy Original,Carbonated,3.0,1,3.0,3.0
GuttenPlans,GuttenPlans x1367,Chesters Fries Flaming hot,Food,2.0,1,2.0,2.0
GuttenPlans,GuttenPlans x1367,Ruffles Baked  - Cheddar & Sour Cream,Food,1.5,1,1.5,1.5
GuttenPlans,GuttenPlans x1367,Red Bull - Original,Carbonated,3.5,1,3.5,3.5
EB Public Library,EB Public Library x1380,Teddy Grahams - Go Paks,,4.0,1,4.0,4.0
EB Public Library,EB Public Library x1380,Poland Springs Water,Water,1.5,1,1.5,1.5
Brunswick Sq Mall,BSQ Mall x1366 - ATT,CheezIt - Original,Food,1.5,1,1.5,5.5
Brunswick Sq Mall,BSQ Mall x1366 - ATT,Snapple Tea - Lemon,Non Carbonated,2.5,1,2.5,5.5
Brunswick Sq Mall,BSQ Mall x1366 - ATT,Pop Corners - Sweet & Salty Kettle,Food,1.5,1,1.5,5.5
GuttenPlans,GuttenPlans x1367,Monster Energy Original,Carbonated,3.0,1,3.0,3.0
Brunswick Sq Mall,BSQ Mall x1364 - Zales,Snapple Tea - Lemon,Non Carbonated,2.5,1,2.5,2.5
GuttenPlans,GuttenPlans x1367,Snapple Tea - Raspberry,Non Carbonated,2.5,1,2.5,5.0
GuttenPlans,GuttenPlans x1367,KitKat - Crisp Wafers,Food,2.5,1,2.5,5.0
GuttenPlans,GuttenPlans x1367,Coca Cola - Regular,Carbonated,1.5,1,1.5,1.5
GuttenPlans,GuttenPlans x1367,Coca Cola - Regular,Carbonated,1.5,1,1.5,1.5
GuttenPlans,GuttenPlans x1367,Doritos Cool Ranch,Food,1.5,1,1.5,1.5
GuttenPlans,GuttenPlans x1367,Coca Cola - Regular,Carbonated,1.5,1,1.5,1.5
EB Public Library,EB Public Library x1380,Starbucks Refresher - Real Coconut Water,Carbonated,3.0,1,3.0,3.0
EB Public Library,EB Public Library x1380,Kinder - Bueno - Crispy Creamy Chocolate,Food,2.0,1,2.0,2.0
EB Public Library,EB Public Library x1380,Snyder's of Hanover Pretzel Pieces - Hot Buff,Food,2.5,1,2.5,2.5
EB Public Library,EB Public Library x1380,Autumns Granola Bar - Cinnamon Almond,Food,2.0,1,2.0,2.0
GuttenPlans,GuttenPlans x1367,Red Bull - Original,Carbonated,3.5,1,3.5,3.5
GuttenPlans,GuttenPlans x1367,Coca Cola - Regular,Carbonated,1.5,1,1.5,1.5
EB Public Library,EB Public Library x1380,Starbucks Refresher - Real Coconut Water,Carbonated,3.0,1,3.0,3.0
Brunswick Sq Mall,BSQ Mall x1364 - Zales,Snapple Diet Tea - Peach Tea,Non Carbonated,2.5,1,2.5,2.5
Brunswick Sq Mall,BSQ Mall x1364 - Zales,Iberia Coconut Water,Non Carbonated,2.0,1,2.0,2.0
EB Public Library,EB Public Library x1380,Snapple Diet Tea - Peach Tea,Non Carbonated,2.5,1,2.5,2.5
EB Public Library,EB Public Library x1380,Snapple Diet Tea - Peach Tea,Non Carbonated,2.5,1,2.5,2.5
EB Public Library,EB Public Library x1380,Popchips Potato - Sea Salt,Food,1.5,1,1.5,1.5
GuttenPlans,GuttenPlans x1367,Red Bull - Original,Carbonated,3.5,1,3.5,3.5
GuttenPlans,GuttenPlans x1367,Monster Energy Original,Carbonated,3.0,1,3.0,3.0
GuttenPlans,GuttenPlans x1367,Red Bull - Original,Carbonated,3.5,1,3.5,3.5
GuttenPlans,GuttenPlans x1367,Coca Cola - Regular,Carbonated,1.5,1,1.5,1.5
GuttenPlans,GuttenPlans x1367,Monster Energy Original,Carbonated,3.0,1,3.0,3.0
GuttenPlans,GuttenPlans x1367,KitKat - Crisp Wafers,Food,2.5,1,2.5,2.5
Brunswick Sq Mall,BSQ Mall x1366 - ATT,Vitamin Water - XXX Acai BB Pomegranate,Water,2.75,1,2.75,2.75
Brunswick Sq Mall,BSQ Mall x1364 - Zales,Snapple Diet Tea - Peach Tea,Non Carbonated,2.5,1,2.5,2.5
GuttenPlans,GuttenPlans x1367,Nature's Bakery Fig Bar - Raspberry,Food,1.5,1,1.5,1.5
GuttenPlans,GuttenPlans x1367,Coca Cola - Regular,Carbonated,1.5,1,1.5,1.5
GuttenPlans,GuttenPlans x1367,Coca Cola - Regular,Carbonated,1.5,1,1.5,1.5
GuttenPlans,GuttenPlans x1367,Sunkist Soda - Orange,Carbonated,1.5,1,1.5,1.5
Brunswick Sq Mall,BSQ Mall x1366 - ATT,Vitamin Water - XXX Acai BB Pomegranate,Water,2.75,1,2.75,2.75
EB Public Library,EB Public Library x1380,BodyArmor LYTE - Strawberry Lemonade,Water,2.75,1,2.75,2.75
EB Public Library,EB Public Library x1380,Poland Springs Water,Water,1.5,1,1.5,1.5
EB Public Library,EB Public Library x1380,Oreo Mini - Go Paks,,4.0,1,4.0,4.0
Brunswick Sq Mall,BSQ Mall x1364 - Zales,Monster Energy Original,Carbonated,3.0,1,3.0,3.0
Brunswick Sq Mall,BSQ Mall x1364 - Zales,Nature's Garden Trail Mix - Omega 3,Food,1.5,1,1.5,1.5
Brunswick Sq Mall,BSQ Mall x1364 - Zales,Monster Energy Original,Carbonated,3.0,1,3.0,3.0
Brunswick Sq Mall,BSQ Mall x1364 - Zales,KitKat - Crisp Wafers,Food,2.0,1,2.0,2.0
GuttenPlans,GuttenPlans x1367,Nature's Bakery Fig Bar - Blueberry,Food,1.5,1,1.5,1.5
GuttenPlans,GuttenPlans x1367,Nature's Bakery Fig Bar - Blueberry,Food,1.5,1,1.5,1.5
GuttenPlans,GuttenPlans x1367,Monster Energy Original,Carbonated,3.0,1,3.0,3.0
GuttenPlans,GuttenPlans x1367,Snapple Tea - Peach,Non Carbonated,2.5,1,2.5,2.5
EB Public Library,EB Public Library x1380,Wonderful Pistachios - Variety,Food,2.0,1,2.0,2.0
Earle Asphalt,Earle Asphalt x1371,Wonderful Pistachios - Variety,Food,2.0,1,2.0,2.0
EB Public Library,EB Public Library x1380,Poland Springs Water,Water,1.5,1,1.5,1.5
EB Public Library,EB Public Library x1380,Pop Corners - Sweet & Salty Kettle,Food,1.5,1,1.5,1.5
Earle Asphalt,Earle Asphalt x1371,Coca Cola - Zero Sugar,Carbonated,1.5,1,1.5,1.5
GuttenPlans,GuttenPlans x1367,Nutri Grain Apple Cinnamon,Food,1.5,1,1.5,1.5
GuttenPlans,GuttenPlans x1367,Doritos Cool Ranch,Food,1.5,1,1.5,1.5
EB Public Library,EB Public Library x1380,CheezIt - Original,Food,1.5,1,1.5,1.5
GuttenPlans,GuttenPlans x1367,Snapple Tea - Raspberry,Non Carbonated,2.5,1,2.5,2.5
EB Public Library,EB Public Library x1380,Iberia Coconut Water,Non Carbonated,2.0,1,2.0,2.0
GuttenPlans,GuttenPlans x1367,Snapple Tea - Raspberry,Non Carbonated,2.5,1,2.5,2.5
GuttenPlans,GuttenPlans x1367,Red Bull - Original,Carbonated,3.5,1,3.5,3.5
EB Public Library,EB Public Library x1380,Starbucks Refresher - Real Coconut Water,Carbonated,3.0,1,3.0,3.0
EB Public Library,EB Public Library x1380,Pop Corners - White Cheddar,Food,1.5,1,1.5,1.5
EB Public Library,EB Public Library x1380,Pringles - Sour Cream & Onion,Food,3.0,1,3.0,3.0
EB Public Library,EB Public Library x1380,CheezIt - Cheddar Sour Cream and Onion,Food,1.5,1,1.5,1.5
EB Public Library,EB Public Library x1380,Oreo Mini - Go Paks,,4.0,1,4.0,4.0
GuttenPlans,GuttenPlans x1367,Sunkist Soda - Orange,Carbonated,1.5,1,1.5,1.5
GuttenPlans,GuttenPlans x1367,Coca Cola - Regular,Carbonated,1.5,1,1.5,1.5
GuttenPlans,GuttenPlans x1367,Coca Cola - Regular,Carbonated,1.5,1,1.5,1.5
EB Public Library,EB Public Library x1380,Coca Cola - Zero Sugar,Carbonated,1.5,1,1.5,1.5
GuttenPlans,GuttenPlans x1367,Snapple Tea - Lemon,Non Carbonated,2.5,1,2.5,2.5
EB Public Library,EB Public Library x1380,Mini Chips Ahoy - Go Paks,,4.0,1,4.0,4.0
EB Public Library,EB Public Library x1380,Oreo Mini - Go Paks,,4.0,1,4.0,4.0
GuttenPlans,GuttenPlans x1367,Monster Energy Original,Carbonated,3.0,1,3.0,3.0
EB Public Library,EB Public Library x1380,Keto Bar - Creamy Peanut Butter Chocolate,Food,2.0,1,2.0,2.0
EB Public Library,EB Public Library x1380,Oreo Mini - Go Paks,,4.0,1,4.0,4.0
GuttenPlans,GuttenPlans x1367,Sunkist Soda - Orange,Carbonated,1.5,1,1.5,1.5
GuttenPlans,GuttenPlans x1367,Sunkist Soda - Orange,Carbonated,1.5,1,1.5,1.5
GuttenPlans,GuttenPlans x1367,Sunkist Soda - Orange,Carbonated,1.5,1,1.5,1.5
GuttenPlans,GuttenPlans x1367,Sunkist Soda - Orange,Carbonated,1.5,1,1.5,1.5
Brunswick Sq Mall,BSQ Mall x1364 - Zales,Miss Vickie's Potato Chip - Smokehouse BBQ,Food,1.25,2,2.5,2.5
GuttenPlans,GuttenPlans x1367,Funyuns - Flaming Hot,Food,1.5,1,1.5,1.5
GuttenPlans,GuttenPlans x1367,Funyuns - Flaming Hot,Food,1.5,1,1.5,1.5
GuttenPlans,GuttenPlans x1367,Monster Energy Original,Carbonated,3.0,1,3.0,3.0
GuttenPlans,GuttenPlans x1367,Sunkist Soda - Orange,Carbonated,1.5,1,1.5,1.5
GuttenPlans,GuttenPlans x1367,Sunkist Soda - Orange,Carbonated,1.5,1,1.5,1.5
GuttenPlans,GuttenPlans x1367,Sunkist Soda - Orange,Carbonated,1.5,1,1.5,1.5
GuttenPlans,GuttenPlans x1367,Chesters Fries Flaming hot,Food,2.0,1,2.0,2.0
GuttenPlans,GuttenPlans x1367,Chesters Fries Flaming hot,Food,1.5,1,1.5,1.5
GuttenPlans,GuttenPlans x1367,Snapple Tea - Raspberry,Non Carbonated,2.5,1,2.5,2.5
GuttenPlans,GuttenPlans x1367,Red Bull - Original,Carbonated,3.5,1,3.5,3.5
Brunswick Sq Mall,BSQ Mall x1364 - Zales,Pop Corners - White Cheddar,Food,1.5,1,1.5,1.5
Earle Asphalt,Earle Asphalt x1371,Robert Irvine's - Fit Crunch -  Chocolate Pea,Food,2.0,1,2.0,2.0
GuttenPlans,GuttenPlans x1367,Funyuns - Flaming Hot,Food,1.5,1,1.5,6.0
GuttenPlans,GuttenPlans x1367,Chesters Fries Flaming hot,Food,2.0,1,2.0,6.0
GuttenPlans,GuttenPlans x1367,Snapple Tea - Peach,Non Carbonated,2.5,1,2.5,6.0
Brunswick Sq Mall,BSQ Mall x1366 - ATT,Canada Dry - Ginger Ale & Lemonde,,1.5,2,3.0,3.0
EB Public Library,EB Public Library x1380,CheezIt - Original,Food,1.5,1,1.5,1.5
EB Public Library,EB Public Library x1380,Coca Cola - Zero Sugar,Carbonated,1.5,1,1.5,1.5
EB Public Library,EB Public Library x1380,Snyder's of Hanover Pretzel Pieces - Honey Mu,Food,2.5,1,2.5,2.5
Earle Asphalt,Earle Asphalt x1371,Pop Corners - Sea Salt,Food,1.5,1,1.5,3.0
Earle Asphalt,Earle Asphalt x1371,CheezIt - Original,Food,1.5,1,1.5,3.0
GuttenPlans,GuttenPlans x1367,Monster Energy Original,Carbonated,3.0,1,3.0,3.0
GuttenPlans,GuttenPlans x1367,Snapple Tea - Peach,Non Carbonated,2.5,1,2.5,2.5
GuttenPlans,GuttenPlans x1367,KitKat - Crisp Wafers,Food,2.5,1,2.5,2.5
EB Public Library,EB Public Library x1380,BodyArmor  LYTE - Blueberry Pomegranate,Non Carbonated,2.75,1,2.75,2.75
EB Public Library,EB Public Library x1380,BodyArmor  LYTE - Blueberry Pomegranate,Non Carbonated,2.75,1,2.75,2.75
EB Public Library,EB Public Library x1380,Keto Bar - Creamy Peanut Butter Chocolate,Food,2.0,1,2.0,2.0
EB Public Library,EB Public Library x1380,Snapple Diet Tea - Peach Tea,Non Carbonated,2.5,1,2.5,2.5
EB Public Library,EB Public Library x1380,Pringles - Sour Cream & Onion,Food,3.0,1,3.0,3.0
EB Public Library,EB Public Library x1380,Wonderful Pistachios - Variety,Food,2.0,1,2.0,2.0
EB Public Library,EB Public Library x1380,Snapple Diet Tea - Peach Tea,Non Carbonated,2.5,1,2.5,2.5
Brunswick Sq Mall,BSQ Mall x1364 - Zales,Pop Corners - White Cheddar,Food,1.5,1,1.5,1.5
Brunswick Sq Mall,BSQ Mall x1364 - Zales,Snapple Diet Tea - Peach Tea,Non Carbonated,2.5,1,2.5,2.5
EB Public Library,EB Public Library x1380,Pringles - Cheddar Cheese,Food,3.0,1,3.0,3.0
EB Public Library,EB Public Library x1380,Pop Corners - White Cheddar,Food,1.5,1,1.5,1.5
EB Public Library,EB Public Library x1380,Hungry Buddha - Chocolate Chip,Food,2.0,1,2.0,2.0
EB Public Library,EB Public Library x1380,Seapoint Farms Dry Roasted Edamame - Wasabi,Food,2.5,1,2.5,2.5
GuttenPlans,GuttenPlans x1367,Sunkist Soda - Orange,Carbonated,1.5,1,1.5,1.5
GuttenPlans,GuttenPlans x1367,Chesters Fries Flaming hot,Food,2.0,1,2.0,2.0
GuttenPlans,GuttenPlans x1367,Sunkist Soda - Orange,Carbonated,1.5,1,1.5,1.5
EB Public Library,EB Public Library x1380,Keep Healthy - Chocolate Fudge,Food,2.0,1,2.0,2.0
EB Public Library,EB Public Library x1380,Keto Bar - Creamy Peanut Butter Chocolate,Food,2.0,1,2.0,2.0
EB Public Library,EB Public Library x1380,Poland Springs Water,Water,1.5,1,1.5,1.5
GuttenPlans,GuttenPlans x1367,Sunkist Soda - Orange,Carbonated,1.5,1,1.5,1.5
EB Public Library,EB Public Library x1380,Oreo Mini - Go Paks,,4.0,1,4.0,4.0
GuttenPlans,GuttenPlans x1367,Snapple Tea - Lemon,Non Carbonated,2.5,1,2.5,2.5
EB Public Library,EB Public Library x1380,Keto Bar - Creamy Peanut Butter Chocolate,Food,2.0,1,2.0,2.0
EB Public Library,EB Public Library x1380,Poland Springs Water,Water,1.5,1,1.5,1.5
EB Public Library,EB Public Library x1380,Pop Corners - Sweet & Salty Kettle,Food,1.5,1,1.5,1.5
EB Public Library,EB Public Library x1380,Poland Springs Water,Water,1.5,1,1.5,1.5
Brunswick Sq Mall,BSQ Mall x1364 - Zales,Iberia Coconut Water,Non Carbonated,2.0,1,2.0,2.0
EB Public Library,EB Public Library x1380,Poland Springs Water,Water,1.5,1,1.5,1.5
GuttenPlans,GuttenPlans x1367,Snapple Tea - Raspberry,Non Carbonated,2.5,1,2.5,2.5
GuttenPlans,GuttenPlans x1367,KitKat - Crisp Wafers,Food,2.5,1,2.5,2.5
GuttenPlans,GuttenPlans x1367,Monster Energy Original,Carbonated,3.0,1,3.0,3.0
GuttenPlans,GuttenPlans x1367,Snapple Tea - Lemon,Non Carbonated,2.5,1,2.5,2.5
GuttenPlans,GuttenPlans x1367,Fritos - Original,Food,1.5,1,1.5,1.5
GuttenPlans,GuttenPlans x1367,Nutri Grain Apple Cinnamon,Food,1.5,1,1.5,1.5
GuttenPlans,GuttenPlans x1367,Snapple Tea - Peach,Non Carbonated,2.5,1,2.5,2.5
GuttenPlans,GuttenPlans x1367,Doritos Cool Ranch,Food,1.5,1,1.5,3.0
GuttenPlans,GuttenPlans x1367,Jack Links Beef Steak Original,Food,1.5,1,1.5,3.0
EB Public Library,EB Public Library x1380,Wonderful Pistachios - Variety,Food,2.0,1,2.0,2.0
EB Public Library,EB Public Library x1380,Starbucks Doubleshot Energy - Mocha,Non Carbonated,3.5,1,3.5,3.5
GuttenPlans,GuttenPlans x1367,KitKat - Crisp Wafers,Food,2.5,1,2.5,2.5
GuttenPlans,GuttenPlans x1367,Snapple Tea - Raspberry,Non Carbonated,2.5,1,2.5,2.5
GuttenPlans,GuttenPlans x1367,Cheetos - Fleming Hot Crunchy,Food,1.5,1,1.5,1.5
Brunswick Sq Mall,BSQ Mall x1366 - ATT,Autumns Granola Bar - Cinnamon Almond,Food,2.0,1,2.0,2.0
EB Public Library,EB Public Library x1380,SunChips Multigrain - Harvest Cheddar,Food,1.5,1,1.5,1.5
GuttenPlans,GuttenPlans x1367,KitKat - Crisp Wafers,Food,2.5,1,2.5,2.5
GuttenPlans,GuttenPlans x1367,KitKat - Crisp Wafers,Food,2.5,1,2.5,2.5
GuttenPlans,GuttenPlans x1367,Monster Energy Original,Carbonated,3.0,1,3.0,3.0
Earle Asphalt,Earle Asphalt x1371,Wonderful Pistachios - Variety,Food,2.0,1,2.0,2.0
Earle Asphalt,Earle Asphalt x1371,Wonderful Pistachios - Variety,Food,2.0,1,2.0,2.0
EB Public Library,EB Public Library x1380,Keto Bar - Creamy Peanut Butter Chocolate,Food,2.0,1,2.0,2.0
EB Public Library,EB Public Library x1380,Keto Bar - Creamy Peanut Butter Chocolate,Food,2.0,1,2.0,2.0
GuttenPlans,GuttenPlans x1367,Monster Energy Original,Carbonated,3.0,1,3.0,3.0
GuttenPlans,GuttenPlans x1367,Monster Energy Original,Carbonated,3.0,1,3.0,3.0
Earle Asphalt,Earle Asphalt x1371,RXBAR - Protein Bar - Peanut Butter,Food,2.0,1,2.0,2.0
Earle Asphalt,Earle Asphalt x1371,S. Pellegrino Essenza Mineral Water - Blood O,Carbonated,2.5,1,2.5,2.5
Brunswick Sq Mall,BSQ Mall x1364 - Zales,SunChips Multigrain - Original,Food,1.5,1,1.5,1.5
EB Public Library,EB Public Library x1380,Coca Cola - Zero Sugar,Carbonated,1.5,1,1.5,1.5
EB Public Library,EB Public Library x1380,Goldfish Baked - Cheddar,Food,1.25,1,1.25,1.25
EB Public Library,EB Public Library x1380,Poland Springs Water,Water,1.5,1,1.5,1.5
EB Public Library,EB Public Library x1380,BodyArmor  LYTE - Blueberry Pomegranate,Non Carbonated,2.75,1,2.75,2.75
GuttenPlans,GuttenPlans x1367,Monster Energy Original,Carbonated,3.0,1,3.0,3.0
Brunswick Sq Mall,BSQ Mall x1364 - Zales,CheezIt - Original,Food,1.5,1,1.5,1.5
Brunswick Sq Mall,BSQ Mall x1364 - Zales,Goldfish Baked - Cheddar,Food,1.5,1,1.5,1.5
EB Public Library,EB Public Library x1380,KitKat - Crisp Wafers,Food,2.0,1,2.0,2.0
EB Public Library,EB Public Library x1380,Poland Springs Water,Water,1.5,1,1.5,1.5
EB Public Library,EB Public Library x1380,Popchips Potato - Sea Salt,Food,1.5,1,1.5,1.5
EB Public Library,EB Public Library x1380,Coca Cola - Zero Sugar,Carbonated,1.5,1,1.5,1.5
EB Public Library,EB Public Library x1380,CheezIt - White Cheddar,Food,1.5,1,1.5,1.5
GuttenPlans,GuttenPlans x1367,Doritos Cool Ranch,Food,1.5,1,1.5,1.5
GuttenPlans,GuttenPlans x1367,Nature's Bakery Fig Bar - Blueberry,Food,1.5,1,1.5,1.5
GuttenPlans,GuttenPlans x1367,Nature's Bakery Fig Bar - Blueberry,Food,1.5,1,1.5,1.5
GuttenPlans,GuttenPlans x1367,KitKat - Crisp Wafers,Food,2.5,1,2.5,2.5
GuttenPlans,GuttenPlans x1367,KitKat - Crisp Wafers,Food,2.5,1,2.5,2.5
GuttenPlans,GuttenPlans x1367,Cheetos - Crunchy,Food,1.5,1,1.5,1.5
Brunswick Sq Mall,BSQ Mall x1364 - Zales,Monster Energy Original,Carbonated,3.0,1,3.0,3.0
EB Public Library,EB Public Library x1380,Robert Irvine's - Fit Crunch -  Chocolate Pea,Food,2.0,1,2.0,2.0
EB Public Library,EB Public Library x1380,Wonderful Pistachios - Variety,Food,2.0,1,2.0,2.0
EB Public Library,EB Public Library x1380,Starbucks Doubleshot Energy - Mocha,Non Carbonated,3.5,1,3.5,5.0
EB Public Library,EB Public Library x1380,Poland Springs Water,Water,1.5,1,1.5,5.0
EB Public Library,EB Public Library x1380,Coca Cola - Zero Sugar,Carbonated,1.5,1,1.5,1.5
EB Public Library,EB Public Library x1380,Wonderful Pistachios - Variety,Food,2.0,1,2.0,2.0
EB Public Library,EB Public Library x1380,Coca Cola - Zero Sugar,Carbonated,1.5,1,1.5,1.5
GuttenPlans,GuttenPlans x1367,Cheetos - Fleming Hot Crunchy,Food,2.0,1,2.0,2.0
EB Public Library,EB Public Library x1380,CheezIt - White Cheddar,Food,1.5,1,1.5,1.5
EB Public Library,EB Public Library x1380,Iberia Coconut Water,Non Carbonated,2.0,1,2.0,2.0
EB Public Library,EB Public Library x1380,SunChips Multigrain - Harvest Cheddar,Food,1.5,1,1.5,1.5
EB Public Library,EB Public Library x1380,Coca Cola - Zero Sugar,Carbonated,1.5,1,1.5,1.5
EB Public Library,EB Public Library x1380,Coca Cola - Zero Sugar,Carbonated,1.5,1,1.5,1.5
Brunswick Sq Mall,BSQ Mall x1364 - Zales,Monster Energy Original,Carbonated,3.0,1,3.0,3.0
EB Public Library,EB Public Library x1380,KitKat - Crisp Wafers,Food,2.0,1,2.0,2.0
EB Public Library,EB Public Library x1380,Coca Cola - Zero Sugar,Carbonated,1.5,1,1.5,1.5
EB Public Library,EB Public Library x1380,BodyArmor  LYTE - Blueberry Pomegranate,Non Carbonated,2.75,1,2.75,2.75
GuttenPlans,GuttenPlans x1367,Cheetos - Fleming Hot Crunchy,Food,2.0,1,2.0,2.0
GuttenPlans,GuttenPlans x1367,Cheetos - Fleming Hot Crunchy,Food,2.0,1,2.0,2.0
GuttenPlans,GuttenPlans x1367,Chesters Fries Flaming hot,Food,2.0,1,2.0,2.0
GuttenPlans,GuttenPlans x1367,Nature's Bakery Fig Bar - Raspberry,Food,1.5,1,1.5,1.5
GuttenPlans,GuttenPlans x1367,Nature's Bakery Fig Bar - Blueberry,Food,1.5,1,1.5,1.5
EB Public Library,EB Public Library x1380,Snapple Diet Tea - Peach Tea,Non Carbonated,2.5,1,2.5,2.5
EB Public Library,EB Public Library x1380,Popchips Potato - Sea Salt,Food,1.5,1,1.5,1.5
EB Public Library,EB Public Library x1380,Goldfish Baked - Cheddar,Food,1.25,1,1.25,1.25
EB Public Library,EB Public Library x1380,BodyArmor LYTE - Strawberry Lemonade,Water,2.75,1,2.75,2.75
GuttenPlans,GuttenPlans x1367,Nature's Bakery Fig Bar - Blueberry,Food,1.5,1,1.5,1.5
GuttenPlans,GuttenPlans x1367,Nature's Bakery Fig Bar - Blueberry,Food,1.5,1,1.5,1.5
EB Public Library,EB Public Library x1380,KitKat - Crisp Wafers,Food,2.0,1,2.0,2.0
EB Public Library,EB Public Library x1380,Pop Corners - White Cheddar,Food,1.5,1,1.5,1.5
EB Public Library,EB Public Library x1380,Pop Corners - White Cheddar,Food,1.5,1,1.5,1.5
EB Public Library,EB Public Library x1380,Coca Cola - Zero Sugar,Carbonated,1.5,1,1.5,1.5
EB Public Library,EB Public Library x1380,BodyArmor LYTE - Strawberry Lemonade,Water,2.75,1,2.75,2.75
EB Public Library,EB Public Library x1380,Snapple Diet Tea - Peach Tea,Non Carbonated,2.5,1,2.5,2.5
EB Public Library,EB Public Library x1380,CheezIt - Original,Food,1.5,1,1.5,1.5
EB Public Library,EB Public Library x1380,Pop Corners - White Cheddar,Food,1.5,1,1.5,1.5
GuttenPlans,GuttenPlans x1367,Nature's Bakery Fig Bar - Raspberry,Food,1.5,1,1.5,1.5
GuttenPlans,GuttenPlans x1367,Nature's Bakery Fig Bar - Raspberry,Food,1.5,1,1.5,1.5
EB Public Library,EB Public Library x1380,Pop Corners - White Cheddar,Food,1.5,1,1.5,1.5
GuttenPlans,GuttenPlans x1367,Chesters Fries Flaming hot,Food,1.5,1,1.5,1.5
GuttenPlans,GuttenPlans x1367,Chesters Fries Flaming hot,Food,1.5,1,1.5,1.5
EB Public Library,EB Public Library x1380,Starbucks Refresher - Real Coconut Water,Carbonated,3.0,1,3.0,3.0
EB Public Library,EB Public Library x1380,KitKat - Crisp Wafers,Food,2.0,1,2.0,2.0
GuttenPlans,GuttenPlans x1367,Cheetos - Crunchy,Food,1.5,1,1.5,1.5
GuttenPlans,GuttenPlans x1367,Fritos - Original,Food,1.5,1,1.5,1.5
GuttenPlans,GuttenPlans x1367,Cheetos - Crunchy,Food,1.5,1,1.5,1.5
GuttenPlans,GuttenPlans x1367,Cheetos - Crunchy,Food,1.5,1,1.5,1.5
EB Public Library,EB Public Library x1380,Starbucks Doubleshot Energy - Mocha,Non Carbonated,3.5,1,3.5,3.5
EB Public Library,EB Public Library x1380,Snyder's of Hanover Pretzel Pieces - Honey Mu,Food,2.5,1,2.5,4.0
EB Public Library,EB Public Library x1380,Coca Cola - Zero Sugar,Carbonated,1.5,1,1.5,4.0
GuttenPlans,GuttenPlans x1367,Fritos - Original,Food,1.5,1,1.5,1.5
GuttenPlans,GuttenPlans x1367,Cheetos - Fleming Hot Crunchy,Food,1.5,1,1.5,1.5
EB Public Library,EB Public Library x1380,Pop Corners - Sweet & Salty Kettle,Food,1.5,1,1.5,1.5
Earle Asphalt,Earle Asphalt x1371,Robert Irvine's - Fit Crunch -  Chocolate Pea,Food,2.0,1,2.0,2.0
Brunswick Sq Mall,BSQ Mall x1366 - ATT,Spindrift - Sparkling Water - Pineapple,Carbonated,1.5,1,1.5,1.5
EB Public Library,EB Public Library x1380,BodyArmor  LYTE - Blueberry Pomegranate,Non Carbonated,2.75,1,2.75,2.75
EB Public Library,EB Public Library x1380,Wonderful Pistachios - Variety,Food,2.0,1,2.0,2.0
Earle Asphalt,Earle Asphalt x1371,Newtons Fig Bar,Food,1.5,1,1.5,3.5
Earle Asphalt,Earle Asphalt x1371,Robert Irvine's - Fit Crunch -  Chocolate Pea,Food,2.0,1,2.0,3.5
Brunswick Sq Mall,BSQ Mall x1364 - Zales,Snapple Tea - Lemon,Non Carbonated,2.5,1,2.5,2.5
Earle Asphalt,Earle Asphalt x1371,Coca Cola - Zero Sugar,Carbonated,1.5,1,1.5,1.5
GuttenPlans,GuttenPlans x1367,Nature's Bakery Fig Bar - Raspberry,Food,1.5,1,1.5,1.5
GuttenPlans,GuttenPlans x1367,KitKat - Crisp Wafers,Food,2.5,1,2.5,2.5
EB Public Library,EB Public Library x1380,KitKat - Crisp Wafers,Food,2.0,1,2.0,2.0
GuttenPlans,GuttenPlans x1367,KitKat - Crisp Wafers,Food,2.5,1,2.5,2.5
GuttenPlans,GuttenPlans x1367,KitKat - Crisp Wafers,Food,2.5,1,2.5,2.5
EB Public Library,EB Public Library x1380,Seapoint Farms Dry Roasted Edamame - Wasabi,Food,2.5,1,2.5,5.5
EB Public Library,EB Public Library x1380,Coca Cola - Zero Sugar,Carbonated,1.5,2,3.0,5.5
EB Public Library,EB Public Library x1380,Coca Cola - Zero Sugar,Carbonated,1.5,1,1.5,1.5
EB Public Library,EB Public Library x1380,Pop Corners - White Cheddar,Food,1.5,1,1.5,1.5
EB Public Library,EB Public Library x1380,S. Pellegrino Sparkling Mineral Water,Water,2.0,1,2.0,2.0
Brunswick Sq Mall,BSQ Mall x1366 - ATT,Canada Dry - Ginger Ale & Lemonde,,1.5,1,1.5,1.5
Brunswick Sq Mall,BSQ Mall x1364 - Zales,Snapple Diet Tea - Peach Tea,Non Carbonated,2.5,1,2.5,2.5
EB Public Library,EB Public Library x1380,S. Pellegrino Sparkling Mineral Water,Water,2.0,1,2.0,2.0
EB Public Library,EB Public Library x1380,BodyArmor  LYTE - Blueberry Pomegranate,Non Carbonated,2.75,1,2.75,2.75
EB Public Library,EB Public Library x1380,Keto Bar - Creamy Peanut Butter Chocolate,Food,2.0,1,2.0,2.0
EB Public Library,EB Public Library x1380,Pop Corners - White Cheddar,Food,1.5,1,1.5,1.5
EB Public Library,EB Public Library x1380,Snapple Diet Tea - Peach Tea,Non Carbonated,2.5,1,2.5,2.5
EB Public Library,EB Public Library x1380,Pop Corners - White Cheddar,Food,1.5,1,1.5,1.5
EB Public Library,EB Public Library x1380,SunChips Multigrain - Harvest Cheddar,Food,1.5,1,1.5,1.5
EB Public Library,EB Public Library x1380,Coca Cola - Zero Sugar,Carbonated,1.5,1,1.5,1.5
EB Public Library,EB Public Library x1380,Pop Corners - Sweet & Salty Kettle,Food,1.5,1,1.5,1.5
EB Public Library,EB Public Library x1380,Starbucks Refresher - Real Coconut Water,Carbonated,3.0,1,3.0,3.0
EB Public Library,EB Public Library x1380,Coca Cola - Zero Sugar,Carbonated,1.5,1,1.5,1.5
EB Public Library,EB Public Library x1380,CheezIt - Original,Food,1.5,1,1.5,1.5
EB Public Library,EB Public Library x1380,Goldfish Baked - Cheddar,Food,1.25,1,1.25,1.25
EB Public Library,EB Public Library x1380,Coca Cola - Zero Sugar,Carbonated,1.5,1,1.5,1.5
EB Public Library,EB Public Library x1380,KitKat - Crisp Wafers,Food,2.0,1,2.0,2.0
Brunswick Sq Mall,BSQ Mall x1364 - Zales,Snapple Diet Tea - Peach Tea,Non Carbonated,2.5,1,2.5,2.5
EB Public Library,EB Public Library x1380,BodyArmor LYTE - Strawberry Lemonade,Water,2.75,1,2.75,2.75
Brunswick Sq Mall,BSQ Mall x1364 - Zales,SunChips Multigrain - Original,Food,1.5,1,1.5,1.5
Brunswick Sq Mall,BSQ Mall x1364 - Zales,Snapple Diet Tea - Peach Tea,Non Carbonated,2.5,1,2.5,2.5
GuttenPlans,GuttenPlans x1367,Doritos Famin Hot Nacho,Food,1.5,1,1.5,1.5
GuttenPlans,GuttenPlans x1367,Coca Cola - Regular,Carbonated,1.5,1,1.5,1.5
Brunswick Sq Mall,BSQ Mall x1366 - ATT,Poland Springs Water,Water,2.0,1,2.0,2.0
Brunswick Sq Mall,BSQ Mall x1366 - ATT,Canada Dry - Ginger Ale & Lemonde,,1.5,1,1.5,1.5
GuttenPlans,GuttenPlans x1367,Coca Cola - Regular,Carbonated,1.5,1,1.5,1.5
GuttenPlans,GuttenPlans x1367,Coca Cola - Regular,Carbonated,1.5,1,1.5,1.5
GuttenPlans,GuttenPlans x1367,Coca Cola - Regular,Carbonated,1.5,1,1.5,1.5
GuttenPlans,GuttenPlans x1367,Funyuns - Flaming Hot,Food,2.0,1,2.0,2.0
GuttenPlans,GuttenPlans x1367,Funyuns - Flaming Hot,Food,2.0,1,2.0,2.0
GuttenPlans,GuttenPlans x1367,Funyuns - Flaming Hot,Food,2.0,1,2.0,2.0
GuttenPlans,GuttenPlans x1367,Monster Energy Original,Carbonated,3.0,1,3.0,3.0
GuttenPlans,GuttenPlans x1367,Coca Cola - Regular,Carbonated,1.5,1,1.5,1.5
EB Public Library,EB Public Library x1380,Iberia Coconut Water,Non Carbonated,2.0,1,2.0,2.0
EB Public Library,EB Public Library x1380,Snapple Diet Tea - Peach Tea,Non Carbonated,2.5,1,2.5,2.5
EB Public Library,EB Public Library x1380,Coca Cola - Zero Sugar,Carbonated,1.5,1,1.5,1.5
EB Public Library,EB Public Library x1380,Coca Cola - Zero Sugar,Carbonated,1.5,1,1.5,1.5
EB Public Library,EB Public Library x1380,Starbucks Doubleshot Energy - Mocha,Non Carbonated,3.5,1,3.5,3.5
EB Public Library,EB Public Library x1380,Pop Corners - Sweet & Salty Kettle,Food,1.5,1,1.5,1.5
EB Public Library,EB Public Library x1380,Coca Cola - Zero Sugar,Carbonated,1.5,1,1.5,1.5
EB Public Library,EB Public Library x1380,Coca Cola - Zero Sugar,Carbonated,1.5,1,1.5,1.5
GuttenPlans,GuttenPlans x1367,Monster Energy Original,Carbonated,3.0,1,3.0,3.0
GuttenPlans,GuttenPlans x1367,Monster Energy Original,Carbonated,3.0,1,3.0,3.0
EB Public Library,EB Public Library x1380,Starbucks Doubleshot Energy - Mocha,Non Carbonated,3.5,1,3.5,3.5
Brunswick Sq Mall,BSQ Mall x1366 - ATT,Popchips Potato - Sea Salt,Food,1.5,1,1.5,1.5
EB Public Library,EB Public Library x1380,Wonderful Pistachios - Variety,Food,2.0,1,2.0,2.0
EB Public Library,EB Public Library x1380,KitKat - Crisp Wafers,Food,2.0,1,2.0,2.0
EB Public Library,EB Public Library x1380,Wonderful Pistachios - Variety,Food,2.0,1,2.0,4.5
EB Public Library,EB Public Library x1380,Snapple Diet Tea - Peach Tea,Non Carbonated,2.5,1,2.5,4.5
EB Public Library,EB Public Library x1380,Lenny & Larrys - Chocolate Chip,Food,2.5,1,2.5,2.5
EB Public Library,EB Public Library x1380,BodyArmor LYTE - Strawberry Lemonade,Water,2.75,1,2.75,2.75
Brunswick Sq Mall,BSQ Mall x1364 - Zales,BodyArmor LYTE  - Peach Mango,Water,2.75,1,2.75,2.75
GuttenPlans,GuttenPlans x1367,Coca Cola - Regular,Carbonated,1.5,1,1.5,1.5
GuttenPlans,GuttenPlans x1367,Coca Cola - Regular,Carbonated,1.5,1,1.5,1.5
Brunswick Sq Mall,BSQ Mall x1366 - ATT,Starbucks Doubleshot Energy - Coffee,,3.5,1,3.5,3.5
Brunswick Sq Mall,BSQ Mall x1364 - Zales,Monster Energy Original,Carbonated,3.0,1,3.0,7.0
Brunswick Sq Mall,BSQ Mall x1364 - Zales,KitKat - Crisp Wafers,Food,2.0,1,2.0,7.0
Brunswick Sq Mall,BSQ Mall x1364 - Zales,Wonderful Pistachios - Variety,Food,2.0,1,2.0,7.0
Brunswick Sq Mall,BSQ Mall x1364 - Zales,Monster Energy Original,Carbonated,3.0,1,3.0,3.0
Brunswick Sq Mall,BSQ Mall x1366 - ATT,Snapple Tea - Raspberry,Non Carbonated,2.75,1,2.75,2.75
Brunswick Sq Mall,BSQ Mall x1364 - Zales,Poland Springs Water,Water,1.5,1,1.5,1.5
Brunswick Sq Mall,BSQ Mall x1364 - Zales,Poland Springs Water,Water,1.5,1,1.5,1.5
Brunswick Sq Mall,BSQ Mall x1364 - Zales,Poland Springs Water,Water,1.5,1,1.5,1.5
Brunswick Sq Mall,BSQ Mall x1364 - Zales,Poland Springs Water,Water,1.5,1,1.5,1.5
Brunswick Sq Mall,BSQ Mall x1364 - Zales,Canada Dry - Ginger Ale & Lemonde,,1.5,1,1.5,1.5
EB Public Library,EB Public Library x1380,Coca Cola - Zero Sugar,Carbonated,1.5,1,1.5,2.75
EB Public Library,EB Public Library x1380,Goldfish Baked - Cheddar,Food,1.25,1,1.25,2.75
EB Public Library,EB Public Library x1380,Starbucks Doubleshot Energy - Mocha,Non Carbonated,3.5,1,3.5,3.5
EB Public Library,EB Public Library x1380,Oreo Mini - Go Paks,,4.0,1,4.0,4.0
Brunswick Sq Mall,BSQ Mall x1366 - ATT,Snapple Tea - Lemon,Non Carbonated,2.5,1,2.5,2.5
Brunswick Sq Mall,BSQ Mall x1366 - ATT,Canada Dry - Ginger Ale & Lemonde,,1.5,1,1.5,1.5
EB Public Library,EB Public Library x1380,Keto Bar - Creamy Peanut Butter Chocolate,Food,2.0,1,2.0,2.0
EB Public Library,EB Public Library x1380,CheezIt - Original,Food,1.5,1,1.5,1.5
EB Public Library,EB Public Library x1380,KitKat - Crisp Wafers,Food,2.0,1,2.0,2.0
EB Public Library,EB Public Library x1380,Pop Corners - White Cheddar,Food,1.5,1,1.5,1.5
EB Public Library,EB Public Library x1380,Snapple Diet Tea - Peach Tea,Non Carbonated,2.5,1,2.5,2.5
EB Public Library,EB Public Library x1380,Goldfish Baked - Cheddar,Food,1.25,1,1.25,1.25
EB Public Library,EB Public Library x1380,Snyder's of Hanover Pretzel Pieces - Honey Mu,Food,2.5,1,2.5,2.5
EB Public Library,EB Public Library x1380,Pop Corners - White Cheddar,Food,1.5,1,1.5,1.5
EB Public Library,EB Public Library x1380,Teddy Grahams - Go Paks,,3.0,1,3.0,3.0
Brunswick Sq Mall,BSQ Mall x1364 - Zales,Poland Springs Water,Water,1.5,1,1.5,1.5
GuttenPlans,GuttenPlans x1367,Nature's Bakery Fig Bar - Raspberry,Food,1.5,2,3.0,5.5
GuttenPlans,GuttenPlans x1367,Snapple Tea - Lemon,Non Carbonated,2.5,1,2.5,5.5
GuttenPlans,GuttenPlans x1367,Red Bull - Original,Carbonated,3.5,1,3.5,5.0
GuttenPlans,GuttenPlans x1367,Nature's Bakery Fig Bar - Raspberry,Food,1.5,1,1.5,5.0
GuttenPlans,GuttenPlans x1367,Snapple Tea - Peach,Non Carbonated,2.5,1,2.5,2.5
GuttenPlans,GuttenPlans x1367,KitKat - Crisp Wafers,Food,2.5,1,2.5,2.5
GuttenPlans,GuttenPlans x1367,Snapple Tea - Peach,Non Carbonated,2.5,1,2.5,2.5
GuttenPlans,GuttenPlans x1367,Snapple Tea - Peach,Non Carbonated,2.5,1,2.5,2.5
EB Public Library,EB Public Library x1380,Robert Irvine's - Fit Crunch -  Chocolate Pea,Food,2.0,1,2.0,2.0
Brunswick Sq Mall,BSQ Mall x1366 - ATT,Wonderful Pistachios - Variety,Food,2.0,1,2.0,2.0
EB Public Library,EB Public Library x1380,Coca Cola - Zero Sugar,Carbonated,1.5,1,1.5,3.0
EB Public Library,EB Public Library x1380,CheezIt - White Cheddar,Food,1.5,1,1.5,3.0
EB Public Library,EB Public Library x1380,Robert Irvine's - Fit Crunch -  Chocolate Pea,Food,2.0,1,2.0,2.0
EB Public Library,EB Public Library x1380,Robert Irvine's - Fit Crunch -  Chocolate Pea,Food,2.0,1,2.0,2.0
EB Public Library,EB Public Library x1380,Pringles - Sour Cream & Onion,Food,3.0,1,3.0,3.0
GuttenPlans,GuttenPlans x1367,Monster Energy Original,Carbonated,3.0,1,3.0,3.0
EB Public Library,EB Public Library x1380,S. Pellegrino Sparkling Mineral Water,Water,2.0,1,2.0,2.0
Brunswick Sq Mall,BSQ Mall x1364 - Zales,Poland Springs Water,Water,1.5,1,1.5,1.5
Brunswick Sq Mall,BSQ Mall x1364 - Zales,Poland Springs Water,Water,1.5,1,1.5,1.5
EB Public Library,EB Public Library x1380,Pop Corners - White Cheddar,Food,1.5,1,1.5,1.5
EB Public Library,EB Public Library x1380,Pop Corners - White Cheddar,Food,1.5,1,1.5,1.5
GuttenPlans,GuttenPlans x1367,Lays - Classic,Food,1.5,1,1.5,1.5
GuttenPlans,GuttenPlans x1367,Nature's Bakery Fig Bar - Blueberry,Food,1.5,1,1.5,1.5
EB Public Library,EB Public Library x1380,Robert Irvine's - Fit Crunch -  Chocolate Pea,Food,2.0,1,2.0,2.0
EB Public Library,EB Public Library x1380,Goldfish Baked - Cheddar,Food,1.25,1,1.25,1.25
GuttenPlans,GuttenPlans x1367,Lays - Classic,Food,1.5,1,1.5,1.5
Brunswick Sq Mall,BSQ Mall x1366 - ATT,Snapple Tea - Lemon,Non Carbonated,2.5,1,2.5,2.5
EB Public Library,EB Public Library x1380,Coca Cola - Zero Sugar,Carbonated,1.5,1,1.5,1.5
EB Public Library,EB Public Library x1380,CheezIt - Original,Food,1.5,1,1.5,1.5
EB Public Library,EB Public Library x1380,KitKat - Crisp Wafers,Food,2.0,1,2.0,2.0
EB Public Library,EB Public Library x1380,Goldfish Baked - Cheddar,Food,1.25,1,1.25,1.25
EB Public Library,EB Public Library x1380,Coca Cola - Zero Sugar,Carbonated,1.5,1,1.5,1.5
Brunswick Sq Mall,BSQ Mall x1364 - Zales,Iberia Coconut Water,Non Carbonated,2.0,1,2.0,2.0
GuttenPlans,GuttenPlans x1367,Sunkist Soda - Orange,Carbonated,1.5,1,1.5,1.5
GuttenPlans,GuttenPlans x1367,Doritos Nacho Cheese,Food,1.5,1,1.5,1.5
GuttenPlans,GuttenPlans x1367,Sunkist Soda - Orange,Carbonated,1.5,1,1.5,1.5
GuttenPlans,GuttenPlans x1367,Lays - Classic,Food,1.5,1,1.5,1.5
GuttenPlans,GuttenPlans x1367,Jack Links Beef Steak Original,Food,1.5,1,1.5,1.5
GuttenPlans,GuttenPlans x1367,Coca Cola - Regular,Carbonated,1.5,1,1.5,1.5
GuttenPlans,GuttenPlans x1367,Coca Cola - Regular,Carbonated,1.5,1,1.5,1.5
GuttenPlans,GuttenPlans x1367,Coca Cola - Regular,Carbonated,1.5,1,1.5,1.5
GuttenPlans,GuttenPlans x1367,Doritos Nacho Cheese,Food,1.5,1,1.5,4.0
GuttenPlans,GuttenPlans x1367,Snapple Tea - Raspberry,Non Carbonated,2.5,1,2.5,4.0
GuttenPlans,GuttenPlans x1367,Coca Cola - Regular,Carbonated,1.5,1,1.5,1.5
GuttenPlans,GuttenPlans x1367,Lays - Classic,Food,1.5,1,1.5,1.5
GuttenPlans,GuttenPlans x1367,Nature's Bakery Fig Bar - Raspberry,Food,1.5,2,3.0,5.5
GuttenPlans,GuttenPlans x1367,Snapple Tea - Peach,Non Carbonated,2.5,1,2.5,5.5
Earle Asphalt,Earle Asphalt x1371,Oreo Mini,Food,1.5,1,1.5,1.5
GuttenPlans,GuttenPlans x1367,Red Bull - Original,Carbonated,3.5,1,3.5,3.5
EB Public Library,EB Public Library x1380,Coca Cola - Zero Sugar,Carbonated,1.5,1,1.5,4.0
EB Public Library,EB Public Library x1380,Goldfish Baked - Cheddar,Food,1.25,2,2.5,4.0
EB Public Library,EB Public Library x1380,Lenny & Larrys - Chocolate Chip,Food,2.5,1,2.5,2.5
Brunswick Sq Mall,BSQ Mall x1366 - ATT,CheezIt - Double Cheese,Food,1.5,1,1.5,1.5
Brunswick Sq Mall,BSQ Mall x1366 - ATT,CheezIt - Double Cheese,Food,1.5,1,1.5,1.5
Earle Asphalt,Earle Asphalt x1371,Robert Irvine's - Fit Crunch -  Chocolate Pea,Food,2.0,1,2.0,2.0
EB Public Library,EB Public Library x1380,Coca Cola - Zero Sugar,Carbonated,1.5,1,1.5,1.5
Brunswick Sq Mall,BSQ Mall x1366 - ATT,SunChips Multigrain - Salsa,Food,1.5,1,1.5,1.5
Brunswick Sq Mall,BSQ Mall x1366 - ATT,Snapple Tea - Raspberry,Non Carbonated,2.75,1,2.75,2.75
Brunswick Sq Mall,BSQ Mall x1366 - ATT,SunChips Multigrain - Salsa,Food,1.5,1,1.5,1.5
Brunswick Sq Mall,BSQ Mall x1364 - Zales,Monster Energy Original,Carbonated,3.0,1,3.0,3.0
Brunswick Sq Mall,BSQ Mall x1364 - Zales,Poland Springs Water,Water,1.5,1,1.5,1.5
Earle Asphalt,Earle Asphalt x1371,Pop Corners - Sea Salt,Food,1.5,1,1.5,1.5
Brunswick Sq Mall,BSQ Mall x1366 - ATT,Poland Springs Water,Water,2.0,1,2.0,2.0
EB Public Library,EB Public Library x1380,BodyArmor LYTE - Strawberry Lemonade,Water,2.75,1,2.75,2.75
EB Public Library,EB Public Library x1380,Starbucks Doubleshot Energy - Mocha,Non Carbonated,3.5,1,3.5,5.5
EB Public Library,EB Public Library x1380,Wonderful Pistachios - Variety,Food,2.0,1,2.0,5.5
GuttenPlans,GuttenPlans x1367,Monster Energy Original,Carbonated,3.0,1,3.0,3.0
GuttenPlans,GuttenPlans x1367,Red Bull - Original,Carbonated,3.5,1,3.5,3.5
EB Public Library,EB Public Library x1380,S. Pellegrino Sparkling Mineral Water,Water,2.0,1,2.0,2.0
EB Public Library,EB Public Library x1380,Pop Corners - Sweet & Salty Kettle,Food,1.5,1,1.5,1.5
GuttenPlans,GuttenPlans x1367,Coca Cola - Regular,Carbonated,1.5,1,1.5,1.5
Brunswick Sq Mall,BSQ Mall x1366 - ATT,Vitamin Water - XXX Acai BB Pomegranate,Water,2.75,1,2.75,2.75
GuttenPlans,GuttenPlans x1367,Doritos Nacho Cheese,Food,1.5,1,1.5,1.5
EB Public Library,EB Public Library x1380,CheezIt - Original,Food,1.5,1,1.5,1.5
Brunswick Sq Mall,BSQ Mall x1364 - Zales,Oreo Mini,Food,1.5,1,1.5,1.5
Brunswick Sq Mall,BSQ Mall x1366 - ATT,Popchips Potato - Sea Salt,Food,1.5,1,1.5,1.5
EB Public Library,EB Public Library x1380,CheezIt - Original,Food,1.5,1,1.5,1.5
GuttenPlans,GuttenPlans x1367,Coca Cola - Regular,Carbonated,1.5,1,1.5,1.5
GuttenPlans,GuttenPlans x1367,Doritos Famin Hot Nacho,Food,1.5,1,1.5,1.5
EB Public Library,EB Public Library x1380,Iberia Coconut Water,Non Carbonated,2.0,1,2.0,2.0
Brunswick Sq Mall,BSQ Mall x1364 - Zales,CheezIt - Original,Food,1.5,1,1.5,1.5
GuttenPlans,GuttenPlans x1367,Coca Cola - Regular,Carbonated,1.5,1,1.5,1.5
GuttenPlans,GuttenPlans x1367,Coca Cola - Regular,Carbonated,1.5,1,1.5,1.5
Brunswick Sq Mall,BSQ Mall x1364 - Zales,Coca Cola - Zero Sugar,Carbonated,1.5,1,1.5,1.5
Brunswick Sq Mall,BSQ Mall x1364 - Zales,BodyArmor LYTE  - Peach Mango,Water,2.75,1,2.75,2.75
Brunswick Sq Mall,BSQ Mall x1364 - Zales,Coca Cola - Zero Sugar,Carbonated,1.5,1,1.5,1.5
Brunswick Sq Mall,BSQ Mall x1364 - Zales,Coca Cola - Zero Sugar,Carbonated,1.5,1,1.5,1.5
Brunswick Sq Mall,BSQ Mall x1364 - Zales,Coca Cola - Zero Sugar,Carbonated,1.5,2,3.0,3.0
GuttenPlans,GuttenPlans x1367,Sunkist Soda - Orange,Carbonated,1.5,1,1.5,1.5
GuttenPlans,GuttenPlans x1367,Lays - Classic,Food,1.5,1,1.5,1.5
GuttenPlans,GuttenPlans x1367,Doritos Nacho Cheese,Food,1.5,1,1.5,1.5
GuttenPlans,GuttenPlans x1367,Coca Cola - Regular,Carbonated,1.5,1,1.5,1.5
GuttenPlans,GuttenPlans x1367,Coca Cola - Regular,Carbonated,1.5,1,1.5,1.5
Brunswick Sq Mall,BSQ Mall x1366 - ATT,Poland Springs Water,Water,2.0,1,2.0,2.0
GuttenPlans,GuttenPlans x1367,Coca Cola - Regular,Carbonated,1.5,1,1.5,3.0
GuttenPlans,GuttenPlans x1367,Doritos Nacho Cheese,Food,1.5,1,1.5,3.0
GuttenPlans,GuttenPlans x1367,Red Bull - Original,Carbonated,3.5,1,3.5,3.5
GuttenPlans,GuttenPlans x1367,Monster Energy Original,Carbonated,3.0,1,3.0,3.0
GuttenPlans,GuttenPlans x1367,Nature's Bakery Fig Bar - Raspberry,Food,1.5,1,1.5,1.5
GuttenPlans,GuttenPlans x1367,Nature's Bakery Fig Bar - Raspberry,Food,1.5,1,1.5,1.5
GuttenPlans,GuttenPlans x1367,Snapple Tea - Peach,Non Carbonated,2.5,1,2.5,5.5
GuttenPlans,GuttenPlans x1367,Nature's Bakery Fig Bar - Blueberry,Food,1.5,2,3.0,5.5
Brunswick Sq Mall,BSQ Mall x1366 - ATT,Poland Springs Water,Water,2.0,1,2.0,2.0
GuttenPlans,GuttenPlans x1367,Snapple Tea - Lemon,Non Carbonated,2.5,1,2.5,2.5
Brunswick Sq Mall,BSQ Mall x1364 - Zales,Monster Energy Original,Carbonated,3.0,1,3.0,3.0
EB Public Library,EB Public Library x1380,Coca Cola - Zero Sugar,Carbonated,1.5,1,1.5,1.5
EB Public Library,EB Public Library x1380,S. Pellegrino Sparkling Mineral Water,Water,2.0,1,2.0,2.0
EB Public Library,EB Public Library x1380,Miss Vickie's Potato Chip - Sea Salt & Vinega,Food,1.5,1,1.5,1.5
EB Public Library,EB Public Library x1380,S. Pellegrino Sparkling Mineral Water,Water,2.0,1,2.0,2.0
EB Public Library,EB Public Library x1380,Iberia Coconut Water,Non Carbonated,2.0,1,2.0,2.0
Earle Asphalt,Earle Asphalt x1371,Wonderful Pistachios - Variety,Food,2.0,1,2.0,2.0
Earle Asphalt,Earle Asphalt x1371,Newtons Fig Bar,Food,1.5,1,1.5,1.5
GuttenPlans,GuttenPlans x1367,Monster Energy Original,Carbonated,3.0,1,3.0,3.0
Earle Asphalt,Earle Asphalt x1371,Pop Corners - White Cheddar,Food,1.5,1,1.5,1.5
EB Public Library,EB Public Library x1380,KitKat - Crisp Wafers,Food,2.0,1,2.0,2.0
EB Public Library,EB Public Library x1380,KitKat - Crisp Wafers,Food,2.0,1,2.0,2.0
EB Public Library,EB Public Library x1380,Iberia Coconut Water,Non Carbonated,2.0,1,2.0,2.0
Earle Asphalt,Earle Asphalt x1371,Oreo Mini,Food,1.5,1,1.5,1.5
GuttenPlans,GuttenPlans x1367,Coca Cola - Regular,Carbonated,1.5,1,1.5,1.5
GuttenPlans,GuttenPlans x1367,Doritos Nacho Cheese,Food,1.5,1,1.5,1.5
GuttenPlans,GuttenPlans x1367,Coca Cola - Regular,Carbonated,1.5,1,1.5,1.5
EB Public Library,EB Public Library x1380,CheezIt - Go Paks,Food,4.0,1,4.0,4.0
EB Public Library,EB Public Library x1380,S. Pellegrino Sparkling Mineral Water,Water,2.0,1,2.0,2.0
EB Public Library,EB Public Library x1380,Pop Corners - Sweet & Salty Kettle,Food,1.5,1,1.5,1.5
GuttenPlans,GuttenPlans x1367,Doritos Cool Ranch,Food,1.5,1,1.5,1.5
GuttenPlans,GuttenPlans x1367,Coca Cola - Regular,Carbonated,1.5,1,1.5,1.5
Brunswick Sq Mall,BSQ Mall x1366 - ATT,Snapple Tea - Lemon,Non Carbonated,2.5,1,2.5,2.5
GuttenPlans,GuttenPlans x1367,Cheetos - Crunchy,Food,1.5,1,1.5,1.5
GuttenPlans,GuttenPlans x1367,Coca Cola - Regular,Carbonated,1.5,1,1.5,1.5
GuttenPlans,GuttenPlans x1367,Coca Cola - Regular,Carbonated,1.5,1,1.5,1.5
GuttenPlans,GuttenPlans x1367,KitKat - Crisp Wafers,Food,2.5,1,2.5,2.5
GuttenPlans,GuttenPlans x1367,Coca Cola - Regular,Carbonated,1.5,1,1.5,1.5
GuttenPlans,GuttenPlans x1367,Lays - Classic,Food,1.5,1,1.5,1.5
GuttenPlans,GuttenPlans x1367,Lays - Classic,Food,1.5,1,1.5,1.5
GuttenPlans,GuttenPlans x1367,Coca Cola - Regular,Carbonated,1.5,1,1.5,1.5
GuttenPlans,GuttenPlans x1367,Monster Energy Original,Carbonated,3.0,1,3.0,3.0
GuttenPlans,GuttenPlans x1367,Funyuns - Flaming Hot,Food,2.0,1,2.0,2.0
GuttenPlans,GuttenPlans x1367,Sunkist Soda - Orange,Carbonated,1.5,1,1.5,3.0
GuttenPlans,GuttenPlans x1367,Doritos Nacho Cheese,Food,1.5,1,1.5,3.0
GuttenPlans,GuttenPlans x1367,Monster Energy Original,Carbonated,3.0,1,3.0,3.0
Earle Asphalt,Earle Asphalt x1371,Oreo Mini,Food,1.5,1,1.5,1.5
EB Public Library,EB Public Library x1380,KitKat - Crisp Wafers,Food,2.0,1,2.0,2.0
EB Public Library,EB Public Library x1380,BodyArmor LYTE - Strawberry Lemonade,Water,2.75,1,2.75,2.75
Earle Asphalt,Earle Asphalt x1371,Made in Nature - Mangoes Sweet & Tangy,Food,2.0,1,2.0,2.0
Earle Asphalt,Earle Asphalt x1371,Robert Irvine's - Fit Crunch -  Chocolate Pea,Food,2.0,1,2.0,2.0
GuttenPlans,GuttenPlans x1367,Fritos - Original,Food,1.5,1,1.5,1.5
EB Public Library,EB Public Library x1380,Hungry Buddha - Chocolate Chip,Food,2.0,1,2.0,2.0
Earle Asphalt,Earle Asphalt x1371,Oreo Mini,Food,1.5,1,1.5,1.5
Earle Asphalt,Earle Asphalt x1371,Pop Corners - Sea Salt,Food,1.5,1,1.5,1.5
EB Public Library,EB Public Library x1380,Snyder's of Hanover Pretzel Pieces - Honey Mu,Food,2.5,1,2.5,5.5
EB Public Library,EB Public Library x1380,Starbucks Refresher - Real Coconut Water,Carbonated,3.0,1,3.0,5.5
GuttenPlans,GuttenPlans x1367,Doritos Cool Ranch,Food,1.5,1,1.5,1.5
GuttenPlans,GuttenPlans x1367,Doritos Cool Ranch,Food,1.5,1,1.5,1.5
GuttenPlans,GuttenPlans x1367,Red Bull - Original,Carbonated,3.5,1,3.5,3.5
GuttenPlans,GuttenPlans x1367,Red Bull - Original,Carbonated,3.5,1,3.5,3.5
EB Public Library,EB Public Library x1380,Oreo Mini - Go Paks,,4.0,1,4.0,4.0
EB Public Library,EB Public Library x1380,CheezIt - White Cheddar,Food,1.5,1,1.5,1.5
EB Public Library,EB Public Library x1380,BodyArmor  LYTE - Blueberry Pomegranate,Non Carbonated,2.75,1,2.75,2.75
EB Public Library,EB Public Library x1380,Starbucks Refresher - Real Coconut Water,Carbonated,3.0,1,3.0,3.0
Earle Asphalt,Earle Asphalt x1371,Oreo Mini,Food,1.5,1,1.5,1.5
GuttenPlans,GuttenPlans x1367,Lays - Classic,Food,1.5,1,1.5,1.5
GuttenPlans,GuttenPlans x1367,Red Bull - Original,Carbonated,3.5,1,3.5,3.5
GuttenPlans,GuttenPlans x1367,Monster Energy Original,Carbonated,3.0,1,3.0,3.0
GuttenPlans,GuttenPlans x1367,Red Bull - Original,Carbonated,3.5,1,3.5,3.5
GuttenPlans,GuttenPlans x1367,Coca Cola - Regular,Carbonated,1.5,1,1.5,1.5
Brunswick Sq Mall,BSQ Mall x1364 - Zales,CheezIt - Original,Food,1.5,1,1.5,1.5
GuttenPlans,GuttenPlans x1367,Snapple Tea - Peach,Non Carbonated,2.5,1,2.5,2.5
GuttenPlans,GuttenPlans x1367,Doritos Cool Ranch,Food,1.5,1,1.5,1.5
GuttenPlans,GuttenPlans x1367,Cheetos - Fleming Hot Crunchy,Food,1.5,1,1.5,1.5
EB Public Library,EB Public Library x1380,Mini Chips Ahoy - Go Paks,,4.0,1,4.0,4.0
Brunswick Sq Mall,BSQ Mall x1364 - Zales,KitKat - Crisp Wafers,Food,2.0,3,6.0,6.0
GuttenPlans,GuttenPlans x1367,Coca Cola - Regular,Carbonated,1.5,1,1.5,1.5
GuttenPlans,GuttenPlans x1367,Coca Cola - Regular,Carbonated,1.5,1,1.5,1.5
GuttenPlans,GuttenPlans x1367,Sunkist Soda - Orange,Carbonated,1.5,1,1.5,1.5
GuttenPlans,GuttenPlans x1367,KitKat - Crisp Wafers,Food,2.5,1,2.5,2.5
Earle Asphalt,Earle Asphalt x1371,Pop Corners - Kettle Corn,Food,1.5,1,1.5,1.5
Earle Asphalt,Earle Asphalt x1371,Oreo Mini,Food,1.5,1,1.5,1.5
Earle Asphalt,Earle Asphalt x1371,Pop Corners - Sea Salt,Food,1.5,1,1.5,1.5
GuttenPlans,GuttenPlans x1367,Sunkist Soda - Orange,Carbonated,1.5,1,1.5,1.5
Earle Asphalt,Earle Asphalt x1371,Monster Energy  Zero Ultra,Carbonated,3.0,1,3.0,3.0
Earle Asphalt,Earle Asphalt x1371,Pop Corners - White Cheddar,Food,1.5,1,1.5,1.5
Earle Asphalt,Earle Asphalt x1371,Robert Irvine's - Fit Crunch -  Chocolate Pea,Food,2.0,1,2.0,2.0
EB Public Library,EB Public Library x1380,V8 Vegetable Juice - Original,Non Carbonated,2.0,1,2.0,2.0
EB Public Library,EB Public Library x1380,Pringles - Cheddar Cheese,Food,3.0,1,3.0,3.0
Brunswick Sq Mall,BSQ Mall x1366 - ATT,Poland Springs Water,Water,2.0,1,2.0,2.0
Earle Asphalt,Earle Asphalt x1371,RXBAR - Protein Bar - Peanut Butter,Food,2.0,1,2.0,2.0
Brunswick Sq Mall,BSQ Mall x1366 - ATT,Snapple Tea - Raspberry,Non Carbonated,2.75,1,2.75,2.75
EB Public Library,EB Public Library x1380,Pop Corners - Sweet & Salty Kettle,Food,1.5,1,1.5,1.5
GuttenPlans,GuttenPlans x1367,Sunkist Soda - Orange,Carbonated,1.5,1,1.5,1.5
GuttenPlans,GuttenPlans x1367,Sunkist Soda - Orange,Carbonated,1.5,1,1.5,1.5
GuttenPlans,GuttenPlans x1367,Doritos Famin Hot Nacho,Food,1.5,1,1.5,1.5
Earle Asphalt,Earle Asphalt x1371,Wonderful Pistachios - Variety,Food,2.0,1,2.0,2.0
GuttenPlans,GuttenPlans x1367,Monster Energy Original,Carbonated,3.0,1,3.0,3.0
Brunswick Sq Mall,BSQ Mall x1364 - Zales,Coca Cola - Zero Sugar,Carbonated,1.5,2,3.0,3.0
Earle Asphalt,Earle Asphalt x1371,Goldfish Baked - Cheddar,Food,1.25,1,1.25,1.25
GuttenPlans,GuttenPlans x1367,Sunkist Soda - Orange,Carbonated,1.5,1,1.5,1.5
GuttenPlans,GuttenPlans x1367,Monster Energy Original,Carbonated,3.0,1,3.0,3.0
GuttenPlans,GuttenPlans x1367,Sunkist Soda - Orange,Carbonated,1.5,1,1.5,1.5
Brunswick Sq Mall,BSQ Mall x1366 - ATT,Oreo Mini,Food,1.5,1,1.5,1.5
Brunswick Sq Mall,BSQ Mall x1366 - ATT,Snapple Tea - Lemon,Non Carbonated,2.5,1,2.5,2.5
GuttenPlans,GuttenPlans x1367,Doritos Famin Hot Nacho,Food,1.5,1,1.5,1.5
Brunswick Sq Mall,BSQ Mall x1364 - Zales,Oreo Mini,Food,1.25,1,1.25,1.25
GuttenPlans,GuttenPlans x1367,Snapple Tea - Raspberry,Non Carbonated,2.5,1,2.5,2.5
GuttenPlans,GuttenPlans x1367,Monster Energy Original,Carbonated,3.0,1,3.0,3.0
GuttenPlans,GuttenPlans x1367,Snapple Tea - Peach,Non Carbonated,2.5,1,2.5,2.5
GuttenPlans,GuttenPlans x1367,Doritos Cool Ranch,Food,1.5,1,1.5,1.5
GuttenPlans,GuttenPlans x1367,Monster Energy Original,Carbonated,3.0,1,3.0,3.0
GuttenPlans,GuttenPlans x1367,Doritos Cool Ranch,Food,1.5,1,1.5,1.5
GuttenPlans,GuttenPlans x1367,Monster Energy Original,Carbonated,3.0,1,3.0,3.0
GuttenPlans,GuttenPlans x1367,Ruffles Baked  - Cheddar & Sour Cream,Food,1.5,1,1.5,1.5
GuttenPlans,GuttenPlans x1367,Snapple Tea - Lemon,Non Carbonated,2.5,1,2.5,2.5
GuttenPlans,GuttenPlans x1367,Monster Energy Original,Carbonated,3.0,1,3.0,3.0
GuttenPlans,GuttenPlans x1367,Monster Energy Original,Carbonated,3.0,1,3.0,3.0
EB Public Library,EB Public Library x1380,Wonderful Pistachios - Variety,Food,2.0,1,2.0,2.0
EB Public Library,EB Public Library x1380,S. Pellegrino Sparkling Mineral Water,Water,2.0,1,2.0,2.0
Brunswick Sq Mall,BSQ Mall x1366 - ATT,CheezIt - Original,Food,1.5,1,1.5,1.5
Brunswick Sq Mall,BSQ Mall x1364 - Zales,BodyArmor LYTE  - Peach Mango,Water,2.75,1,2.75,2.75
Brunswick Sq Mall,BSQ Mall x1364 - Zales,Iberia Coconut Water,Non Carbonated,2.0,1,2.0,2.0
Brunswick Sq Mall,BSQ Mall x1366 - ATT,Snapple Tea - Raspberry,Non Carbonated,2.75,1,2.75,2.75
Brunswick Sq Mall,BSQ Mall x1366 - ATT,Canada Dry - Ginger Ale & Lemonde,,1.5,1,1.5,1.5
EB Public Library,EB Public Library x1380,BodyArmor LYTE - Strawberry Lemonade,Water,2.75,1,2.75,5.75
EB Public Library,EB Public Library x1380,Pringles - Sour Cream & Onion,Food,3.0,1,3.0,5.75
EB Public Library,EB Public Library x1380,Wonderful Pistachios - Variety,Food,2.0,1,2.0,3.5
EB Public Library,EB Public Library x1380,Miss Vickie's Potato Chip - Sea Salt & Vinega,Food,1.5,1,1.5,3.5
EB Public Library,EB Public Library x1380,Miss Vickie's Potato Chip - Sea Salt & Vinega,Food,1.5,1,1.5,1.5
Brunswick Sq Mall,BSQ Mall x1366 - ATT,Snapple Tea - Raspberry,Non Carbonated,2.75,1,2.75,2.75
Brunswick Sq Mall,BSQ Mall x1366 - ATT,Popchips Potato - Sea Salt,Food,1.5,1,1.5,1.5
GuttenPlans,GuttenPlans x1367,Snapple Tea - Lemon,Non Carbonated,2.5,1,2.5,2.5
GuttenPlans,GuttenPlans x1367,Snapple Tea - Raspberry,Non Carbonated,2.5,1,2.5,2.5
GuttenPlans,GuttenPlans x1367,KitKat - Crisp Wafers,Food,2.5,1,2.5,2.5
GuttenPlans,GuttenPlans x1367,Red Bull - Original,Carbonated,3.5,1,3.5,3.5
GuttenPlans,GuttenPlans x1367,Red Bull - Original,Carbonated,3.5,1,3.5,3.5
Earle Asphalt,Earle Asphalt x1371,Oreo Mini,Food,1.5,1,1.5,1.5
EB Public Library,EB Public Library x1380,KitKat - Crisp Wafers,Food,2.0,1,2.0,5.5
EB Public Library,EB Public Library x1380,Robert Irvine's - Fit Crunch -  Chocolate Pea,Food,2.0,1,2.0,5.5
EB Public Library,EB Public Library x1380,Miss Vickie's Potato Chip - Sea Salt & Vinega,Food,1.5,1,1.5,5.5
Earle Asphalt,Earle Asphalt x1371,Pop Corners - White Cheddar,Food,1.5,1,1.5,1.5
EB Public Library,EB Public Library x1380,Spindrift - Sparkling Water  Lime,Carbonated,1.5,1,1.5,1.5
EB Public Library,EB Public Library x1380,S. Pellegrino Sparkling Mineral Water,Water,2.0,1,2.0,2.0
EB Public Library,EB Public Library x1380,Spindrift - Sparkling Water  Lime,Carbonated,1.5,1,1.5,1.5
Earle Asphalt,Earle Asphalt x1371,Pop Corners - Kettle Corn,Food,1.5,1,1.5,1.5
Earle Asphalt,Earle Asphalt x1371,CheezIt - Original,Food,1.5,1,1.5,3.0
Earle Asphalt,Earle Asphalt x1371,Oreo Mini,Food,1.5,1,1.5,3.0
GuttenPlans,GuttenPlans x1367,Snapple Tea - Lemon,Non Carbonated,2.5,1,2.5,2.5
GuttenPlans,GuttenPlans x1367,Snapple Tea - Raspberry,Non Carbonated,2.5,1,2.5,2.5
EB Public Library,EB Public Library x1380,Starbucks Refresher - Real Coconut Water,Carbonated,3.0,1,3.0,3.0
Brunswick Sq Mall,BSQ Mall x1364 - Zales,BodyArmor LYTE  - Peach Mango,Water,2.75,1,2.75,2.75
GuttenPlans,GuttenPlans x1367,KitKat - Crisp Wafers,Food,2.5,1,2.5,2.5
GuttenPlans,GuttenPlans x1367,Monster Energy Original,Carbonated,3.0,1,3.0,3.0
GuttenPlans,GuttenPlans x1367,Snapple Tea - Raspberry,Non Carbonated,2.5,1,2.5,2.5
GuttenPlans,GuttenPlans x1367,Monster Energy Original,Carbonated,3.0,1,3.0,3.0
EB Public Library,EB Public Library x1380,Starbucks Refresher - Real Coconut Water,Carbonated,3.0,1,3.0,3.0
GuttenPlans,GuttenPlans x1367,Snapple Tea - Lemon,Non Carbonated,2.5,1,2.5,2.5
GuttenPlans,GuttenPlans x1367,Snapple Tea - Lemon,Non Carbonated,2.5,1,2.5,2.5
GuttenPlans,GuttenPlans x1367,KitKat - Crisp Wafers,Food,2.5,1,2.5,2.5
GuttenPlans,GuttenPlans x1367,Monster Energy Original,Carbonated,3.0,1,3.0,3.0
GuttenPlans,GuttenPlans x1367,Ruffles Baked  - Cheddar & Sour Cream,Food,1.5,2,3.0,3.0
Earle Asphalt,Earle Asphalt x1371,Pop Corners - White Cheddar,Food,1.5,1,1.5,1.5
EB Public Library,EB Public Library x1380,Iberia Coconut Water,Non Carbonated,2.0,1,2.0,2.0
EB Public Library,EB Public Library x1380,Keto Bar - Creamy Peanut Butter Chocolate,Food,2.0,1,2.0,2.0
Brunswick Sq Mall,BSQ Mall x1366 - ATT,SunChips Multigrain - Salsa,Food,1.5,1,1.5,1.5
Earle Asphalt,Earle Asphalt x1371,CheezIt - Original,Food,1.5,1,1.5,1.5
Earle Asphalt,Earle Asphalt x1371,Pop Corners - Kettle Corn,Food,1.5,1,1.5,1.5
GuttenPlans,GuttenPlans x1367,Monster Energy Original,Carbonated,3.0,1,3.0,3.0
Earle Asphalt,Earle Asphalt x1371,Wonderful Pistachios - Variety,Food,2.0,1,2.0,2.0
EB Public Library,EB Public Library x1380,Snyder's of Hanover Pretzel Pieces - Cheddar,Food,2.5,1,2.5,2.5
Earle Asphalt,Earle Asphalt x1371,Wonderful Pistachios - Variety,Food,2.0,1,2.0,2.0
EB Public Library,EB Public Library x1380,Starbucks Refresher - Real Coconut Water,Carbonated,3.0,1,3.0,3.0
Earle Asphalt,Earle Asphalt x1371,CheezIt - Original,Food,1.5,1,1.5,1.5
EB Public Library,EB Public Library x1380,KitKat - Crisp Wafers,Food,2.0,1,2.0,2.0
Earle Asphalt,Earle Asphalt x1371,CheezIt - Original,Food,1.5,1,1.5,1.5
EB Public Library,EB Public Library x1380,S. Pellegrino Sparkling Mineral Water,Water,2.0,1,2.0,2.0
EB Public Library,EB Public Library x1380,Wonderful Pistachios - Variety,Food,2.0,1,2.0,2.0
Earle Asphalt,Earle Asphalt x1371,Pop Corners - White Cheddar,Food,1.5,1,1.5,1.5
EB Public Library,EB Public Library x1380,Wonderful Pistachios - Variety,Food,2.0,1,2.0,4.0
EB Public Library,EB Public Library x1380,S. Pellegrino Sparkling Mineral Water,Water,2.0,1,2.0,4.0
EB Public Library,EB Public Library x1380,Starbucks Refresher - Real Coconut Water,Carbonated,3.0,1,3.0,3.0
Brunswick Sq Mall,BSQ Mall x1364 - Zales,Poland Springs Water,Water,1.5,1,1.5,1.5
GuttenPlans,GuttenPlans x1367,Monster Energy Original,Carbonated,3.0,1,3.0,3.0
GuttenPlans,GuttenPlans x1367,Doritos Famin Hot Nacho,Food,1.5,1,1.5,1.5
GuttenPlans,GuttenPlans x1367,,,,1,1.5,1.5
GuttenPlans,GuttenPlans x1367,Monster Energy Original,Carbonated,3.0,1,3.0,3.0
GuttenPlans,GuttenPlans x1367,Cheetos - Crunchy,Food,1.5,1,1.5,1.5
GuttenPlans,GuttenPlans x1367,Cheetos - Fleming Hot Crunchy,Food,2.0,1,2.0,2.0
Brunswick Sq Mall,BSQ Mall x1366 - ATT,SunChips Multigrain - Salsa,Food,1.5,1,1.5,1.5
Brunswick Sq Mall,BSQ Mall x1366 - ATT,Wonderful Pistachios - Variety,Food,2.0,1,2.0,2.0
EB Public Library,EB Public Library x1380,Starbucks Refresher - Real Coconut Water,Carbonated,3.0,1,3.0,4.5
EB Public Library,EB Public Library x1380,Pop Corners - Sweet & Salty Kettle,Food,1.5,1,1.5,4.5
GuttenPlans,GuttenPlans x1367,KitKat - Crisp Wafers,Food,2.5,1,2.5,5.0
GuttenPlans,GuttenPlans x1367,Snapple Lemonade - black berry,Non Carbonated,2.5,1,2.5,5.0
GuttenPlans,GuttenPlans x1367,Snapple Lemonade - watermelon,Non Carbonated,2.5,1,2.5,2.5
Brunswick Sq Mall,BSQ Mall x1364 - Zales,Poland Springs Water,Water,1.5,1,1.5,1.5
EB Public Library,EB Public Library x1380,S. Pellegrino Sparkling Mineral Water,Water,2.0,1,2.0,2.0
EB Public Library,EB Public Library x1380,S. Pellegrino Sparkling Mineral Water,Water,2.0,1,2.0,2.0
GuttenPlans,GuttenPlans x1367,Snapple Lemonade - watermelon,Non Carbonated,2.5,1,2.5,4.0
GuttenPlans,GuttenPlans x1367,Cheetos - Crunchy,Food,1.5,1,1.5,4.0
Brunswick Sq Mall,BSQ Mall x1364 - Zales,Snapple Diet Tea - Peach Tea,Non Carbonated,2.5,1,2.5,2.5
Earle Asphalt,Earle Asphalt x1371,Wonderful Pistachios - Variety,Food,2.0,1,2.0,2.0
EB Public Library,EB Public Library x1380,SunChips Multigrain - Harvest Cheddar,Food,1.5,1,1.5,1.5
EB Public Library,EB Public Library x1380,Snyder's of Hanover Pretzel Pieces - Cheddar,Food,2.5,1,2.5,6.0
EB Public Library,EB Public Library x1380,Wonderful Pistachios - Variety,Food,2.0,1,2.0,6.0
EB Public Library,EB Public Library x1380,CheezIt - Original,Food,1.5,1,1.5,6.0
GuttenPlans,GuttenPlans x1367,Monster Energy Original,Carbonated,3.0,1,3.0,3.0
GuttenPlans,GuttenPlans x1367,Red Bull - Original,Carbonated,3.5,1,3.5,3.5
GuttenPlans,GuttenPlans x1367,Coca Cola - Regular,Carbonated,1.5,1,1.5,1.5
GuttenPlans,GuttenPlans x1367,Coca Cola - Regular,Carbonated,1.5,1,1.5,1.5
GuttenPlans,GuttenPlans x1367,Sunkist Soda - Orange,Carbonated,1.5,1,1.5,1.5
GuttenPlans,GuttenPlans x1367,Monster Energy Original,Carbonated,3.0,1,3.0,3.0
GuttenPlans,GuttenPlans x1367,Coca Cola - Regular,Carbonated,1.5,1,1.5,1.5
GuttenPlans,GuttenPlans x1367,Coca Cola - Regular,Carbonated,1.5,1,1.5,1.5
GuttenPlans,GuttenPlans x1367,Doritos Nacho Cheese,Food,1.5,1,1.5,1.5
GuttenPlans,GuttenPlans x1367,Snapple Lemonade - black berry,Non Carbonated,2.5,1,2.5,2.5
GuttenPlans,GuttenPlans x1367,Funyuns - Flaming Hot,Food,1.5,1,1.5,1.5
GuttenPlans,GuttenPlans x1367,Doritos Nacho Cheese,Food,1.5,1,1.5,1.5
GuttenPlans,GuttenPlans x1367,Funyuns - Flaming Hot,Food,1.5,1,1.5,1.5
EB Public Library,EB Public Library x1380,BodyArmor LYTE - Strawberry Lemonade,Water,2.75,1,2.75,2.75
EB Public Library,EB Public Library x1380,Pringles - Sour Cream & Onion,Food,3.0,1,3.0,3.0
Brunswick Sq Mall,BSQ Mall x1364 - Zales,Oreo Mini,Food,1.5,1,1.5,1.5
Brunswick Sq Mall,BSQ Mall x1364 - Zales,Oreo Mini,Food,1.5,1,1.5,1.5
GuttenPlans,GuttenPlans x1367,Funyuns - Flaming Hot,Food,1.5,1,1.5,1.5
GuttenPlans,GuttenPlans x1367,Monster Energy Original,Carbonated,3.0,1,3.0,3.0
GuttenPlans,GuttenPlans x1367,Doritos Nacho Cheese,Food,1.5,1,1.5,1.5
GuttenPlans,GuttenPlans x1367,Sunkist Soda - Orange,Carbonated,1.5,1,1.5,1.5
GuttenPlans,GuttenPlans x1367,Nature's Bakery Fig Bar - Raspberry,Food,1.5,2,3.0,3.0
GuttenPlans,GuttenPlans x1367,Red Bull - Original,Carbonated,3.5,1,3.5,3.5
GuttenPlans,GuttenPlans x1367,Red Bull - Original,Carbonated,3.5,1,3.5,3.5
EB Public Library,EB Public Library x1380,S. Pellegrino Sparkling Mineral Water,Water,2.0,1,2.0,2.0
EB Public Library,EB Public Library x1380,Starbucks Refresher - Real Coconut Water,Carbonated,3.0,1,3.0,3.0
Earle Asphalt,Earle Asphalt x1371,CheezIt - Original,Food,1.5,1,1.5,3.0
Earle Asphalt,Earle Asphalt x1371,Pop Corners - Kettle Corn,Food,1.5,1,1.5,3.0
EB Public Library,EB Public Library x1380,Pringles - Sour Cream & Onion,Food,3.0,1,3.0,3.0
EB Public Library,EB Public Library x1380,BodyArmor LYTE - Strawberry Lemonade,Water,2.75,1,2.75,2.75
EB Public Library,EB Public Library x1380,Lenny & Larrys - SnickerDoodle,Food,3.0,1,3.0,3.0
EB Public Library,EB Public Library x1380,SunChips Multigrain - Original,Food,1.5,1,1.5,1.5
GuttenPlans,GuttenPlans x1367,Snapple Lemonade - pineapple,Non Carbonated,2.5,1,2.5,5.0
GuttenPlans,GuttenPlans x1367,KitKat - Crisp Wafers,Food,2.5,1,2.5,5.0
EB Public Library,EB Public Library x1380,Starbucks Doubleshot Energy - Mocha,Non Carbonated,3.5,1,3.5,3.5
EB Public Library,EB Public Library x1380,BodyArmor  LYTE - Blueberry Pomegranate,Non Carbonated,2.75,1,2.75,2.75
EB Public Library,EB Public Library x1380,S. Pellegrino Sparkling Mineral Water,Water,2.0,1,2.0,2.0
GuttenPlans,GuttenPlans x1367,Monster Energy Original,Carbonated,3.0,1,3.0,3.0
GuttenPlans,GuttenPlans x1367,Monster Energy Original,Carbonated,3.0,1,3.0,3.0
GuttenPlans,GuttenPlans x1367,Coca Cola - Regular,Carbonated,1.5,1,1.5,1.5
GuttenPlans,GuttenPlans x1367,KitKat - Crisp Wafers,Food,2.5,1,2.5,2.5
GuttenPlans,GuttenPlans x1367,Coca Cola - Regular,Carbonated,1.5,1,1.5,1.5
GuttenPlans,GuttenPlans x1367,Monster Energy Original,Carbonated,3.0,1,3.0,3.0
GuttenPlans,GuttenPlans x1367,Coca Cola - Regular,Carbonated,1.5,1,1.5,1.5
EB Public Library,EB Public Library x1380,S. Pellegrino Sparkling Mineral Water,Water,2.0,1,2.0,2.0
GuttenPlans,GuttenPlans x1367,Coca Cola - Regular,Carbonated,1.5,1,1.5,1.5
GuttenPlans,GuttenPlans x1367,Sunkist Soda - Orange,Carbonated,1.5,1,1.5,1.5
GuttenPlans,GuttenPlans x1367,Coca Cola - Regular,Carbonated,1.5,1,1.5,1.5
GuttenPlans,GuttenPlans x1367,Coca Cola - Regular,Carbonated,1.5,1,1.5,1.5
GuttenPlans,GuttenPlans x1367,Coca Cola - Regular,Carbonated,1.5,1,1.5,1.5
GuttenPlans,GuttenPlans x1367,Coca Cola - Regular,Carbonated,1.5,1,1.5,1.5
GuttenPlans,GuttenPlans x1367,Monster Energy Original,Carbonated,3.0,1,3.0,3.0
GuttenPlans,GuttenPlans x1367,Cheetos - Fleming Hot Crunchy,Food,2.0,1,2.0,2.0
GuttenPlans,GuttenPlans x1367,Coca Cola - Regular,Carbonated,1.5,1,1.5,1.5
GuttenPlans,GuttenPlans x1367,Coca Cola - Regular,Carbonated,1.5,1,1.5,1.5
GuttenPlans,GuttenPlans x1367,Doritos Nacho Cheese,Food,1.5,1,1.5,1.5
GuttenPlans,GuttenPlans x1367,Doritos Nacho Cheese,Food,1.5,1,1.5,1.5
GuttenPlans,GuttenPlans x1367,Monster Energy Original,Carbonated,3.0,1,3.0,3.0
GuttenPlans,GuttenPlans x1367,Nature's Bakery Fig Bar - Blueberry,Food,1.5,1,1.5,1.5
GuttenPlans,GuttenPlans x1367,Nature's Bakery Fig Bar - Raspberry,Food,1.5,2,3.0,3.0
GuttenPlans,GuttenPlans x1367,Red Bull - Original,Carbonated,3.5,1,3.5,3.5
EB Public Library,EB Public Library x1380,Starbucks Doubleshot Energy - Mocha,Non Carbonated,3.5,1,3.5,3.5
Earle Asphalt,Earle Asphalt x1371,Oreo Mini,Food,1.5,1,1.5,1.5
EB Public Library,EB Public Library x1380,SunChips Multigrain - Harvest Cheddar,Food,1.5,1,1.5,1.5
Brunswick Sq Mall,BSQ Mall x1366 - ATT,Spindrift - Sparkling Water - Pineapple,Carbonated,1.5,1,1.5,1.5
GuttenPlans,GuttenPlans x1367,Snapple Lemonade - watermelon,Non Carbonated,2.5,1,2.5,2.5
GuttenPlans,GuttenPlans x1367,Coca Cola - Regular,Carbonated,1.5,1,1.5,1.5
Brunswick Sq Mall,BSQ Mall x1364 - Zales,Poland Springs Water,Water,1.5,1,1.5,1.5
EB Public Library,EB Public Library x1380,Iberia Coconut Water,Non Carbonated,2.0,1,2.0,2.0
GuttenPlans,GuttenPlans x1367,KitKat - Crisp Wafers,Food,2.5,1,2.5,2.5
GuttenPlans,GuttenPlans x1367,Coca Cola - Regular,Carbonated,1.5,1,1.5,1.5
GuttenPlans,GuttenPlans x1367,Snapple Lemonade - pineapple,Non Carbonated,2.5,1,2.5,5.0
GuttenPlans,GuttenPlans x1367,KitKat - Crisp Wafers,Food,2.5,1,2.5,5.0
EB Public Library,EB Public Library x1380,CheezIt - White Cheddar,Food,1.5,1,1.5,1.5
EB Public Library,EB Public Library x1380,CheezIt - Cheddar Sour Cream and Onion,Food,1.5,1,1.5,1.5
EB Public Library,EB Public Library x1380,KitKat - Crisp Wafers,Food,2.0,1,2.0,2.0
EB Public Library,EB Public Library x1380,V8 Vegetable Juice - Original,Non Carbonated,2.0,1,2.0,2.0
GuttenPlans,GuttenPlans x1367,Coca Cola - Regular,Carbonated,1.5,1,1.5,1.5
GuttenPlans,GuttenPlans x1367,Funyuns - Flaming Hot,Food,1.5,1,1.5,1.5
EB Public Library,EB Public Library x1380,S. Pellegrino Sparkling Mineral Water,Water,2.0,1,2.0,2.0
GuttenPlans,GuttenPlans x1367,Monster Energy Original,Carbonated,3.0,1,3.0,3.0
GuttenPlans,GuttenPlans x1367,Coca Cola - Regular,Carbonated,1.5,1,1.5,1.5
GuttenPlans,GuttenPlans x1367,Cheetos - Crunchy,Food,1.5,1,1.5,1.5
Brunswick Sq Mall,BSQ Mall x1366 - ATT,SunChips Multigrain - Salsa,Food,1.5,1,1.5,1.5
GuttenPlans,GuttenPlans x1367,Monster Energy Original,Carbonated,3.0,1,3.0,3.0
GuttenPlans,GuttenPlans x1367,Monster Energy Original,Carbonated,3.0,1,3.0,3.0
EB Public Library,EB Public Library x1380,CheezIt - Original,Food,1.5,1,1.5,1.5
GuttenPlans,GuttenPlans x1367,Sunkist Soda - Orange,Carbonated,1.5,1,1.5,1.5
GuttenPlans,GuttenPlans x1367,Coca Cola - Regular,Carbonated,1.5,1,1.5,1.5
Brunswick Sq Mall,BSQ Mall x1366 - ATT,Coca Cola - Regular,Carbonated,2.0,1,2.0,2.0
EB Public Library,EB Public Library x1380,CheezIt - Cheddar Sour Cream and Onion,Food,1.5,1,1.5,1.5
GuttenPlans,GuttenPlans x1367,Coca Cola - Regular,Carbonated,1.5,1,1.5,1.5
Brunswick Sq Mall,BSQ Mall x1366 - ATT,SunChips Multigrain - Salsa,Food,1.5,1,1.5,1.5
GuttenPlans,GuttenPlans x1367,Sunkist Soda - Orange,Carbonated,1.5,1,1.5,1.5
Brunswick Sq Mall,BSQ Mall x1364 - Zales,CheezIt - Original,Food,1.5,1,1.5,1.5
Brunswick Sq Mall,BSQ Mall x1364 - Zales,CheezIt - Original,Food,1.5,1,1.5,1.5
GuttenPlans,GuttenPlans x1367,Monster Energy Original,Carbonated,3.0,1,3.0,3.0
GuttenPlans,GuttenPlans x1367,Coca Cola - Regular,Carbonated,1.5,1,1.5,1.5
GuttenPlans,GuttenPlans x1367,Coca Cola - Regular,Carbonated,1.5,1,1.5,1.5
GuttenPlans,GuttenPlans x1367,SunChips Multigrain - Salsa,Food,1.5,1,1.5,1.5
GuttenPlans,GuttenPlans x1367,Fritos - Original,Food,1.5,1,1.5,1.5
GuttenPlans,GuttenPlans x1367,Coca Cola - Regular,Carbonated,1.5,1,1.5,1.5
GuttenPlans,GuttenPlans x1367,Sunkist Soda - Orange,Carbonated,1.5,1,1.5,1.5
GuttenPlans,GuttenPlans x1367,Snapple Lemonade - watermelon,Non Carbonated,2.5,1,2.5,2.5
EB Public Library,EB Public Library x1380,Starbucks Refresher - Real Coconut Water,Carbonated,3.0,1,3.0,3.0
EB Public Library,EB Public Library x1380,CheezIt - Original,Food,1.5,1,1.5,1.5
GuttenPlans,GuttenPlans x1367,Snapple Lemonade - pineapple,Non Carbonated,2.5,1,2.5,2.5
GuttenPlans,GuttenPlans x1367,Snapple Lemonade - black berry,Non Carbonated,2.5,1,2.5,2.5
GuttenPlans,GuttenPlans x1367,Monster Energy Original,Carbonated,3.0,1,3.0,3.0
Brunswick Sq Mall,BSQ Mall x1366 - ATT,SunChips Multigrain - Harvest Cheddar,Food,1.5,1,1.5,1.5
Brunswick Sq Mall,BSQ Mall x1366 - ATT,Oreo Mini,Food,1.5,1,1.5,1.5
EB Public Library,EB Public Library x1380,Goldfish Baked - Cheddar,Food,1.25,1,1.25,1.25
Brunswick Sq Mall,BSQ Mall x1366 - ATT,Coca Cola - Regular,Carbonated,2.0,1,2.0,2.0
EB Public Library,EB Public Library x1380,Pop Corners - Sea Salt,Food,1.5,1,1.5,1.5
GuttenPlans,GuttenPlans x1367,Monster Energy Original,Carbonated,3.0,1,3.0,3.0
Brunswick Sq Mall,BSQ Mall x1364 - Zales,SunChips Multigrain - Original,Food,1.5,1,1.5,1.5
Brunswick Sq Mall,BSQ Mall x1366 - ATT,Spindrift - Sparkling Water - Pineapple,Carbonated,1.5,1,1.5,1.5
Brunswick Sq Mall,BSQ Mall x1366 - ATT,Wonderful Pistachios - Variety,Food,2.0,2,4.0,4.0
Brunswick Sq Mall,BSQ Mall x1364 - Zales,BodyArmor LYTE  - Peach Mango,Water,2.75,1,2.75,2.75
Brunswick Sq Mall,BSQ Mall x1364 - Zales,Monster Energy Original,Carbonated,3.0,1,3.0,3.0
Brunswick Sq Mall,BSQ Mall x1364 - Zales,Poland Springs Water,Water,1.5,1,1.5,1.5
GuttenPlans,GuttenPlans x1367,Nature's Bakery Fig Bar - Raspberry,Food,1.5,1,1.5,3.0
GuttenPlans,GuttenPlans x1367,Nature's Bakery Fig Bar - Blueberry,Food,1.5,1,1.5,3.0
GuttenPlans,GuttenPlans x1367,Coca Cola - Regular,Carbonated,1.5,1,1.5,1.5
GuttenPlans,GuttenPlans x1367,Cheetos Flaming Hot Limon Crunchy,Food,1.5,1,1.5,1.5
GuttenPlans,GuttenPlans x1367,Coca Cola - Regular,Carbonated,1.5,1,1.5,1.5
GuttenPlans,GuttenPlans x1367,Nature's Bakery Fig Bar - Blueberry,Food,1.5,1,1.5,1.5
GuttenPlans,GuttenPlans x1367,Red Bull - Original,Carbonated,3.5,1,3.5,3.5
Earle Asphalt,Earle Asphalt x1371,CheezIt - Double Cheese,Food,1.5,1,1.5,1.5
Earle Asphalt,Earle Asphalt x1371,Oreo Mini,Food,1.5,1,1.5,1.5
Earle Asphalt,Earle Asphalt x1371,Pop Corners - Kettle Corn,Food,1.5,1,1.5,1.5
Earle Asphalt,Earle Asphalt x1371,Wonderful Pistachios - Variety,Food,2.0,1,2.0,2.0
Earle Asphalt,Earle Asphalt x1371,CheezIt - Cheddar Sour Cream and Onion,Food,1.5,1,1.5,1.5
Earle Asphalt,Earle Asphalt x1371,Robert Irvine's - Fit Crunch -  Chocolate Pea,Food,2.0,1,2.0,2.0
Earle Asphalt,Earle Asphalt x1371,Coca Cola - Zero Sugar,Carbonated,1.5,1,1.5,1.5
EB Public Library,EB Public Library x1380,CheezIt - Go Paks,Food,4.0,1,4.0,4.0
GuttenPlans,GuttenPlans x1367,Snapple Lemonade - pineapple,Non Carbonated,2.5,1,2.5,4.0
GuttenPlans,GuttenPlans x1367,Fritos - Original,Food,1.5,1,1.5,4.0
Earle Asphalt,Earle Asphalt x1371,CheezIt - Original,Food,1.5,1,1.5,1.5
GuttenPlans,GuttenPlans x1367,Red Bull - Original,Carbonated,3.5,1,3.5,3.5
EB Public Library,EB Public Library x1380,Starbucks Refresher - Real Coconut Water,Carbonated,3.0,1,3.0,3.0
EB Public Library,EB Public Library x1380,Pop Corners - Sea Salt,Food,1.5,1,1.5,1.5
Earle Asphalt,Earle Asphalt x1371,Oreo Mini,Food,1.5,1,1.5,1.5
GuttenPlans,GuttenPlans x1367,Monster Energy Original,Carbonated,3.0,1,3.0,3.0
GuttenPlans,GuttenPlans x1367,Coca Cola - Regular,Carbonated,1.5,1,1.5,1.5
GuttenPlans,GuttenPlans x1367,Cheetos - Fleming Hot Crunchy,Food,2.0,1,2.0,2.0
Brunswick Sq Mall,BSQ Mall x1364 - Zales,Poland Springs Water,Water,1.5,1,1.5,1.5
GuttenPlans,GuttenPlans x1367,Nature's Bakery Fig Bar - Blueberry,Food,1.5,1,1.5,1.5
GuttenPlans,GuttenPlans x1367,Red Bull - Original,Carbonated,3.5,1,3.5,3.5
GuttenPlans,GuttenPlans x1367,Coca Cola - Regular,Carbonated,1.5,1,1.5,1.5
EB Public Library,EB Public Library x1380,CheezIt - Cheddar Sour Cream and Onion,Food,1.5,1,1.5,1.5
GuttenPlans,GuttenPlans x1367,Monster Energy Original,Carbonated,3.0,1,3.0,3.0
EB Public Library,EB Public Library x1380,BodyArmor LYTE - Strawberry Lemonade,Water,2.75,1,2.75,2.75
EB Public Library,EB Public Library x1380,Bai Antioxidant - Tanzania Lemon Super Tea,Non Carbonated,2.75,1,2.75,2.75
Brunswick Sq Mall,BSQ Mall x1364 - Zales,Iberia Coconut Water,Non Carbonated,2.0,1,2.0,2.0
EB Public Library,EB Public Library x1380,Miss Vickie's Potato Chip - Jalapeno,Food,1.5,1,1.5,1.5
GuttenPlans,GuttenPlans x1367,Coca Cola - Regular,Carbonated,1.5,1,1.5,1.5
GuttenPlans,GuttenPlans x1367,Coca Cola - Regular,Carbonated,1.5,1,1.5,1.5
GuttenPlans,GuttenPlans x1367,Cheetos - Fleming Hot Crunchy,Food,1.5,1,1.5,1.5
GuttenPlans,GuttenPlans x1367,KitKat - Crisp Wafers,Food,2.5,1,2.5,2.5
GuttenPlans,GuttenPlans x1367,Doritos Nacho Cheese,Food,1.5,1,1.5,5.5
GuttenPlans,GuttenPlans x1367,Snapple Lemonade - black berry,Non Carbonated,2.5,1,2.5,5.5
GuttenPlans,GuttenPlans x1367,Funyuns - Flaming Hot,Food,1.5,1,1.5,5.5
GuttenPlans,GuttenPlans x1367,Nature's Bakery Fig Bar - Raspberry,Food,1.5,1,1.5,3.0
GuttenPlans,GuttenPlans x1367,Nature's Bakery Fig Bar - Blueberry,Food,1.5,1,1.5,3.0
GuttenPlans,GuttenPlans x1367,Coca Cola - Regular,Carbonated,1.5,1,1.5,1.5
GuttenPlans,GuttenPlans x1367,Cheetos - Crunchy,Food,1.5,1,1.5,1.5
GuttenPlans,GuttenPlans x1367,Coca Cola - Regular,Carbonated,1.5,1,1.5,1.5
Earle Asphalt,Earle Asphalt x1371,Oreo Mini,Food,1.5,1,1.5,1.5
Earle Asphalt,Earle Asphalt x1371,Oreo Mini,Food,1.5,1,1.5,1.5
GuttenPlans,GuttenPlans x1367,Monster Energy Original,Carbonated,3.0,1,3.0,3.0
GuttenPlans,GuttenPlans x1367,Nature's Bakery Fig Bar - Raspberry,Food,1.5,1,1.5,1.5
EB Public Library,EB Public Library x1380,BodyArmor  LYTE - Blueberry Pomegranate,Non Carbonated,2.75,1,2.75,2.75
EB Public Library,EB Public Library x1380,Miss Vickie's Potato Chip - Jalapeno,Food,1.5,1,1.5,1.5
EB Public Library,EB Public Library x1380,Starbucks Doubleshot Energy - Mocha,Non Carbonated,3.5,1,3.5,3.5
Earle Asphalt,Earle Asphalt x1371,CheezIt - Double Cheese,Food,1.5,1,1.5,1.5
Earle Asphalt,Earle Asphalt x1371,SunChips Multigrain - Salsa,Food,1.5,1,1.5,1.5
GuttenPlans,GuttenPlans x1367,Red Bull - Original,Carbonated,3.5,1,3.5,3.5
GuttenPlans,GuttenPlans x1367,Cheetos - Crunchy,Food,1.5,1,1.5,1.5
Earle Asphalt,Earle Asphalt x1371,Pop Corners - Kettle Corn,Food,1.5,1,1.5,3.0
Earle Asphalt,Earle Asphalt x1371,CheezIt - Original,Food,1.5,1,1.5,3.0
GuttenPlans,GuttenPlans x1367,Cheetos - Fleming Hot Crunchy,Food,1.5,1,1.5,1.5
EB Public Library,EB Public Library x1380,Ice Breakers Ice Cubes - PepperMint,Food,5.0,1,5.0,5.0
EB Public Library,EB Public Library x1380,Goldfish Baked - Cheddar,Food,1.25,1,1.25,1.25
EB Public Library,EB Public Library x1380,Miss Vickie's Potato Chip - Jalapeno,Food,1.5,1,1.5,1.5
EB Public Library,EB Public Library x1380,V8 Vegetable Juice - Original,Non Carbonated,2.0,1,2.0,2.0
Earle Asphalt,Earle Asphalt x1371,V8 Vegetable Juice - Original,Non Carbonated,1.5,1,1.5,1.5
EB Public Library,EB Public Library x1380,Wonderful Pistachios - Variety,Food,2.0,1,2.0,2.0
EB Public Library,EB Public Library x1380,Starbucks Doubleshot Energy - Mocha,Non Carbonated,3.5,1,3.5,3.5
EB Public Library,EB Public Library x1380,Starbucks Doubleshot Energy - Mocha,Non Carbonated,3.5,1,3.5,3.5
Earle Asphalt,Earle Asphalt x1371,Oreo Mini,Food,1.5,1,1.5,1.5
GuttenPlans,GuttenPlans x1367,Red Bull - Original,Carbonated,3.5,1,3.5,3.5
GuttenPlans,GuttenPlans x1367,Red Bull - Original,Carbonated,3.5,1,3.5,3.5
Earle Asphalt,Earle Asphalt x1371,Newtons Fig Bar,Food,1.5,1,1.5,1.5
GuttenPlans,GuttenPlans x1367,Monster Energy Original,Carbonated,3.0,1,3.0,3.0
Earle Asphalt,Earle Asphalt x1371,Robert Irvine's - Fit Crunch -  Chocolate Pea,Food,2.0,1,2.0,2.0
GuttenPlans,GuttenPlans x1367,Coca Cola - Regular,Carbonated,1.5,1,1.5,1.5
GuttenPlans,GuttenPlans x1367,Coca Cola - Regular,Carbonated,1.5,1,1.5,1.5
GuttenPlans,GuttenPlans x1367,Coca Cola - Regular,Carbonated,1.5,1,1.5,1.5
Earle Asphalt,Earle Asphalt x1371,Robert Irvine's - Fit Crunch -  Chocolate Pea,Food,2.0,1,2.0,2.0
GuttenPlans,GuttenPlans x1367,Coca Cola - Regular,Carbonated,1.5,1,1.5,1.5
GuttenPlans,GuttenPlans x1367,Doritos Famin Hot Nacho,Food,1.5,1,1.5,1.5
GuttenPlans,GuttenPlans x1367,Monster Energy Original,Carbonated,3.0,1,3.0,3.0
Brunswick Sq Mall,BSQ Mall x1364 - Zales,Oreo Mini,Food,1.5,1,1.5,1.5
GuttenPlans,GuttenPlans x1367,SunChips Multigrain - Harvest Cheddar,Food,1.5,1,1.5,1.5
EB Public Library,EB Public Library x1380,BodyArmor LYTE - Strawberry Lemonade,Water,2.75,1,2.75,2.75
Brunswick Sq Mall,BSQ Mall x1364 - Zales,Iberia Coconut Water,Non Carbonated,2.0,1,2.0,2.0
GuttenPlans,GuttenPlans x1367,Doritos Nacho Cheese,Food,1.5,1,1.5,3.0
GuttenPlans,GuttenPlans x1367,SunChips Multigrain - Salsa,Food,1.5,1,1.5,3.0
GuttenPlans,GuttenPlans x1367,Cheetos - Fleming Hot Crunchy,Food,1.5,1,1.5,1.5
GuttenPlans,GuttenPlans x1367,Monster Energy Original,Carbonated,3.0,1,3.0,3.0
GuttenPlans,GuttenPlans x1367,Snapple Lemonade - black berry,Non Carbonated,2.5,1,2.5,5.5
GuttenPlans,GuttenPlans x1367,Funyuns - Flaming Hot,Food,1.5,1,1.5,5.5
GuttenPlans,GuttenPlans x1367,SunChips Multigrain - Salsa,Food,1.5,1,1.5,5.5
GuttenPlans,GuttenPlans x1367,Nature's Bakery Fig Bar - Blueberry,Food,1.5,2,3.0,3.0
GuttenPlans,GuttenPlans x1367,Nature's Bakery Fig Bar - Blueberry,Food,1.5,1,1.5,1.5
GuttenPlans,GuttenPlans x1367,Nature's Bakery Fig Bar - Blueberry,Food,1.5,1,1.5,1.5
GuttenPlans,GuttenPlans x1367,Nature's Bakery Fig Bar - Raspberry,Food,1.5,1,1.5,3.0
GuttenPlans,GuttenPlans x1367,Nature's Bakery Fig Bar - Blueberry,Food,1.5,1,1.5,3.0
Earle Asphalt,Earle Asphalt x1371,Oreo Mini,Food,1.5,2,3.0,3.0
GuttenPlans,GuttenPlans x1367,Snapple Lemonade - black berry,Non Carbonated,2.5,1,2.5,2.5
GuttenPlans,GuttenPlans x1367,Red Bull - Original,Carbonated,3.5,1,3.5,3.5
GuttenPlans,GuttenPlans x1367,Snapple Lemonade - black berry,Non Carbonated,2.5,1,2.5,2.5
GuttenPlans,GuttenPlans x1367,Sunkist Soda - Orange,Carbonated,1.5,1,1.5,1.5
EB Public Library,EB Public Library x1380,Starbucks Doubleshot Energy - Mocha,Non Carbonated,3.5,1,3.5,3.5
GuttenPlans,GuttenPlans x1367,Red Bull - Original,Carbonated,3.5,1,3.5,3.5
Brunswick Sq Mall,BSQ Mall x1364 - Zales,Coca Cola - Zero Sugar,Carbonated,1.5,1,1.5,1.5
Earle Asphalt,Earle Asphalt x1371,Hungry Buddha - Chocolate Chip,Food,2.0,1,2.0,2.0
GuttenPlans,GuttenPlans x1367,Snapple Lemonade - pineapple,Non Carbonated,2.5,1,2.5,4.0
GuttenPlans,GuttenPlans x1367,Fritos - Original,Food,1.5,1,1.5,4.0
EB Public Library,EB Public Library x1380,Bai Antioxidant - Tanzania Lemon Super Tea,Non Carbonated,2.75,1,2.75,2.75
EB Public Library,EB Public Library x1380,Goldfish Baked - Cheddar,Food,1.25,1,1.25,1.25
EB Public Library,EB Public Library x1380,Bai Antioxidant - Tanzania Lemon Super Tea,Non Carbonated,2.75,1,2.75,2.75
Brunswick Sq Mall,BSQ Mall x1364 - Zales,CheezIt - Original,Food,1.5,1,1.5,1.5
Earle Asphalt,Earle Asphalt x1371,CheezIt - Double Cheese,Food,1.5,1,1.5,1.5
GuttenPlans,GuttenPlans x1367,Funyuns - Flaming Hot,Food,1.5,1,1.5,1.5
GuttenPlans,GuttenPlans x1367,Monster Energy Original,Carbonated,3.0,1,3.0,3.0
GuttenPlans,GuttenPlans x1367,Monster Energy Original,Carbonated,3.0,1,3.0,3.0
GuttenPlans,GuttenPlans x1367,Sunkist Soda - Orange,Carbonated,1.5,1,1.5,1.5
GuttenPlans,GuttenPlans x1367,Sunkist Soda - Orange,Carbonated,1.5,1,1.5,1.5
EB Public Library,EB Public Library x1380,Pringles - Sour Cream & Onion,Food,3.0,1,3.0,3.0
Earle Asphalt,Earle Asphalt x1371,Hungry Buddha - Chocolate Chip,Food,2.0,1,2.0,2.0
EB Public Library,EB Public Library x1380,KitKat - Crisp Wafers,Food,2.0,1,2.0,2.0
EB Public Library,EB Public Library x1380,BodyArmor LYTE - Strawberry Lemonade,Water,2.75,1,2.75,2.75
EB Public Library,EB Public Library x1380,Miss Vickie's Potato Chip - Sea Salt Original,Food,1.5,1,1.5,1.5
EB Public Library,EB Public Library x1380,Wonderful Pistachios - Variety,Food,2.0,1,2.0,2.0
GuttenPlans,GuttenPlans x1367,Monster Energy Original,Carbonated,3.0,1,3.0,3.0
Brunswick Sq Mall,BSQ Mall x1364 - Zales,Snapple Diet Tea - Peach Tea,Non Carbonated,2.5,1,2.5,2.5
GuttenPlans,GuttenPlans x1367,Cheetos - Crunchy,Food,1.5,1,1.5,1.5
GuttenPlans,GuttenPlans x1367,SunChips Multigrain - Harvest Cheddar,Food,1.5,1,1.5,1.5
GuttenPlans,GuttenPlans x1367,Snapple Lemonade - black berry,Non Carbonated,2.5,1,2.5,4.0
GuttenPlans,GuttenPlans x1367,SunChips Multigrain - Salsa,Food,1.5,1,1.5,4.0
GuttenPlans,GuttenPlans x1367,SunChips Multigrain - Harvest Cheddar,Food,1.5,1,1.5,1.5
EB Public Library,EB Public Library x1380,Lenny & Larrys - SnickerDoodle,Food,3.0,1,3.0,3.0
GuttenPlans,GuttenPlans x1367,Munchies Snack mix Flaming Hot,Food,2.0,1,2.0,2.0
GuttenPlans,GuttenPlans x1367,SunChips Multigrain - Salsa,Food,1.5,1,1.5,1.5
EB Public Library,EB Public Library x1380,Iberia Coconut Water,Non Carbonated,2.0,1,2.0,2.0
Earle Asphalt,Earle Asphalt x1371,CheezIt - Cheddar Sour Cream and Onion,Food,1.5,1,1.5,1.5
GuttenPlans,GuttenPlans x1367,Sunkist Soda - Orange,Carbonated,1.5,1,1.5,1.5
GuttenPlans,GuttenPlans x1367,Cheetos Flaming Hot Limon Crunchy,Food,1.5,1,1.5,1.5
GuttenPlans,GuttenPlans x1367,Sunkist Soda - Orange,Carbonated,1.5,1,1.5,1.5
EB Public Library,EB Public Library x1380,BodyArmor  LYTE - Blueberry Pomegranate,Non Carbonated,2.75,1,2.75,2.75
Earle Asphalt,Earle Asphalt x1371,SunChips Multigrain - Original,Food,1.5,1,1.5,1.5
EB Public Library,EB Public Library x1380,SunChips Multigrain - Harvest Cheddar,Food,1.5,1,1.5,1.5
GuttenPlans,GuttenPlans x1367,Sunkist Soda - Orange,Carbonated,1.5,1,1.5,1.5
GuttenPlans,GuttenPlans x1367,Sunkist Soda - Orange,Carbonated,1.5,1,1.5,1.5
GuttenPlans,GuttenPlans x1367,Doritos Famin Hot Nacho,Food,1.5,1,1.5,1.5
GuttenPlans,GuttenPlans x1367,Cheetos Flaming Hot Limon Crunchy,Food,1.5,1,1.5,1.5
EB Public Library,EB Public Library x1380,Starbucks Doubleshot Energy - Mocha,Non Carbonated,3.5,1,3.5,3.5
EB Public Library,EB Public Library x1380,Wonderful Pistachios - Variety,Food,2.0,1,2.0,2.0
GuttenPlans,GuttenPlans x1367,KitKat - Crisp Wafers,Food,2.5,1,2.5,2.5
GuttenPlans,GuttenPlans x1367,Fritos - Original,Food,1.5,1,1.5,4.0
GuttenPlans,GuttenPlans x1367,KitKat - Crisp Wafers,Food,2.5,1,2.5,4.0
EB Public Library,EB Public Library x1380,Ice Breakers Ice Cubes - PepperMint,Food,5.0,1,5.0,5.0
Earle Asphalt,Earle Asphalt x1371,Kinder - Bueno - Crispy Creamy Chocolate,Food,2.0,1,2.0,2.0
EB Public Library,EB Public Library x1380,Bai Antioxidant - Tanzania Lemon Super Tea,Non Carbonated,2.75,1,2.75,2.75
Earle Asphalt,Earle Asphalt x1371,Pop Corners - Kettle Corn,Food,1.5,1,1.5,1.5
Earle Asphalt,Earle Asphalt x1371,SunChips Multigrain - Salsa,Food,1.5,1,1.5,1.5
EB Public Library,EB Public Library x1380,KitKat - Crisp Wafers,Food,2.0,1,2.0,2.0
EB Public Library,EB Public Library x1380,Starbucks Doubleshot Energy - Mocha,Non Carbonated,3.5,1,3.5,3.5
Earle Asphalt,Earle Asphalt x1371,SunChips Multigrain - Salsa,Food,1.5,1,1.5,1.5
Earle Asphalt,Earle Asphalt x1371,CheezIt - Double Cheese,Food,1.5,1,1.5,1.5
Earle Asphalt,Earle Asphalt x1371,KitKat - Crisp Wafers,Food,1.75,1,1.75,1.75
GuttenPlans,GuttenPlans x1367,Snapple Lemonade - watermelon,Non Carbonated,2.5,1,2.5,2.5
GuttenPlans,GuttenPlans x1367,Cheetos - Crunchy,Food,1.5,1,1.5,1.5
GuttenPlans,GuttenPlans x1367,Snapple Lemonade - watermelon,Non Carbonated,2.5,1,2.5,2.5
GuttenPlans,GuttenPlans x1367,Sunkist Soda - Orange,Carbonated,1.5,1,1.5,1.5
GuttenPlans,GuttenPlans x1367,Fritos - Original,Food,1.5,1,1.5,1.5
EB Public Library,EB Public Library x1380,V8 Vegetable Juice - Original,Non Carbonated,2.0,1,2.0,2.0
GuttenPlans,GuttenPlans x1367,Snapple Lemonade - watermelon,Non Carbonated,2.5,1,2.5,2.5
GuttenPlans,GuttenPlans x1367,Snapple Lemonade - pineapple,Non Carbonated,2.5,1,2.5,2.5
EB Public Library,EB Public Library x1380,CheezIt - Original,Food,1.5,1,1.5,1.5
Brunswick Sq Mall,BSQ Mall x1366 - ATT,Coca Cola - Regular,Carbonated,2.0,1,2.0,2.0
EB Public Library,EB Public Library x1380,Bai Antioxidant - Tanzania Lemon Super Tea,Non Carbonated,2.75,1,2.75,2.75
GuttenPlans,GuttenPlans x1367,Fritos - Original,Food,1.5,1,1.5,1.5
GuttenPlans,GuttenPlans x1367,SunChips Multigrain - Salsa,Food,1.5,1,1.5,1.5
GuttenPlans,GuttenPlans x1367,Cheetos Flaming Hot Limon Crunchy,Food,1.5,1,1.5,1.5
GuttenPlans,GuttenPlans x1367,Snapple Lemonade - watermelon,Non Carbonated,2.5,1,2.5,2.5
GuttenPlans,GuttenPlans x1367,SunChips Multigrain - Salsa,Food,1.5,1,1.5,1.5
GuttenPlans,GuttenPlans x1367,Cheetos Flaming Hot Limon Crunchy,Food,1.5,1,1.5,1.5
GuttenPlans,GuttenPlans x1367,Snapple Lemonade - pineapple,Non Carbonated,2.5,1,2.5,2.5
GuttenPlans,GuttenPlans x1367,Cheetos - Fleming Hot Crunchy,Food,2.0,1,2.0,2.0
GuttenPlans,GuttenPlans x1367,SunChips Multigrain - Harvest Cheddar,Food,1.5,1,1.5,1.5
GuttenPlans,GuttenPlans x1367,SunChips Multigrain - Harvest Cheddar,Food,1.5,1,1.5,1.5
GuttenPlans,GuttenPlans x1367,Cheetos - Fleming Hot Crunchy,Food,1.5,1,1.5,1.5
GuttenPlans,GuttenPlans x1367,SunChips Multigrain - Harvest Cheddar,Food,1.5,1,1.5,3.0
GuttenPlans,GuttenPlans x1367,Cheetos Flaming Hot Limon Crunchy,Food,1.5,1,1.5,3.0
GuttenPlans,GuttenPlans x1367,Nature's Bakery Fig Bar - Raspberry,Food,1.5,1,1.5,1.5
GuttenPlans,GuttenPlans x1367,Nature's Bakery Fig Bar - Blueberry,Food,1.5,1,1.5,1.5
GuttenPlans,GuttenPlans x1367,Nature's Bakery Fig Bar - Blueberry,Food,1.5,1,1.5,1.5
GuttenPlans,GuttenPlans x1367,Nature's Bakery Fig Bar - Raspberry,Food,1.5,1,1.5,3.0
GuttenPlans,GuttenPlans x1367,Nature's Bakery Fig Bar - Blueberry,Food,1.5,1,1.5,3.0
Earle Asphalt,Earle Asphalt x1371,CheezIt - Cheddar Sour Cream and Onion,Food,1.5,1,1.5,1.5
Earle Asphalt,Earle Asphalt x1371,SunChips Multigrain - Salsa,Food,1.5,1,1.5,1.5
Earle Asphalt,Earle Asphalt x1371,CheezIt - Double Cheese,Food,1.5,1,1.5,1.5
Earle Asphalt,Earle Asphalt x1371,KitKat - Crisp Wafers,Food,1.75,1,1.75,1.75
EB Public Library,EB Public Library x1380,Wonderful Pistachios - Variety,Food,2.0,1,2.0,2.0
Earle Asphalt,Earle Asphalt x1371,Robert Irvine's - Fit Crunch -  Chocolate Pea,Food,2.0,1,2.0,2.0
Earle Asphalt,Earle Asphalt x1371,SunChips Multigrain - Original,Food,1.5,1,1.5,1.5
Earle Asphalt,Earle Asphalt x1371,Goldfish Baked - Cheddar,Food,1.25,1,1.25,1.25
EB Public Library,EB Public Library x1380,Coca Cola - Zero Sugar,Carbonated,2.0,1,2.0,2.0
Earle Asphalt,Earle Asphalt x1371,SunChips Multigrain - Salsa,Food,1.5,1,1.5,1.5
EB Public Library,EB Public Library x1380,Oreo Mini - Go Paks,,4.0,1,4.0,4.0
EB Public Library,EB Public Library x1380,Coca Cola - Zero Sugar,Carbonated,2.0,1,2.0,2.0
EB Public Library,EB Public Library x1380,KitKat - Crisp Wafers,Food,2.0,1,2.0,2.0
Brunswick Sq Mall,BSQ Mall x1364 - Zales,Iberia Coconut Water,Non Carbonated,2.0,1,2.0,2.0
EB Public Library,EB Public Library x1380,Wonderful Pistachios - Variety,Food,2.0,1,2.0,2.0
EB Public Library,EB Public Library x1380,Coca Cola - Zero Sugar,Carbonated,2.0,1,2.0,2.0
EB Public Library,EB Public Library x1380,SunChips Multigrain - Original,Food,1.5,1,1.5,4.5
EB Public Library,EB Public Library x1380,Pringles - Sour Cream & Onion,Food,3.0,1,3.0,4.5
EB Public Library,EB Public Library x1380,BodyArmor  LYTE - Blueberry Pomegranate,Non Carbonated,2.75,1,2.75,2.75
EB Public Library,EB Public Library x1380,Iberia Coconut Water,Non Carbonated,2.0,1,2.0,2.0
EB Public Library,EB Public Library x1380,RXBAR - Protein Bar - Peanut Butter,Food,2.0,1,2.0,2.0
EB Public Library,EB Public Library x1380,BodyArmor  LYTE - Blueberry Pomegranate,Non Carbonated,2.75,1,2.75,2.75
EB Public Library,EB Public Library x1380,Coca Cola - Zero Sugar,Carbonated,2.0,1,2.0,2.0
EB Public Library,EB Public Library x1380,Seapoint Farms Dry Roasted Edamame - Wasabi,Food,2.5,1,2.5,2.5
EB Public Library,EB Public Library x1380,S. Pellegrino Sparkling Mineral Water,Water,2.0,1,2.0,2.0
EB Public Library,EB Public Library x1380,Starbucks Doubleshot Energy - Mocha,Non Carbonated,3.5,1,3.5,3.5
EB Public Library,EB Public Library x1380,SunChips Multigrain - Harvest Cheddar,Food,1.5,1,1.5,1.5
GuttenPlans,GuttenPlans x1367,SunChips Multigrain - Harvest Cheddar,Food,1.5,1,1.5,1.5
Brunswick Sq Mall,BSQ Mall x1366 - ATT,Oreo Mini,Food,1.5,1,1.5,1.5
GuttenPlans,GuttenPlans x1367,KitKat - Crisp Wafers,Food,2.5,1,2.5,2.5
GuttenPlans,GuttenPlans x1367,Snapple Lemonade - pineapple,Non Carbonated,2.5,1,2.5,2.5
GuttenPlans,GuttenPlans x1367,KitKat - Crisp Wafers,Food,2.5,1,2.5,2.5
GuttenPlans,GuttenPlans x1367,Cheetos - Crunchy,Food,1.5,1,1.5,1.5
EB Public Library,EB Public Library x1380,Mini Chips Ahoy - Go Paks,,4.0,1,4.0,4.0
EB Public Library,EB Public Library x1380,Keto Bar - Creamy Peanut Butter Chocolate,Food,2.0,1,2.0,2.0
EB Public Library,EB Public Library x1380,Pringles - Cheddar Cheese,Food,3.0,1,3.0,3.0
EB Public Library,EB Public Library x1380,Starbucks Refresher - Real Coconut Water,Carbonated,3.0,1,3.0,3.0
EB Public Library,EB Public Library x1380,Starbucks Refresher - Real Coconut Water,Carbonated,3.0,1,3.0,3.0
EB Public Library,EB Public Library x1380,Wonderful Pistachios - Variety,Food,2.0,1,2.0,2.0
EB Public Library,EB Public Library x1380,Starbucks Doubleshot Energy - Mocha,Non Carbonated,3.5,1,3.5,3.5
GuttenPlans,GuttenPlans x1367,Jack Links Beef Steak Original,Food,1.5,1,1.5,1.5
GuttenPlans,GuttenPlans x1367,Cheetos - Fleming Hot Crunchy,Food,1.5,1,1.5,1.5
Brunswick Sq Mall,BSQ Mall x1366 - ATT,Wonderful Pistachios - Variety,Food,2.0,1,2.0,2.0
EB Public Library,EB Public Library x1380,CheezIt - Original,Food,1.5,1,1.5,1.5
Brunswick Sq Mall,BSQ Mall x1366 - ATT,Monster Energy Original,Carbonated,3.0,1,3.0,3.0
EB Public Library,EB Public Library x1380,Snyder's of Hanover Pretzel Pieces - Cheddar,Food,2.5,1,2.5,2.5
Brunswick Sq Mall,BSQ Mall x1364 - Zales,KitKat - Crisp Wafers,Food,2.0,1,2.0,2.0
Brunswick Sq Mall,BSQ Mall x1364 - Zales,Snapple Diet Tea - Peach Tea,Non Carbonated,2.5,1,2.5,2.5
Brunswick Sq Mall,BSQ Mall x1364 - Zales,Seapoint Farms Dry Roasted Edamame - Wasabi,Food,2.5,1,2.5,2.5
GuttenPlans,GuttenPlans x1367,Cheetos - Fleming Hot Crunchy,Food,1.5,1,1.5,1.5
EB Public Library,EB Public Library x1380,CheezIt - Original,Food,1.5,1,1.5,1.5
Earle Asphalt,Earle Asphalt x1371,CheezIt - Cheddar Sour Cream and Onion,Food,1.5,1,1.5,1.5
Brunswick Sq Mall,BSQ Mall x1364 - Zales,Canada Dry - Ginger Ale & Lemonde,,1.5,2,3.0,3.0
EB Public Library,EB Public Library x1380,CheezIt - White Cheddar,Food,1.5,1,1.5,1.5
EB Public Library,EB Public Library x1380,KitKat - Crisp Wafers,Food,2.0,1,2.0,2.0
EB Public Library,EB Public Library x1380,Seapoint Farms Dry Roasted Edamame - Wasabi,Food,2.5,1,2.5,2.5
Earle Asphalt,Earle Asphalt x1371,KitKat - Crisp Wafers,Food,1.75,1,1.75,1.75
Earle Asphalt,Earle Asphalt x1371,Kinder - Bueno - Crispy Creamy Chocolate,Food,2.0,1,2.0,2.0
GuttenPlans,GuttenPlans x1367,Nature's Bakery Fig Bar - Raspberry,Food,1.5,1,1.5,1.5
GuttenPlans,GuttenPlans x1367,Doritos Famin Hot Nacho,Food,1.5,1,1.5,1.5
Earle Asphalt,Earle Asphalt x1371,Pop Corners - Kettle Corn,Food,1.5,1,1.5,1.5
Earle Asphalt,Earle Asphalt x1371,Robert Irvine's - Fit Crunch -  Chocolate Pea,Food,2.0,1,2.0,2.0
EB Public Library,EB Public Library x1380,Coca Cola - Zero Sugar,Carbonated,2.0,1,2.0,2.0
Brunswick Sq Mall,BSQ Mall x1364 - Zales,Kinder - Bueno - Crispy Creamy Chocolate,Food,2.0,1,2.0,2.0
Earle Asphalt,Earle Asphalt x1371,SunChips Multigrain - Salsa,Food,1.5,1,1.5,1.5
EB Public Library,EB Public Library x1380,Lenny & Larrys - Chocolate Chip,Food,2.5,1,2.5,2.5
GuttenPlans,GuttenPlans x1367,Munchies Snack mix Flaming Hot,Food,2.0,1,2.0,2.0
Earle Asphalt,Earle Asphalt x1371,SunChips Multigrain - Salsa,Food,1.5,1,1.5,1.5
EB Public Library,EB Public Library x1380,Starbucks Refresher - Real Coconut Water,Carbonated,3.0,1,3.0,3.0
EB Public Library,EB Public Library x1380,Bai Antioxidant - Tanzania Lemon Super Tea,Non Carbonated,2.75,1,2.75,2.75
EB Public Library,EB Public Library x1380,Keep Healthy - Chocolate Fudge,Food,2.0,1,2.0,2.0
EB Public Library,EB Public Library x1380,Starbucks Doubleshot Energy - Mocha,Non Carbonated,3.5,1,3.5,3.5
EB Public Library,EB Public Library x1380,RXBAR - Protein Bar - Peanut Butter,Food,2.0,1,2.0,2.0
EB Public Library,EB Public Library x1380,RXBAR - Protein Bar - Peanut Butter,Food,2.0,1,2.0,2.0
EB Public Library,EB Public Library x1380,RXBAR - Protein Bar - Peanut Butter,Food,2.0,1,2.0,2.0
GuttenPlans,GuttenPlans x1367,KitKat - Crisp Wafers,Food,2.5,1,2.5,2.5
GuttenPlans,GuttenPlans x1367,Cheetos - Fleming Hot Crunchy,Food,1.5,1,1.5,1.5
EB Public Library,EB Public Library x1380,Coca Cola - Zero Sugar,Carbonated,2.0,1,2.0,2.0
EB Public Library,EB Public Library x1380,Pop Corners - Sea Salt,Food,1.5,1,1.5,3.5
EB Public Library,EB Public Library x1380,Coca Cola - Zero Sugar,Carbonated,2.0,1,2.0,3.5
EB Public Library,EB Public Library x1380,KitKat - Crisp Wafers,Food,2.0,1,2.0,2.0
Earle Asphalt,Earle Asphalt x1371,SunChips Multigrain - Original,Food,1.5,1,1.5,1.5
Earle Asphalt,Earle Asphalt x1371,SunChips Multigrain - Original,Food,1.5,1,1.5,1.5
EB Public Library,EB Public Library x1380,S. Pellegrino Sparkling Mineral Water,Water,2.0,1,2.0,2.0
EB Public Library,EB Public Library x1380,RXBAR - Protein Bar - Peanut Butter,Food,2.0,1,2.0,2.0
EB Public Library,EB Public Library x1380,CheezIt - Original,Food,1.5,1,1.5,3.5
EB Public Library,EB Public Library x1380,Iberia Coconut Water,Non Carbonated,2.0,1,2.0,3.5
EB Public Library,EB Public Library x1380,SunChips Multigrain - Original,Food,1.5,1,1.5,1.5
EB Public Library,EB Public Library x1380,Miss Vickie's Potato Chip - Jalapeno,Food,1.5,1,1.5,1.5
Brunswick Sq Mall,BSQ Mall x1364 - Zales,SunChips Multigrain - Original,Food,1.5,1,1.5,1.5
Brunswick Sq Mall,BSQ Mall x1366 - ATT,Snapple Tea - Lemon,Non Carbonated,2.5,1,2.5,2.5
EB Public Library,EB Public Library x1380,SunChips Multigrain - Harvest Cheddar,Food,1.5,1,1.5,1.5
EB Public Library,EB Public Library x1380,Seapoint Farms Dry Roasted Edamame - Wasabi,Food,2.5,1,2.5,2.5
EB Public Library,EB Public Library x1380,Starbucks Refresher - Real Coconut Water,Carbonated,3.0,1,3.0,3.0
EB Public Library,EB Public Library x1380,SunChips Multigrain - Harvest Cheddar,Food,1.5,1,1.5,1.5
EB Public Library,EB Public Library x1380,Iberia Coconut Water,Non Carbonated,2.0,1,2.0,2.0
EB Public Library,EB Public Library x1380,Snyder's of Hanover Pretzel Pieces - Hot Buff,Food,2.5,1,2.5,4.0
EB Public Library,EB Public Library x1380,CheezIt - Cheddar Sour Cream and Onion,Food,1.5,1,1.5,4.0
GuttenPlans,GuttenPlans x1367,KitKat - Crisp Wafers,Food,2.5,1,2.5,2.5
GuttenPlans,GuttenPlans x1367,KitKat - Crisp Wafers,Food,2.5,1,2.5,2.5
EB Public Library,EB Public Library x1380,Goldfish Baked - Cheddar,Food,1.25,1,1.25,1.25
EB Public Library,EB Public Library x1380,Pop Corners - Sea Salt,Food,1.5,1,1.5,1.5
EB Public Library,EB Public Library x1380,Miss Vickie's Potato Chip - Jalapeno,Food,1.5,1,1.5,1.5
EB Public Library,EB Public Library x1380,Robert Irvine's - Fit Crunch -  Chocolate Pea,Food,2.0,1,2.0,2.0
Brunswick Sq Mall,BSQ Mall x1364 - Zales,Canada Dry - Ginger Ale & Lemonde,,1.5,1,1.5,1.5
EB Public Library,EB Public Library x1380,Goldfish Baked - Cheddar,Food,1.25,1,1.25,1.25
EB Public Library,EB Public Library x1380,Starbucks Refresher - Real Coconut Water,Carbonated,3.0,1,3.0,4.5
EB Public Library,EB Public Library x1380,CheezIt - Original,Food,1.5,1,1.5,4.5
EB Public Library,EB Public Library x1380,Miss Vickie's Potato Chip - Jalapeno,Food,1.5,1,1.5,1.5
EB Public Library,EB Public Library x1380,Snyder's of Hanover Pretzel Pieces - Hot Buff,Food,2.5,1,2.5,2.5
GuttenPlans,GuttenPlans x1367,KitKat - Crisp Wafers,Food,2.5,1,2.5,2.5
EB Public Library,EB Public Library x1380,Teddy Grahams - Go Paks,,4.0,1,4.0,4.0
EB Public Library,EB Public Library x1380,Coca Cola - Zero Sugar,Carbonated,2.0,1,2.0,2.0
Brunswick Sq Mall,BSQ Mall x1364 - Zales,Poland Springs Water,Water,1.5,1,1.5,1.5
EB Public Library,EB Public Library x1380,Pringles - Sour Cream & Onion,Food,3.0,1,3.0,3.0
GuttenPlans,GuttenPlans x1367,Munchies Snack mix Flaming Hot,Food,2.0,1,2.0,2.0
GuttenPlans,GuttenPlans x1367,Cheetos Flaming Hot Limon Crunchy,Food,1.5,1,1.5,1.5
Earle Asphalt,Earle Asphalt x1371,SunChips Multigrain - Original,Food,1.5,1,1.5,1.5
EB Public Library,EB Public Library x1380,S. Pellegrino Sparkling Mineral Water,Water,2.0,1,2.0,6.0
EB Public Library,EB Public Library x1380,Wonderful Pistachios - Variety,Food,2.0,2,4.0,6.0
Brunswick Sq Mall,BSQ Mall x1364 - Zales,SunChips Multigrain - Original,Food,1.5,1,1.5,1.5
Brunswick Sq Mall,BSQ Mall x1364 - Zales,Canada Dry - Ginger Ale & Lemonde,,1.5,1,1.5,1.5
EB Public Library,EB Public Library x1380,Lenny & Larrys - Chocolate Chip,Food,2.5,1,2.5,2.5
EB Public Library,EB Public Library x1380,SunChips Multigrain - Harvest Cheddar,Food,1.5,1,1.5,1.5
Earle Asphalt,Earle Asphalt x1371,SunChips Multigrain - Original,Food,1.5,1,1.5,1.5
EB Public Library,EB Public Library x1380,Pop Corners - Sea Salt,Food,1.5,1,1.5,1.5
EB Public Library,EB Public Library x1380,CheezIt - Original,Food,1.5,1,1.5,1.5
EB Public Library,EB Public Library x1380,Goldfish Baked - Cheddar,Food,1.25,1,1.25,1.25
Earle Asphalt,Earle Asphalt x1371,Wonderful Pistachios - Variety,Food,2.0,1,2.0,3.5
Earle Asphalt,Earle Asphalt x1371,Pop Corners - Kettle Corn,Food,1.5,1,1.5,3.5
Earle Asphalt,Earle Asphalt x1371,Wonderful Pistachios - Variety,Food,2.0,1,2.0,2.0
EB Public Library,EB Public Library x1380,Goldfish Baked - Cheddar,Food,1.25,1,1.25,3.75
EB Public Library,EB Public Library x1380,Snyder's of Hanover Pretzel Pieces - Cheddar,Food,2.5,1,2.5,3.75
EB Public Library,EB Public Library x1380,S. Pellegrino Sparkling Mineral Water,Water,2.0,1,2.0,2.0
GuttenPlans,GuttenPlans x1367,Munchies Snack mix Flaming Hot,Food,2.0,1,2.0,2.0
GuttenPlans,GuttenPlans x1367,Nature's Bakery Fig Bar - Raspberry,Food,1.5,1,1.5,1.5
GuttenPlans,GuttenPlans x1367,Nature's Bakery Fig Bar - Blueberry,Food,1.5,1,1.5,1.5
EB Public Library,EB Public Library x1380,SunChips Multigrain - Original,Food,1.5,1,1.5,1.5
Brunswick Sq Mall,BSQ Mall x1366 - ATT,Oreo Mini,Food,1.5,1,1.5,5.0
Brunswick Sq Mall,BSQ Mall x1366 - ATT,Starbucks Doubleshot Energy - Coffee,,3.5,1,3.5,5.0
EB Public Library,EB Public Library x1380,Miss Vickie's Potato Chip - Sea Salt Original,Food,1.5,1,1.5,1.5
EB Public Library,EB Public Library x1380,Lenny & Larrys - Chocolate Chip,Food,2.5,1,2.5,2.5
EB Public Library,EB Public Library x1380,CheezIt - Original,Food,1.5,1,1.5,1.5
EB Public Library,EB Public Library x1380,CheezIt - Original,Food,1.5,1,1.5,1.5
EB Public Library,EB Public Library x1380,Robert Irvine's - Fit Crunch -  Chocolate Pea,Food,2.0,1,2.0,2.0
Brunswick Sq Mall,BSQ Mall x1366 - ATT,Seapoint Farms Dry Roasted Edamame - Wasabi,Food,2.0,1,2.0,2.0
Brunswick Sq Mall,BSQ Mall x1364 - Zales,Monster Energy Original,Carbonated,3.0,1,3.0,3.0
Brunswick Sq Mall,BSQ Mall x1364 - Zales,Poland Springs Water,Water,1.5,1,1.5,1.5
Brunswick Sq Mall,BSQ Mall x1364 - Zales,Poland Springs Water,Water,1.5,1,1.5,1.5
GuttenPlans,GuttenPlans x1367,Munchies Snack mix Flaming Hot,Food,2.0,1,2.0,2.0
GuttenPlans,GuttenPlans x1367,KitKat - Crisp Wafers,Food,2.5,1,2.5,2.5
Brunswick Sq Mall,BSQ Mall x1364 - Zales,Zevia Zero Calorie Energy - Mango Ginger,Non Carbonated,2.5,1,2.5,2.5
EB Public Library,EB Public Library x1380,Oreo Mini - Go Paks,,4.0,1,4.0,4.0
GuttenPlans,GuttenPlans x1367,Munchies Snack mix Flaming Hot,Food,2.0,1,2.0,2.0
Brunswick Sq Mall,BSQ Mall x1366 - ATT,Monster Energy Original,Carbonated,3.0,1,3.0,3.0
EB Public Library,EB Public Library x1380,Keto Bar - Creamy Peanut Butter Chocolate,Food,2.0,1,2.0,3.25
EB Public Library,EB Public Library x1380,Goldfish Baked - Cheddar,Food,1.25,1,1.25,3.25
EB Public Library,EB Public Library x1380,CheezIt - Go Paks,Food,4.0,1,4.0,4.0
Earle Asphalt,Earle Asphalt x1371,Kinder - Bueno - Crispy Creamy Chocolate,Food,2.0,1,2.0,2.0
Earle Asphalt,Earle Asphalt x1371,Takis - Hot Chilli Pepper & Lime,Food,1.5,1,1.5,1.5
Earle Asphalt,Earle Asphalt x1371,Miss Vickie's Potato Chip - Smokehouse BBQ,Food,1.5,1,1.5,1.5
Earle Asphalt,Earle Asphalt x1371,KitKat - Crisp Wafers,Food,1.75,1,1.75,1.75
Earle Asphalt,Earle Asphalt x1371,CheezIt - Double Cheese,Food,1.5,1,1.5,1.5
EB Public Library,EB Public Library x1380,CheezIt - Go Paks,Food,4.0,1,4.0,4.0
Earle Asphalt,Earle Asphalt x1371,Wonderful Pistachios - Variety,Food,2.0,1,2.0,2.0
Brunswick Sq Mall,BSQ Mall x1366 - ATT,Oreo Mini,Food,1.5,1,1.5,1.5
Earle Asphalt,Earle Asphalt x1371,Wonderful Pistachios - Variety,Food,2.0,1,2.0,2.0
EB Public Library,EB Public Library x1380,Goldfish Baked - Cheddar,Food,1.25,1,1.25,1.25
EB Public Library,EB Public Library x1380,Coca Cola - Zero Sugar,Carbonated,2.0,1,2.0,2.0
GuttenPlans,GuttenPlans x1367,Coca Cola - Regular,Carbonated,1.5,1,1.5,1.5
Earle Asphalt,Earle Asphalt x1371,CheezIt - Original,Food,1.5,1,1.5,1.5
EB Public Library,EB Public Library x1380,Miss Vickie's Potato Chip - Sea Salt Original,Food,1.5,1,1.5,3.5
EB Public Library,EB Public Library x1380,Wonderful Pistachios - Variety,Food,2.0,1,2.0,3.5
Earle Asphalt,Earle Asphalt x1371,KitKat - Crisp Wafers,Food,1.75,1,1.75,1.75
EB Public Library,EB Public Library x1380,CheezIt - Cheddar Sour Cream and Onion,Food,1.5,1,1.5,1.5
GuttenPlans,GuttenPlans x1367,Monster Energy Original,Carbonated,3.0,1,3.0,3.0
EB Public Library,EB Public Library x1380,Starbucks Doubleshot Energy - Mocha,Non Carbonated,3.5,1,3.5,5.5
EB Public Library,EB Public Library x1380,Wonderful Pistachios - Variety,Food,2.0,1,2.0,5.5
GuttenPlans,GuttenPlans x1367,Sunkist Soda - Orange,Carbonated,1.5,1,1.5,1.5
GuttenPlans,GuttenPlans x1367,Red Bull - Original,Carbonated,3.5,1,3.5,3.5
GuttenPlans,GuttenPlans x1367,Sunkist Soda - Orange,Carbonated,1.5,1,1.5,1.5
GuttenPlans,GuttenPlans x1367,Sunkist Soda - Orange,Carbonated,1.5,1,1.5,1.5
GuttenPlans,GuttenPlans x1367,Cheetos - Fleming Hot Crunchy,Food,1.5,1,1.5,1.5
GuttenPlans,GuttenPlans x1367,Funyuns - Flaming Hot,Food,1.5,1,1.5,1.5
Brunswick Sq Mall,BSQ Mall x1364 - Zales,SunChips Multigrain - Original,Food,1.5,1,1.5,1.5
GuttenPlans,GuttenPlans x1367,Coca Cola - Regular,Carbonated,1.5,1,1.5,1.5
EB Public Library,EB Public Library x1380,Coca Cola - Zero Sugar,Carbonated,2.0,1,2.0,2.0
GuttenPlans,GuttenPlans x1367,Coca Cola - Regular,Carbonated,1.5,1,1.5,1.5
GuttenPlans,GuttenPlans x1367,Sunkist Soda - Orange,Carbonated,1.5,1,1.5,1.5
GuttenPlans,GuttenPlans x1367,Monster Energy Original,Carbonated,3.0,1,3.0,3.0
GuttenPlans,GuttenPlans x1367,Coca Cola - Regular,Carbonated,1.5,1,1.5,1.5
Brunswick Sq Mall,BSQ Mall x1364 - Zales,CheezIt - Original,Food,1.5,1,1.5,1.5
GuttenPlans,GuttenPlans x1367,Doritos Famin Hot Nacho,Food,1.5,1,1.5,1.5
GuttenPlans,GuttenPlans x1367,SunChips Multigrain - Harvest Cheddar,Food,1.5,1,1.5,1.5
EB Public Library,EB Public Library x1380,Miss Vickie's Potato Chip - Sea Salt Original,Food,1.5,1,1.5,1.5
GuttenPlans,GuttenPlans x1367,Monster Energy Original,Carbonated,3.0,1,3.0,3.0
Brunswick Sq Mall,BSQ Mall x1364 - Zales,Poland Springs Water,Water,1.5,1,1.5,1.5
EB Public Library,EB Public Library x1380,Starbucks Refresher - Real Coconut Water,Carbonated,3.0,1,3.0,3.0
GuttenPlans,GuttenPlans x1367,Coca Cola - Regular,Carbonated,1.5,1,1.5,1.5
GuttenPlans,GuttenPlans x1367,Coca Cola - Regular,Carbonated,1.5,1,1.5,1.5
GuttenPlans,GuttenPlans x1367,Doritos Famin Hot Nacho,Food,1.5,1,1.5,1.5
EB Public Library,EB Public Library x1380,Bai Antioxidant - Tanzania Lemon Super Tea,Non Carbonated,2.75,1,2.75,2.75
EB Public Library,EB Public Library x1380,Lenny & Larrys - SnickerDoodle,Food,3.0,1,3.0,3.0
EB Public Library,EB Public Library x1380,SunChips Multigrain - Harvest Cheddar,Food,1.5,1,1.5,1.5
GuttenPlans,GuttenPlans x1367,Coca Cola - Regular,Carbonated,1.5,1,1.5,1.5
GuttenPlans,GuttenPlans x1367,Cheetos Baked - Crunchy Cheese,Food,1.5,1,1.5,1.5
GuttenPlans,GuttenPlans x1367,Cheetos Baked - Crunchy Cheese,Food,1.5,1,1.5,1.5
GuttenPlans,GuttenPlans x1367,Coca Cola - Regular,Carbonated,1.5,1,1.5,1.5
GuttenPlans,GuttenPlans x1367,Sunkist Soda - Orange,Carbonated,1.5,1,1.5,1.5
GuttenPlans,GuttenPlans x1367,Coca Cola - Regular,Carbonated,1.5,1,1.5,1.5
GuttenPlans,GuttenPlans x1367,Sunkist Soda - Orange,Carbonated,1.5,1,1.5,1.5
GuttenPlans,GuttenPlans x1367,Red Bull - Original,Carbonated,3.5,1,3.5,3.5
Earle Asphalt,Earle Asphalt x1371,CheezIt - Double Cheese,Food,1.5,1,1.5,1.5
Earle Asphalt,Earle Asphalt x1371,Miss Vickie's Potato Chip - Smokehouse BBQ,Food,1.5,1,1.5,1.5
Earle Asphalt,Earle Asphalt x1371,KitKat - Crisp Wafers,Food,1.75,1,1.75,1.75
EB Public Library,EB Public Library x1380,Starbucks Refresher - Real Coconut Water,Carbonated,3.0,1,3.0,3.0
EB Public Library,EB Public Library x1380,SunChips Multigrain - Harvest Cheddar,Food,1.5,1,1.5,1.5
Earle Asphalt,Earle Asphalt x1371,CheezIt - Original,Food,1.5,1,1.5,1.5
EB Public Library,EB Public Library x1380,Starbucks Refresher - Real Coconut Water,Carbonated,3.0,1,3.0,3.0
EB Public Library,EB Public Library x1380,SunChips Multigrain - Harvest Cheddar,Food,1.5,1,1.5,1.5
Brunswick Sq Mall,BSQ Mall x1366 - ATT,Poland Springs Water,Water,2.0,1,2.0,2.0
Earle Asphalt,Earle Asphalt x1371,Coca Cola - Zero Sugar,Carbonated,1.5,1,1.5,1.5
Earle Asphalt,Earle Asphalt x1371,Zevia Organic Tea - Peach,Non Carbonated,2.5,1,2.5,2.5
Brunswick Sq Mall,BSQ Mall x1366 - ATT,Coca Cola - Regular,Carbonated,2.0,1,2.0,2.0
EB Public Library,EB Public Library x1380,BodyArmor  LYTE - Blueberry Pomegranate,Non Carbonated,2.75,1,2.75,2.75
Earle Asphalt,Earle Asphalt x1371,KitKat - Crisp Wafers,Food,1.75,1,1.75,1.75
GuttenPlans,GuttenPlans x1367,Red Bull - Original,Carbonated,3.5,1,3.5,3.5
GuttenPlans,GuttenPlans x1367,Red Bull - Original,Carbonated,3.5,1,3.5,3.5
EB Public Library,EB Public Library x1380,Starbucks Refresher - Real Coconut Water,Carbonated,3.0,1,3.0,3.0
EB Public Library,EB Public Library x1380,Pringles - Cheddar Cheese,Food,3.0,1,3.0,7.0
EB Public Library,EB Public Library x1380,Oreo Mini - Go Paks,,4.0,1,4.0,7.0
GuttenPlans,GuttenPlans x1367,Monster Energy Original,Carbonated,3.0,1,3.0,3.0
GuttenPlans,GuttenPlans x1367,Monster Energy Original,Carbonated,3.0,1,3.0,3.0
EB Public Library,EB Public Library x1380,Coca Cola - Zero Sugar,Carbonated,2.0,1,2.0,2.0
EB Public Library,EB Public Library x1380,Starbucks Refresher - Real Coconut Water,Carbonated,3.0,1,3.0,3.0
EB Public Library,EB Public Library x1380,Keto Bar - Creamy Peanut Butter Chocolate,Food,2.0,1,2.0,2.0
Brunswick Sq Mall,BSQ Mall x1364 - Zales,Pop Corners - Spicy Queso,Food,1.5,1,1.5,1.5
GuttenPlans,GuttenPlans x1367,Monster Energy Original,Carbonated,3.0,1,3.0,3.0
GuttenPlans,GuttenPlans x1367,Coca Cola - Regular,Carbonated,1.5,1,1.5,1.5
EB Public Library,EB Public Library x1380,Miss Vickie's Potato Chip - Sea Salt Original,Food,1.5,1,1.5,1.5
GuttenPlans,GuttenPlans x1367,SunChips Multigrain - Harvest Cheddar,Food,1.5,1,1.5,1.5
GuttenPlans,GuttenPlans x1367,Funyuns - Flaming Hot,Food,1.5,1,1.5,1.5
GuttenPlans,GuttenPlans x1367,Doritos Dinamita Chile Lemon,,1.5,1,1.5,1.5
Brunswick Sq Mall,BSQ Mall x1366 - ATT,Coca Cola - Regular,Carbonated,2.0,1,2.0,2.0
GuttenPlans,GuttenPlans x1367,Doritos Famin Hot Nacho,Food,1.5,1,1.5,1.5
GuttenPlans,GuttenPlans x1367,Coca Cola - Regular,Carbonated,1.5,1,1.5,1.5
GuttenPlans,GuttenPlans x1367,Coca Cola - Regular,Carbonated,1.5,1,1.5,1.5
Brunswick Sq Mall,BSQ Mall x1364 - Zales,Poland Springs Water,Water,1.5,1,1.5,1.5
GuttenPlans,GuttenPlans x1367,Coca Cola - Regular,Carbonated,1.5,1,1.5,3.0
GuttenPlans,GuttenPlans x1367,Lays - Classic,Food,1.5,1,1.5,3.0
Brunswick Sq Mall,BSQ Mall x1364 - Zales,SunChips Multigrain - Original,Food,1.5,1,1.5,1.5
Brunswick Sq Mall,BSQ Mall x1364 - Zales,Snapple Tea - Lemon,Non Carbonated,2.5,1,2.5,2.5
GuttenPlans,GuttenPlans x1367,Coca Cola - Regular,Carbonated,1.5,2,3.0,4.5
GuttenPlans,GuttenPlans x1367,Doritos Dinamita Chile Lemon,,1.5,1,1.5,4.5
GuttenPlans,GuttenPlans x1367,Monster Energy Original,Carbonated,3.0,1,3.0,3.0
GuttenPlans,GuttenPlans x1367,Sunkist Soda - Orange,Carbonated,1.5,1,1.5,1.5
GuttenPlans,GuttenPlans x1367,Lays - Classic,Food,1.5,1,1.5,1.5
GuttenPlans,GuttenPlans x1367,Snapple Tea - Peach,Non Carbonated,2.5,1,2.5,2.5
GuttenPlans,GuttenPlans x1367,Cheetos Baked - Crunchy Cheese,Food,1.5,1,1.5,1.5
GuttenPlans,GuttenPlans x1367,Cheetos Baked - Crunchy Cheese,Food,1.5,1,1.5,1.5
GuttenPlans,GuttenPlans x1367,Monster Energy Original,Carbonated,3.0,1,3.0,3.0
EB Public Library,EB Public Library x1380,RXBAR - Protein Bar - Peanut Butter,Food,2.0,1,2.0,2.0
Brunswick Sq Mall,BSQ Mall x1366 - ATT,Poland Springs Water,Water,2.0,1,2.0,2.0
EB Public Library,EB Public Library x1380,Lenny & Larrys - SnickerDoodle,Food,3.0,1,3.0,3.0
EB Public Library,EB Public Library x1380,Iberia Coconut Water,Non Carbonated,2.0,1,2.0,2.0
Brunswick Sq Mall,BSQ Mall x1364 - Zales,Poland Springs Water,Water,1.5,1,1.5,1.5
Brunswick Sq Mall,BSQ Mall x1366 - ATT,Coca Cola - Regular,Carbonated,2.0,1,2.0,2.0
Brunswick Sq Mall,BSQ Mall x1366 - ATT,Coca Cola - Regular,Carbonated,2.0,1,2.0,2.0
EB Public Library,EB Public Library x1380,Oreo Mini - Go Paks,,4.0,1,4.0,4.0
Brunswick Sq Mall,BSQ Mall x1364 - Zales,Snapple Tea - Lemon,Non Carbonated,2.5,1,2.5,2.5
Brunswick Sq Mall,BSQ Mall x1364 - Zales,BodyArmor LYTE  - Peach Mango,Water,2.75,1,2.75,2.75
Brunswick Sq Mall,BSQ Mall x1364 - Zales,BodyArmor LYTE  - Peach Mango,Water,2.75,1,2.75,2.75
Brunswick Sq Mall,BSQ Mall x1364 - Zales,Monster Energy Original,Carbonated,3.0,1,3.0,3.0
Brunswick Sq Mall,BSQ Mall x1364 - Zales,Poland Springs Water,Water,1.5,1,1.5,1.5
Brunswick Sq Mall,BSQ Mall x1364 - Zales,Nature's Garden Trail Mix - Cranberry Healthy,Food,1.5,1,1.5,1.5
Brunswick Sq Mall,BSQ Mall x1366 - ATT,Spindrift - Sparkling Water - Pineapple,Carbonated,1.5,1,1.5,1.5
Brunswick Sq Mall,BSQ Mall x1364 - Zales,Poland Springs Water,Water,1.5,1,1.5,1.5
Brunswick Sq Mall,BSQ Mall x1364 - Zales,Snapple Tea - Lemon,Non Carbonated,2.5,1,2.5,2.5
Brunswick Sq Mall,BSQ Mall x1364 - Zales,Poland Springs Water,Water,1.5,1,1.5,1.5
GuttenPlans,GuttenPlans x1367,Coca Cola - Regular,Carbonated,1.5,1,1.5,1.5
Earle Asphalt,Earle Asphalt x1371,CheezIt - Cheddar Sour Cream and Onion,Food,1.5,1,1.5,1.5
GuttenPlans,GuttenPlans x1367,Monster Energy Original,Carbonated,3.0,1,3.0,3.0
EB Public Library,EB Public Library x1380,Iberia Coconut Water,Non Carbonated,2.0,1,2.0,6.0
EB Public Library,EB Public Library x1380,Wonderful Pistachios - Variety,Food,2.0,1,2.0,6.0
EB Public Library,EB Public Library x1380,Keto Bar - Creamy Peanut Butter Chocolate,Food,2.0,1,2.0,6.0
Brunswick Sq Mall,BSQ Mall x1366 - ATT,Coca Cola - Regular,Carbonated,2.0,1,2.0,2.0
Brunswick Sq Mall,BSQ Mall x1366 - ATT,Snapple Tea - Raspberry,Non Carbonated,2.75,1,2.75,2.75
Earle Asphalt,Earle Asphalt x1371,Robert Irvine's - Fit Crunch -  Chocolate Pea,Food,2.0,1,2.0,2.0
EB Public Library,EB Public Library x1380,SunChips Multigrain - Original,Food,1.5,1,1.5,1.5
EB Public Library,EB Public Library x1380,Miss Vickie's Potato Chip - Sea Salt Original,Food,1.5,1,1.5,1.5
EB Public Library,EB Public Library x1380,CheezIt - Go Paks,Food,4.0,1,4.0,4.0
Brunswick Sq Mall,BSQ Mall x1364 - Zales,Nature's Garden Trail Mix - Heart Healthy Mix,Food,1.5,1,1.5,1.5
EB Public Library,EB Public Library x1380,Mini Chips Ahoy - Go Paks,,4.0,1,4.0,4.0
GuttenPlans,GuttenPlans x1367,Monster Energy Original,Carbonated,3.0,1,3.0,3.0
Earle Asphalt,Earle Asphalt x1371,Robert Irvine's - Fit Crunch -  Chocolate Pea,Food,2.0,1,2.0,2.0
Earle Asphalt,Earle Asphalt x1371,Robert Irvine's - Fit Crunch -  Chocolate Pea,Food,2.0,1,2.0,2.0
Earle Asphalt,Earle Asphalt x1371,Miss Vickie's Potato Chip - Smokehouse BBQ,Food,1.5,1,1.5,1.5
GuttenPlans,GuttenPlans x1367,Coca Cola - Regular,Carbonated,1.5,1,1.5,1.5
EB Public Library,EB Public Library x1380,Starbucks Refresher - Real Coconut Water,Carbonated,3.0,1,3.0,3.0
EB Public Library,EB Public Library x1380,Coca Cola - Zero Sugar,Carbonated,2.0,1,2.0,2.0
EB Public Library,EB Public Library x1380,Pringles - Cheddar Cheese,Food,3.0,1,3.0,3.0
EB Public Library,EB Public Library x1380,Starbucks Refresher - Real Coconut Water,Carbonated,3.0,1,3.0,3.0
GuttenPlans,GuttenPlans x1367,SunChips Multigrain - Harvest Cheddar,Food,1.5,1,1.5,1.5
GuttenPlans,GuttenPlans x1367,Lays - Classic,Food,1.5,1,1.5,1.5
Brunswick Sq Mall,BSQ Mall x1364 - Zales,Keto Bar - Chocolate Dream,Food,2.0,1,2.0,2.0
Brunswick Sq Mall,BSQ Mall x1364 - Zales,Popchips Potato - Sea Salt,Food,1.5,1,1.5,1.5
GuttenPlans,GuttenPlans x1367,SunChips Multigrain - Harvest Cheddar,Food,1.5,1,1.5,1.5
GuttenPlans,GuttenPlans x1367,Coca Cola - Regular,Carbonated,1.5,1,1.5,1.5
EB Public Library,EB Public Library x1380,Bai Antioxidant - Tanzania Lemon Super Tea,Non Carbonated,2.75,1,2.75,2.75
Brunswick Sq Mall,BSQ Mall x1364 - Zales,Iberia Coconut Water,Non Carbonated,2.0,1,2.0,2.0
Brunswick Sq Mall,BSQ Mall x1364 - Zales,Snapple Diet Tea - Peach Tea,Non Carbonated,2.5,1,2.5,2.5
Brunswick Sq Mall,BSQ Mall x1366 - ATT,Spindrift - Sparkling Water - Pineapple,Carbonated,1.5,1,1.5,1.5
EB Public Library,EB Public Library x1380,Snyder's of Hanover Pretzel Pieces - Cheddar,Food,2.5,1,2.5,2.5
GuttenPlans,GuttenPlans x1367,Doritos Dinamita Chile Lemon,,1.5,1,1.5,1.5
GuttenPlans,GuttenPlans x1367,Sunkist Soda - Orange,Carbonated,1.5,1,1.5,1.5
GuttenPlans,GuttenPlans x1367,Coca Cola - Regular,Carbonated,1.5,1,1.5,1.5
GuttenPlans,GuttenPlans x1367,Coca Cola - Regular,Carbonated,1.5,1,1.5,1.5
Brunswick Sq Mall,BSQ Mall x1364 - Zales,Keto Bar - Chocolate Dream,Food,2.0,1,2.0,2.0
Brunswick Sq Mall,BSQ Mall x1366 - ATT,Snapple Tea - Lemon,Non Carbonated,2.5,1,2.5,2.5
GuttenPlans,GuttenPlans x1367,Red Bull - Original,Carbonated,3.5,1,3.5,3.5
Brunswick Sq Mall,BSQ Mall x1366 - ATT,Snapple Tea - Lemon,Non Carbonated,2.5,1,2.5,2.5
Brunswick Sq Mall,BSQ Mall x1364 - Zales,Popchips Potato - Sea Salt,Food,1.5,1,1.5,3.5
Brunswick Sq Mall,BSQ Mall x1364 - Zales,Iberia Coconut Water,Non Carbonated,2.0,1,2.0,3.5
GuttenPlans,GuttenPlans x1367,Monster Energy Original,Carbonated,3.0,1,3.0,3.0
Earle Asphalt,Earle Asphalt x1371,CheezIt - Original,Food,1.5,1,1.5,1.5
Earle Asphalt,Earle Asphalt x1371,Newtons Fig Bar,Food,1.5,1,1.5,3.5
Earle Asphalt,Earle Asphalt x1371,Keto Bar - Chocolate Dream,Food,2.0,1,2.0,3.5
EB Public Library,EB Public Library x1380,Bai Antioxidant - Tanzania Lemon Super Tea,Non Carbonated,2.75,1,2.75,2.75
GuttenPlans,GuttenPlans x1367,KitKat - Crisp Wafers,Food,2.5,1,2.5,2.5
Brunswick Sq Mall,BSQ Mall x1364 - Zales,Oreo Mini,Food,1.25,1,1.25,1.25
GuttenPlans,GuttenPlans x1367,Jack Links Beef Steak Original,Food,1.5,1,1.5,1.5
GuttenPlans,GuttenPlans x1367,KitKat - Crisp Wafers,Food,2.5,1,2.5,2.5
GuttenPlans,GuttenPlans x1367,Jack Links Beef Steak Original,Food,1.5,1,1.5,1.5
Earle Asphalt,Earle Asphalt x1371,Goldfish Baked - Cheddar,Food,1.25,1,1.25,1.25
GuttenPlans,GuttenPlans x1367,Monster Energy Original,Carbonated,3.0,1,3.0,3.0
GuttenPlans,GuttenPlans x1367,Monster Energy Original,Carbonated,3.0,1,3.0,3.0
GuttenPlans,GuttenPlans x1367,Coca Cola - Regular,Carbonated,1.5,1,1.5,1.5
GuttenPlans,GuttenPlans x1367,Nature's Bakery Fig Bar - Blueberry,Food,1.5,1,1.5,1.5
GuttenPlans,GuttenPlans x1367,Coca Cola - Regular,Carbonated,1.5,1,1.5,1.5
GuttenPlans,GuttenPlans x1367,Monster Energy Original,Carbonated,3.0,1,3.0,3.0
GuttenPlans,GuttenPlans x1367,Coca Cola - Regular,Carbonated,1.5,1,1.5,1.5
GuttenPlans,GuttenPlans x1367,Sunkist Soda - Orange,Carbonated,1.5,1,1.5,1.5
Brunswick Sq Mall,BSQ Mall x1366 - ATT,Snapple Tea - Lemon,Non Carbonated,2.5,1,2.5,2.5
Brunswick Sq Mall,BSQ Mall x1366 - ATT,Snapple Tea - Lemon,Non Carbonated,2.5,2,5.0,5.0
GuttenPlans,GuttenPlans x1367,Funyuns - Flaming Hot,Food,1.5,1,1.5,1.5
GuttenPlans,GuttenPlans x1367,Sunkist Soda - Orange,Carbonated,1.5,1,1.5,1.5
GuttenPlans,GuttenPlans x1367,Nature's Bakery Fig Bar - Raspberry,Food,1.5,1,1.5,5.5
GuttenPlans,GuttenPlans x1367,Nature's Bakery Fig Bar - Blueberry,Food,1.5,1,1.5,5.5
GuttenPlans,GuttenPlans x1367,Snapple Tea - Peach,Non Carbonated,2.5,1,2.5,5.5
GuttenPlans,GuttenPlans x1367,Sunkist Soda - Orange,Carbonated,1.5,1,1.5,1.5
EB Public Library,EB Public Library x1380,Coca Cola - Zero Sugar,Carbonated,2.0,1,2.0,2.0
EB Public Library,EB Public Library x1380,Coca Cola - Zero Sugar,Carbonated,2.0,1,2.0,5.0
EB Public Library,EB Public Library x1380,Pringles - Cheddar Cheese,Food,3.0,1,3.0,5.0
EB Public Library,EB Public Library x1380,Iberia Coconut Water,Non Carbonated,2.0,1,2.0,2.0
EB Public Library,EB Public Library x1380,Miss Vickie's Potato Chip - Sea Salt Original,Food,1.5,1,1.5,1.5
EB Public Library,EB Public Library x1380,SunChips Multigrain - Salsa,Food,1.5,1,1.5,1.5
GuttenPlans,GuttenPlans x1367,Doritos Dinamita Chile Lemon,,1.5,1,1.5,1.5
EB Public Library,EB Public Library x1380,BodyArmor LYTE - Strawberry Lemonade,Water,2.75,1,2.75,2.75
GuttenPlans,GuttenPlans x1367,KitKat - Crisp Wafers,Food,2.5,1,2.5,2.5
GuttenPlans,GuttenPlans x1367,Pure Organic Fruit Bar - Strawberry Banana,Food,1.5,1,1.5,1.5
GuttenPlans,GuttenPlans x1367,Pure Organic Fruit Bar - Strawberry Banana,Food,1.5,1,1.5,1.5
GuttenPlans,GuttenPlans x1367,Snapple Tea - Peach,Non Carbonated,2.5,1,2.5,2.5
Earle Asphalt,Earle Asphalt x1371,Miss Vickie's Potato Chip - Smokehouse BBQ,Food,1.5,1,1.5,1.5
Earle Asphalt,Earle Asphalt x1371,BodyArmor LYTE  - Berry Punch,Water,2.5,1,2.5,2.5
Earle Asphalt,Earle Asphalt x1371,Goldfish Baked - Cheddar,Food,1.25,1,1.25,1.25
EB Public Library,EB Public Library x1380,Coca Cola - Zero Sugar,Carbonated,2.0,1,2.0,2.0
Brunswick Sq Mall,BSQ Mall x1366 - ATT,Pop Corners - Sweet & Salty Kettle,Food,1.5,1,1.5,1.5
Brunswick Sq Mall,BSQ Mall x1366 - ATT,Poland Springs Water,Water,2.0,1,2.0,2.0
EB Public Library,EB Public Library x1380,Lindens - Chocolate Chippers,Food,2.0,1,2.0,2.0
Earle Asphalt,Earle Asphalt x1371,S. Pellegrino Essenza Mineral Water - Blood O,Carbonated,2.5,1,2.5,2.5
GuttenPlans,GuttenPlans x1367,Sunkist Soda - Orange,Carbonated,1.5,1,1.5,1.5
GuttenPlans,GuttenPlans x1367,Sunkist Soda - Orange,Carbonated,1.5,1,1.5,1.5
GuttenPlans,GuttenPlans x1367,Sunkist Soda - Orange,Carbonated,1.5,1,1.5,1.5
GuttenPlans,GuttenPlans x1367,Funyuns - Flaming Hot,Food,1.5,1,1.5,1.5
EB Public Library,EB Public Library x1380,CheezIt - White Cheddar,Food,1.5,1,1.5,1.5
EB Public Library,EB Public Library x1380,Starbucks Refresher - Real Coconut Water,Carbonated,3.0,1,3.0,3.0
EB Public Library,EB Public Library x1380,Starbucks Doubleshot Energy - Mocha,Non Carbonated,3.5,1,3.5,3.5
EB Public Library,EB Public Library x1380,Lindens - Chocolate Chippers,Food,2.0,1,2.0,2.0
EB Public Library,EB Public Library x1380,CheezIt - White Cheddar,Food,1.5,1,1.5,1.5
EB Public Library,EB Public Library x1380,SunChips Multigrain - Harvest Cheddar,Food,1.5,1,1.5,1.5
EB Public Library,EB Public Library x1380,Spindrift - Sparkling Water  Lime,Carbonated,1.5,1,1.5,1.5
GuttenPlans,GuttenPlans x1367,Cheetos - Fleming Hot Crunchy,Food,1.5,1,1.5,1.5
GuttenPlans,GuttenPlans x1367,Cheetos Baked - Crunchy Cheese,Food,1.5,1,1.5,1.5
GuttenPlans,GuttenPlans x1367,Snapple Tea - Raspberry,Non Carbonated,2.5,1,2.5,4.0
GuttenPlans,GuttenPlans x1367,Doritos Famin Hot Nacho,Food,1.5,1,1.5,4.0
GuttenPlans,GuttenPlans x1367,Sunkist Soda - Orange,Carbonated,1.5,1,1.5,1.5
GuttenPlans,GuttenPlans x1367,Red Bull - Original,Carbonated,3.5,1,3.5,3.5
GuttenPlans,GuttenPlans x1367,Lays - Classic,Food,1.5,1,1.5,1.5
EB Public Library,EB Public Library x1380,Starbucks Refresher - Real Coconut Water,Carbonated,3.0,1,3.0,3.0
EB Public Library,EB Public Library x1380,Keto Bar - Creamy Peanut Butter Chocolate,Food,2.0,1,2.0,2.0
EB Public Library,EB Public Library x1380,Miss Vickie's Potato Chip - Sea Salt Original,Food,1.5,1,1.5,1.5
EB Public Library,EB Public Library x1380,Pringles - Sour Cream & Onion,Food,3.0,1,3.0,3.0
EB Public Library,EB Public Library x1380,Starbucks Doubleshot Energy - Mocha,Non Carbonated,3.5,1,3.5,3.5
EB Public Library,EB Public Library x1380,Starbucks Doubleshot Energy - Mocha,Non Carbonated,3.5,1,3.5,3.5
EB Public Library,EB Public Library x1380,BodyArmor  LYTE - Blueberry Pomegranate,Non Carbonated,2.75,1,2.75,2.75
EB Public Library,EB Public Library x1380,Coca Cola - Zero Sugar,Carbonated,2.0,1,2.0,2.0
GuttenPlans,GuttenPlans x1367,Monster Energy Original,Carbonated,3.0,1,3.0,3.0
GuttenPlans,GuttenPlans x1367,Oreo Mini,Food,1.5,1,1.5,1.5
GuttenPlans,GuttenPlans x1367,Monster Energy Original,Carbonated,3.0,1,3.0,3.0
GuttenPlans,GuttenPlans x1367,Snapple Tea - Peach,Non Carbonated,2.5,1,2.5,5.0
GuttenPlans,GuttenPlans x1367,Pure Organic Fruit Bar - Raspberry Lemonade,Food,2.5,1,2.5,5.0
EB Public Library,EB Public Library x1380,S. Pellegrino Sparkling Mineral Water,Water,2.0,1,2.0,2.0
GuttenPlans,GuttenPlans x1367,Red Bull - Original,Carbonated,3.5,1,3.5,3.5
GuttenPlans,GuttenPlans x1367,Cheetos Flaming Hot Limon Crunchy,Food,1.5,1,1.5,1.5
EB Public Library,EB Public Library x1380,TruBar - Cookie Dough,Food,2.5,1,2.5,2.5
EB Public Library,EB Public Library x1380,SunChips Multigrain - Original,Food,1.5,1,1.5,1.5
Earle Asphalt,Earle Asphalt x1371,Goldfish Baked - Cheddar,Food,1.25,1,1.25,1.25
Earle Asphalt,Earle Asphalt x1371,Coca Cola - Zero Sugar,Carbonated,1.5,1,1.5,1.5
GuttenPlans,GuttenPlans x1367,Red Bull - Original,Carbonated,3.5,1,3.5,3.5
Earle Asphalt,Earle Asphalt x1371,Miss Vickie's Potato Chip - Smokehouse BBQ,Food,1.5,1,1.5,1.5
EB Public Library,EB Public Library x1380,Coca Cola - Zero Sugar,Carbonated,2.0,1,2.0,2.0
EB Public Library,EB Public Library x1380,Starbucks Doubleshot Energy - Mocha,Non Carbonated,3.5,1,3.5,3.5
GuttenPlans,GuttenPlans x1367,Red Bull - Original,Carbonated,3.5,1,3.5,3.5
EB Public Library,EB Public Library x1380,Miss Vickie's Potato Chip - Sea Salt Original,Food,1.5,1,1.5,1.5
EB Public Library,EB Public Library x1380,Miss Vickie's Potato Chip - Sea Salt Original,Food,1.5,1,1.5,1.5
EB Public Library,EB Public Library x1380,Coca Cola - Zero Sugar,Carbonated,2.0,1,2.0,2.0
GuttenPlans,GuttenPlans x1367,Monster Energy Original,Carbonated,3.0,1,3.0,3.0
GuttenPlans,GuttenPlans x1367,Doritos Famin Hot Nacho,Food,1.5,1,1.5,1.5
GuttenPlans,GuttenPlans x1367,Monster Energy Original,Carbonated,3.0,1,3.0,3.0
GuttenPlans,GuttenPlans x1367,Snapple Tea - Raspberry,Non Carbonated,2.5,1,2.5,2.5
EB Public Library,EB Public Library x1380,Miss Vickie's Potato Chip - Sea Salt Original,Food,1.5,1,1.5,1.5
Earle Asphalt,Earle Asphalt x1371,S. Pellegrino Essenza Mineral Water - Blood O,Carbonated,2.5,1,2.5,2.5
EB Public Library,EB Public Library x1380,Spindrift - Sparkling Water  Lime,Carbonated,1.5,1,1.5,1.5
Brunswick Sq Mall,BSQ Mall x1364 - Zales,Goldfish Baked - Cheddar,Food,1.5,1,1.5,1.5
EB Public Library,EB Public Library x1380,Starbucks Refresher - Real Coconut Water,Carbonated,3.0,1,3.0,3.0
GuttenPlans,GuttenPlans x1367,Fritos - Original,Food,1.5,1,1.5,1.5
GuttenPlans,GuttenPlans x1367,Oreo Mini,Food,1.5,1,1.5,1.5
EB Public Library,EB Public Library x1380,SunChips Multigrain - Salsa,Food,1.5,1,1.5,1.5
EB Public Library,EB Public Library x1380,BodyArmor LYTE - Strawberry Lemonade,Water,2.75,1,2.75,2.75
EB Public Library,EB Public Library x1380,Miss Vickie's Potato Chip - Sea Salt Original,Food,1.5,1,1.5,1.5
EB Public Library,EB Public Library x1380,Miss Vickie's Potato Chip - Sea Salt Original,Food,1.5,1,1.5,1.5
EB Public Library,EB Public Library x1380,Lindens - Chocolate Chippers,Food,2.0,1,2.0,2.0
EB Public Library,EB Public Library x1380,CheezIt - White Cheddar,Food,1.5,1,1.5,1.5
EB Public Library,EB Public Library x1380,Pringles - Original,Food,4.0,1,4.0,4.0
Brunswick Sq Mall,BSQ Mall x1366 - ATT,Snapple Tea - Lemon,Non Carbonated,2.5,1,2.5,2.5
Brunswick Sq Mall,BSQ Mall x1364 - Zales,Snapple Tea - Lemon,Non Carbonated,2.5,1,2.5,2.5
GuttenPlans,GuttenPlans x1367,Doritos Dinamita Chile Lemon,,1.5,1,1.5,1.5
GuttenPlans,GuttenPlans x1367,Oreo Mini,Food,1.5,1,1.5,1.5
GuttenPlans,GuttenPlans x1367,Oreo Mini,Food,1.5,1,1.5,1.5
GuttenPlans,GuttenPlans x1367,Snapple Tea - Raspberry,Non Carbonated,2.5,1,2.5,2.5
GuttenPlans,GuttenPlans x1367,Oreo Mini,Food,1.5,1,1.5,3.0
GuttenPlans,GuttenPlans x1367,Lays - Classic,Food,1.5,1,1.5,3.0
GuttenPlans,GuttenPlans x1367,SunChips Multigrain - Harvest Cheddar,Food,1.5,1,1.5,1.5
GuttenPlans,GuttenPlans x1367,Snapple Tea - Peach,Non Carbonated,2.5,1,2.5,2.5
GuttenPlans,GuttenPlans x1367,Monster Energy Original,Carbonated,3.0,1,3.0,3.0
GuttenPlans,GuttenPlans x1367,Fritos - Original,Food,1.5,1,1.5,1.5
Earle Asphalt,Earle Asphalt x1371,Miss Vickie's Potato Chip - Smokehouse BBQ,Food,1.5,1,1.5,1.5
GuttenPlans,GuttenPlans x1367,Monster Energy Original,Carbonated,3.0,1,3.0,3.0
GuttenPlans,GuttenPlans x1367,Funyuns - Flaming Hot,Food,1.5,1,1.5,1.5
GuttenPlans,GuttenPlans x1367,Oreo Mini,Food,1.5,1,1.5,1.5
EB Public Library,EB Public Library x1380,Coca Cola - Zero Sugar,Carbonated,2.0,1,2.0,2.0
GuttenPlans,GuttenPlans x1367,Doritos Dinamita Chile Lemon,,1.5,1,1.5,1.5
EB Public Library,EB Public Library x1380,Wonderful Pistachios - Variety,Food,2.0,1,2.0,2.0
GuttenPlans,GuttenPlans x1367,Snapple Tea - Peach,Non Carbonated,2.5,1,2.5,2.5
Earle Asphalt,Earle Asphalt x1371,Miss Vickie's Potato Chip - Smokehouse BBQ,Food,1.5,1,1.5,1.5
Brunswick Sq Mall,BSQ Mall x1364 - Zales,Monster Energy Original,Carbonated,3.0,1,3.0,3.0
Brunswick Sq Mall,BSQ Mall x1364 - Zales,Pop Corners - Spicy Queso,Food,1.5,1,1.5,1.5
Brunswick Sq Mall,BSQ Mall x1364 - Zales,Robert Irvine's - Fit Crunch -  Chocolate Pea,Food,2.0,1,2.0,2.0
Brunswick Sq Mall,BSQ Mall x1364 - Zales,Oreo Mini,Food,1.25,1,1.25,1.25
EB Public Library,EB Public Library x1380,Starbucks Doubleshot Energy - Mocha,Non Carbonated,3.5,1,3.5,3.5
EB Public Library,EB Public Library x1380,Bai Antioxidant - Tanzania Lemon Super Tea,Non Carbonated,2.75,1,2.75,2.75
EB Public Library,EB Public Library x1380,Snyder's of Hanover Pretzel Pieces - Hot Buff,Food,2.5,1,2.5,2.5
EB Public Library,EB Public Library x1380,SunChips Multigrain - Original,Food,1.5,1,1.5,1.5
EB Public Library,EB Public Library x1380,Pringles - Cheddar Cheese,Food,3.0,1,3.0,3.0
GuttenPlans,GuttenPlans x1367,SunChips Multigrain - Harvest Cheddar,Food,1.5,1,1.5,1.5
GuttenPlans,GuttenPlans x1367,Cheetos - Fleming Hot Crunchy,Food,1.5,1,1.5,1.5
GuttenPlans,GuttenPlans x1367,SunChips Multigrain - Harvest Cheddar,Food,1.5,1,1.5,1.5
GuttenPlans,GuttenPlans x1367,Cheetos - Fleming Hot Crunchy,Food,1.5,1,1.5,1.5
GuttenPlans,GuttenPlans x1367,Funyuns - Flaming Hot,Food,1.5,1,1.5,1.5
Brunswick Sq Mall,BSQ Mall x1366 - ATT,Canada Dry - Ginger Ale & Lemonde,,1.5,1,1.5,1.5
GuttenPlans,GuttenPlans x1367,Snapple Tea - Lemon,Non Carbonated,2.5,1,2.5,2.5
GuttenPlans,GuttenPlans x1367,Snapple Tea - Lemon,Non Carbonated,2.5,1,2.5,2.5
GuttenPlans,GuttenPlans x1367,Nature's Bakery Fig Bar - Blueberry,Food,1.5,1,1.5,1.5
GuttenPlans,GuttenPlans x1367,Fritos - Original,Food,1.5,1,1.5,1.5
GuttenPlans,GuttenPlans x1367,SunChips Multigrain - Original,Food,1.5,1,1.5,1.5
EB Public Library,EB Public Library x1380,Keto Bar - Creamy Peanut Butter Chocolate,Food,2.0,1,2.0,2.0
EB Public Library,EB Public Library x1380,Goldfish Baked - Cheddar,Food,1.5,1,1.5,1.5
EB Public Library,EB Public Library x1380,Keto Bar - Creamy Peanut Butter Chocolate,Food,2.0,1,2.0,2.0
EB Public Library,EB Public Library x1380,Coca Cola - Zero Sugar,Carbonated,2.0,1,2.0,2.0
EB Public Library,EB Public Library x1380,TruBar - Cookie Dough,Food,2.5,1,2.5,2.5
EB Public Library,EB Public Library x1380,Coca Cola - Zero Sugar,Carbonated,2.0,1,2.0,2.0
Brunswick Sq Mall,BSQ Mall x1366 - ATT,Poland Springs Water,Water,2.0,1,2.0,2.0
EB Public Library,EB Public Library x1380,Starbucks Doubleshot Energy - Mocha,Non Carbonated,3.5,1,3.5,3.5
EB Public Library,EB Public Library x1380,Spindrift - Sparkling Water  Lime,Carbonated,1.5,1,1.5,1.5
Brunswick Sq Mall,BSQ Mall x1364 - Zales,Nature's Garden Trail Mix - Cranberry Healthy,Food,1.5,1,1.5,1.5
EB Public Library,EB Public Library x1380,Coca Cola - Zero Sugar,Carbonated,2.0,1,2.0,2.0
EB Public Library,EB Public Library x1380,Mini Chips Ahoy - Go Paks,,4.0,1,4.0,4.0
EB Public Library,EB Public Library x1380,Goldfish Baked - Cheddar,Food,1.5,1,1.5,1.5
EB Public Library,EB Public Library x1380,Goldfish Baked - Cheddar,Food,1.5,1,1.5,1.5
EB Public Library,EB Public Library x1380,Lenny & Larrys - SnickerDoodle,Food,3.0,1,3.0,3.0
EB Public Library,EB Public Library x1380,SunChips Multigrain - Harvest Cheddar,Food,1.5,1,1.5,1.5
Brunswick Sq Mall,BSQ Mall x1366 - ATT,Poland Springs Water,Water,2.0,1,2.0,2.0
Brunswick Sq Mall,BSQ Mall x1364 - Zales,Pop Corners - White Cheddar,Food,1.5,1,1.5,1.5
Brunswick Sq Mall,BSQ Mall x1364 - Zales,Monster Energy Original,Carbonated,3.0,1,3.0,3.0
Brunswick Sq Mall,BSQ Mall x1364 - Zales,Snapple Diet Tea - Peach Tea,Non Carbonated,2.5,1,2.5,2.5
Brunswick Sq Mall,BSQ Mall x1366 - ATT,Spindrift - Sparkling Water - Pineapple,Carbonated,1.5,1,1.5,1.5
Brunswick Sq Mall,BSQ Mall x1366 - ATT,Poland Springs Water,Water,2.0,1,2.0,2.0
Brunswick Sq Mall,BSQ Mall x1364 - Zales,Iberia Coconut Water,Non Carbonated,2.0,1,2.0,2.0
Brunswick Sq Mall,BSQ Mall x1364 - Zales,Popchips Potato - Sea Salt,Food,1.5,1,1.5,1.5
Brunswick Sq Mall,BSQ Mall x1366 - ATT,Poland Springs Water,Water,2.0,2,4.0,6.0
Brunswick Sq Mall,BSQ Mall x1366 - ATT,RXBAR - Protein Bar - Chocolate Sea Salt,Food,2.0,1,2.0,6.0
Brunswick Sq Mall,BSQ Mall x1366 - ATT,RXBAR - Protein Bar - Chocolate Sea Salt,Food,2.0,1,2.0,2.0
Brunswick Sq Mall,BSQ Mall x1366 - ATT,Seapoint Farms Dry Roasted Edamame - Wasabi,Food,2.0,1,2.0,6.0
Brunswick Sq Mall,BSQ Mall x1366 - ATT,Wonderful Pistachios - Variety,Food,2.0,1,2.0,6.0
Brunswick Sq Mall,BSQ Mall x1366 - ATT,Robert Irvine's - Fit Crunch -  Chocolate Pea,Food,2.0,1,2.0,6.0
Brunswick Sq Mall,BSQ Mall x1366 - ATT,Poland Springs Water,Water,2.0,1,2.0,2.0
Brunswick Sq Mall,BSQ Mall x1364 - Zales,RXBAR - Protein Bar - Chocolate Sea Salt,Food,2.0,1,2.0,2.0
Brunswick Sq Mall,BSQ Mall x1364 - Zales,SunChips Multigrain - Original,Food,1.5,1,1.5,1.5
Brunswick Sq Mall,BSQ Mall x1364 - Zales,Goldfish Baked - Cheddar,Food,1.5,1,1.5,1.5
Brunswick Sq Mall,BSQ Mall x1364 - Zales,Kinder - Bueno - Crispy Creamy Chocolate,Food,2.0,1,2.0,2.0
Brunswick Sq Mall,BSQ Mall x1366 - ATT,Canada Dry - Ginger Ale & Lemonde,,1.5,1,1.5,1.5
Brunswick Sq Mall,BSQ Mall x1364 - Zales,Snapple Tea - Lemon,Non Carbonated,2.5,2,5.0,5.0
Brunswick Sq Mall,BSQ Mall x1364 - Zales,Popchips Potato - Sea Salt,Food,1.5,1,1.5,3.0
Brunswick Sq Mall,BSQ Mall x1364 - Zales,Oreo Mini,Food,1.5,1,1.5,3.0
Brunswick Sq Mall,BSQ Mall x1364 - Zales,KitKat - Crisp Wafers,Food,2.0,1,2.0,2.0
Brunswick Sq Mall,BSQ Mall x1364 - Zales,Popchips Potato - Sea Salt,Food,1.5,1,1.5,1.5
Earle Asphalt,Earle Asphalt x1371,Goldfish Baked - Cheddar,Food,1.25,1,1.25,1.25
GuttenPlans,GuttenPlans x1367,Cheetos Flaming Hot Limon Crunchy,Food,1.5,1,1.5,4.5
GuttenPlans,GuttenPlans x1367,Pure Organic Fruit Bar - Strawberry Banana,Food,1.5,2,3.0,4.5
GuttenPlans,GuttenPlans x1367,Snapple Tea - Peach,Non Carbonated,2.5,1,2.5,2.5
Earle Asphalt,Earle Asphalt x1371,CheezIt - Original,Food,1.5,1,1.5,1.5
EB Public Library,EB Public Library x1380,CheezIt - Original,Food,1.5,1,1.5,1.5
EB Public Library,EB Public Library x1380,TruBar - Daydreaming about Donuts,Food,2.5,1,2.5,2.5
EB Public Library,EB Public Library x1380,Oreo Mini - Go Paks,,4.0,1,4.0,4.0
EB Public Library,EB Public Library x1380,Spindrift - Sparkling Water  Lime,Carbonated,1.5,1,1.5,1.5
GuttenPlans,GuttenPlans x1367,Snapple Tea - Raspberry,Non Carbonated,2.5,1,2.5,2.5
GuttenPlans,GuttenPlans x1367,Cheetos - Fleming Hot Crunchy,Food,1.5,1,1.5,1.5
GuttenPlans,GuttenPlans x1367,Fritos - Original,Food,1.5,1,1.5,1.5
GuttenPlans,GuttenPlans x1367,Fritos - Original,Food,1.5,1,1.5,1.5
EB Public Library,EB Public Library x1380,TruBar - Daydreaming about Donuts,Food,2.5,1,2.5,2.5
EB Public Library,EB Public Library x1380,Starbucks Refresher - Real Coconut Water,Carbonated,3.0,1,3.0,3.0
Earle Asphalt,Earle Asphalt x1371,CheezIt - Original,Food,1.5,1,1.5,1.5
Earle Asphalt,Earle Asphalt x1371,Goldfish Baked - Cheddar,Food,1.25,1,1.25,1.25
EB Public Library,EB Public Library x1380,Starbucks Doubleshot Energy - Mocha,Non Carbonated,3.5,1,3.5,3.5
Brunswick Sq Mall,BSQ Mall x1366 - ATT,Coca Cola - Regular,Carbonated,2.0,1,2.0,2.0
EB Public Library,EB Public Library x1380,TruBar - Cookie Dough,Food,2.5,1,2.5,2.5
EB Public Library,EB Public Library x1380,SunChips Multigrain - Harvest Cheddar,Food,1.5,1,1.5,1.5
EB Public Library,EB Public Library x1380,Starbucks Refresher - Real Coconut Water,Carbonated,3.0,1,3.0,3.0
EB Public Library,EB Public Library x1380,TruBar - Cookie Dough,Food,2.5,1,2.5,2.5
Brunswick Sq Mall,BSQ Mall x1366 - ATT,Coca Cola - Regular,Carbonated,2.0,1,2.0,2.0
EB Public Library,EB Public Library x1380,Hungry Buddha - Chocolate Chip,Food,2.0,1,2.0,2.0
EB Public Library,EB Public Library x1380,Coca Cola - Zero Sugar,Carbonated,2.0,1,2.0,2.0
EB Public Library,EB Public Library x1380,SunChips Multigrain - Salsa,Food,1.5,1,1.5,1.5
EB Public Library,EB Public Library x1380,Starbucks Refresher - Real Coconut Water,Carbonated,3.0,1,3.0,3.0
EB Public Library,EB Public Library x1380,SunChips Multigrain - Harvest Cheddar,Food,1.5,1,1.5,1.5
GuttenPlans,GuttenPlans x1367,Cheetos Flaming Hot Limon Crunchy,Food,1.5,1,1.5,1.5
GuttenPlans,GuttenPlans x1367,Cheetos Baked - Crunchy Cheese,Food,1.5,1,1.5,1.5
GuttenPlans,GuttenPlans x1367,Cheetos - Fleming Hot Crunchy,Food,1.5,1,1.5,1.5
EB Public Library,EB Public Library x1380,Coca Cola - Zero Sugar,Carbonated,2.0,1,2.0,2.0
EB Public Library,EB Public Library x1380,Pringles - Sour Cream & Onion,Food,3.0,1,3.0,3.0
EB Public Library,EB Public Library x1380,BodyArmor LYTE - Strawberry Lemonade,Water,2.75,1,2.75,2.75
EB Public Library,EB Public Library x1380,BodyArmor LYTE - Strawberry Lemonade,Water,2.75,1,2.75,2.75
EB Public Library,EB Public Library x1380,Snyder's of Hanover Pretzel Pieces - Cheddar,Food,2.5,2,5.0,5.0
EB Public Library,EB Public Library x1380,Starbucks Refresher - Real Coconut Water,Carbonated,3.0,1,3.0,3.0
EB Public Library,EB Public Library x1380,Lindens - Chocolate Chippers,Food,2.0,1,2.0,2.0
Brunswick Sq Mall,BSQ Mall x1364 - Zales,Snapple Tea - Lemon,Non Carbonated,2.5,1,2.5,6.0
Brunswick Sq Mall,BSQ Mall x1364 - Zales,Coca Cola - Zero Sugar,Carbonated,1.5,1,1.5,6.0
Brunswick Sq Mall,BSQ Mall x1364 - Zales,KitKat - Crisp Wafers,Food,2.0,1,2.0,6.0
Brunswick Sq Mall,BSQ Mall x1364 - Zales,KitKat - Crisp Wafers,Food,2.0,1,2.0,2.0
Brunswick Sq Mall,BSQ Mall x1364 - Zales,KitKat - Crisp Wafers,Food,2.0,2,4.0,4.0
GuttenPlans,GuttenPlans x1367,Cheetos Flaming Hot Limon Crunchy,Food,1.5,1,1.5,1.5
GuttenPlans,GuttenPlans x1367,Lays - Classic,Food,1.5,1,1.5,1.5
Earle Asphalt,Earle Asphalt x1371,Fritos - Original,Food,2.25,1,2.25,2.25
EB Public Library,EB Public Library x1380,Coca Cola - Zero Sugar,Carbonated,2.0,1,2.0,2.0
Earle Asphalt,Earle Asphalt x1371,Lindens - Chocolate Chippers,Food,1.5,1,1.5,1.5
Earle Asphalt,Earle Asphalt x1371,SunChips Multigrain - Harvest Cheddar,Food,1.5,1,1.5,1.5
EB Public Library,EB Public Library x1380,Coca Cola - Zero Sugar,Carbonated,2.0,1,2.0,2.0
EB Public Library,EB Public Library x1380,Simply Protein - Peanut Butter Chocolate,Food,2.0,1,2.0,4.75
EB Public Library,EB Public Library x1380,BodyArmor LYTE - Strawberry Lemonade,Water,2.75,1,2.75,4.75
EB Public Library,EB Public Library x1380,Simply Protein - Peanut Butter Chocolate,Food,2.0,1,2.0,2.0
EB Public Library,EB Public Library x1380,Simply Protein - Peanut Butter Chocolate,Food,2.0,1,2.0,2.0
EB Public Library,EB Public Library x1380,Simply Protein - Peanut Butter Chocolate,Food,2.0,1,2.0,2.0
Brunswick Sq Mall,BSQ Mall x1364 - Zales,Snapple Tea - Lemon,Non Carbonated,2.5,1,2.5,2.5
Brunswick Sq Mall,BSQ Mall x1366 - ATT,Pop Corners - Sweet & Salty Kettle,Food,1.5,1,1.5,1.5
Brunswick Sq Mall,BSQ Mall x1366 - ATT,Pop Corners - Sweet & Salty Kettle,Food,1.5,1,1.5,1.5
Earle Asphalt,Earle Asphalt x1371,SunChips Multigrain - Salsa,Food,1.5,1,1.5,1.5
GuttenPlans,GuttenPlans x1367,Funyuns - Flaming Hot,Food,1.5,1,1.5,1.5
GuttenPlans,GuttenPlans x1367,Cheetos Baked - Crunchy Cheese,Food,1.5,1,1.5,1.5
GuttenPlans,GuttenPlans x1367,Cheetos Flaming Hot Limon Crunchy,Food,1.5,1,1.5,1.5
GuttenPlans,GuttenPlans x1367,Cheetos Flaming Hot Limon Crunchy,Food,1.5,1,1.5,1.5
GuttenPlans,GuttenPlans x1367,Doritos Famin Hot Nacho,Food,1.5,1,1.5,1.5
Earle Asphalt,Earle Asphalt x1371,SunChips Multigrain - Salsa,Food,1.5,1,1.5,1.5
GuttenPlans,GuttenPlans x1367,Pure Organic Fruit Bar - Raspberry Lemonade,Food,2.5,1,2.5,4.0
GuttenPlans,GuttenPlans x1367,Pure Organic Fruit Bar - Strawberry Banana,Food,1.5,1,1.5,4.0
GuttenPlans,GuttenPlans x1367,Fritos - Original,Food,1.5,1,1.5,1.5
GuttenPlans,GuttenPlans x1367,Doritos Famin Hot Nacho,Food,1.5,1,1.5,1.5
Earle Asphalt,Earle Asphalt x1371,Robert Irvine's - Fit Crunch -  Chocolate Pea,Food,2.0,1,2.0,2.0
EB Public Library,EB Public Library x1380,Starbucks Doubleshot Energy - Mocha,Non Carbonated,3.5,1,3.5,3.5
EB Public Library,EB Public Library x1380,CheezIt - Double Cheese,Food,1.5,1,1.5,1.5
Brunswick Sq Mall,BSQ Mall x1366 - ATT,Poland Springs Water,Water,2.0,1,2.0,2.0
EB Public Library,EB Public Library x1380,RXBAR - Protein Bar - Chocolate Sea Salt,Food,2.0,1,2.0,2.0
Earle Asphalt,Earle Asphalt x1371,SunChips Multigrain - Salsa,Food,1.5,1,1.5,1.5
EB Public Library,EB Public Library x1380,SunChips Multigrain - Salsa,Food,1.5,1,1.5,1.5
EB Public Library,EB Public Library x1380,Robert Irvine's - Fit Crunch -  Chocolate Pea,Food,2.0,1,2.0,2.0
EB Public Library,EB Public Library x1380,CheezIt - White Cheddar,Food,1.5,1,1.5,1.5
EB Public Library,EB Public Library x1380,Oreo Mini - Go Paks,,4.0,1,4.0,4.0
EB Public Library,EB Public Library x1380,BodyArmor LYTE - Strawberry Lemonade,Water,2.75,1,2.75,2.75
Brunswick Sq Mall,BSQ Mall x1366 - ATT,Canada Dry - Ginger Ale & Lemonde,,1.5,1,1.5,1.5
GuttenPlans,GuttenPlans x1367,Cheetos - Fleming Hot Crunchy,Food,1.5,1,1.5,1.5
Brunswick Sq Mall,BSQ Mall x1364 - Zales,Snapple Tea - Lemon,Non Carbonated,2.5,1,2.5,2.5
GuttenPlans,GuttenPlans x1367,Fritos - Original,Food,1.5,1,1.5,1.5
Earle Asphalt,Earle Asphalt x1371,Fritos - Original,Food,2.25,1,2.25,2.25
Earle Asphalt,Earle Asphalt x1371,Pop Corners - Kettle Corn,Food,1.5,1,1.5,1.5
Earle Asphalt,Earle Asphalt x1371,Keto Bar - Creamy Peanut Butter Chocolate,Food,2.0,1,2.0,2.0
Earle Asphalt,Earle Asphalt x1371,Simply Protein - Lemon Coconut,Food,2.0,1,2.0,2.0
Earle Asphalt,Earle Asphalt x1371,Robert Irvine's - Fit Crunch -  Chocolate Pea,Food,2.0,1,2.0,2.0
EB Public Library,EB Public Library x1380,Lindens - Chocolate Chippers,Food,2.0,1,2.0,6.0
EB Public Library,EB Public Library x1380,Simply Protein - Peanut Butter Chocolate,Food,2.0,1,2.0,6.0
EB Public Library,EB Public Library x1380,Hungry Buddha - Chocolate Chip,Food,2.0,1,2.0,6.0
GuttenPlans,GuttenPlans x1367,Snapple Tea - Lemon,Non Carbonated,2.5,1,2.5,2.5
EB Public Library,EB Public Library x1380,Goldfish Baked - Cheddar,Food,1.5,1,1.5,1.5
EB Public Library,EB Public Library x1380,Pringles - Sour Cream & Onion,Food,3.0,1,3.0,3.0
EB Public Library,EB Public Library x1380,Pringles - Sour Cream & Onion,Food,3.0,1,3.0,3.0
Earle Asphalt,Earle Asphalt x1371,SunChips Multigrain - Salsa,Food,1.5,1,1.5,1.5
EB Public Library,EB Public Library x1380,Starbucks Doubleshot Energy - Mocha,Non Carbonated,3.5,1,3.5,3.5
EB Public Library,EB Public Library x1380,Snyder's of Hanover Pretzel Pieces - Hot Buff,Food,2.5,1,2.5,2.5
EB Public Library,EB Public Library x1380,Coca Cola - Zero Sugar,Carbonated,2.0,1,2.0,2.0
EB Public Library,EB Public Library x1380,SunChips Multigrain - Salsa,Food,1.5,1,1.5,3.5
EB Public Library,EB Public Library x1380,Lindens - Chocolate Chippers,Food,2.0,1,2.0,3.5
EB Public Library,EB Public Library x1380,Miss Vickie's Potato Chip - Sea Salt Original,Food,1.5,1,1.5,1.5
EB Public Library,EB Public Library x1380,CheezIt - Original,Food,1.5,1,1.5,1.5
EB Public Library,EB Public Library x1380,CheezIt - Original,Food,1.5,1,1.5,1.5
Earle Asphalt,Earle Asphalt x1371,Wonderful Pistachios - Variety,Food,2.0,1,2.0,4.5
Earle Asphalt,Earle Asphalt x1371,S. Pellegrino Essenza Mineral Water - Blood O,Carbonated,2.5,1,2.5,4.5
Earle Asphalt,Earle Asphalt x1371,Robert Irvine's - Fit Crunch -  Chocolate Pea,Food,2.0,1,2.0,2.0
EB Public Library,EB Public Library x1380,SunChips Multigrain - Salsa,Food,1.5,1,1.5,1.5
EB Public Library,EB Public Library x1380,Lenny & Larrys - Chocolate Chip,Food,2.5,2,5.0,5.0
EB Public Library,EB Public Library x1380,Lenny & Larrys - SnickerDoodle,Food,3.0,1,3.0,3.0
Brunswick Sq Mall,BSQ Mall x1366 - ATT,Spindrift - Sparkling Water - Pineapple,Carbonated,1.5,1,1.5,1.5
GuttenPlans,GuttenPlans x1367,Nature's Bakery Fig Bar - Blueberry,Food,1.5,1,1.5,1.5
GuttenPlans,GuttenPlans x1367,Lays - Classic,Food,1.5,1,1.5,1.5
EB Public Library,EB Public Library x1380,Oreo Mini - Go Paks,,4.0,1,4.0,4.0
EB Public Library,EB Public Library x1380,Mini Chips Ahoy,Food,4.0,1,4.0,4.0
GuttenPlans,GuttenPlans x1367,Nature's Bakery Fig Bar - Blueberry,Food,1.5,1,1.5,1.5
GuttenPlans,GuttenPlans x1367,Nature's Bakery Fig Bar - Raspberry,Food,1.5,1,1.5,1.5
GuttenPlans,GuttenPlans x1367,Cheetos Flaming Hot Limon Crunchy,Food,1.5,1,1.5,1.5
Earle Asphalt,Earle Asphalt x1371,Fritos - Original,Food,2.25,1,2.25,2.25
EB Public Library,EB Public Library x1380,Lindens - Chocolate Chippers,Food,2.0,1,2.0,2.0
Earle Asphalt,Earle Asphalt x1371,Simply Protein - Lemon Coconut,Food,2.0,1,2.0,2.0
EB Public Library,EB Public Library x1380,Spindrift - Sparkling Water  Lime,Carbonated,1.5,1,1.5,3.5
EB Public Library,EB Public Library x1380,Simply Protein - Peanut Butter Chocolate,Food,2.0,1,2.0,3.5
EB Public Library,EB Public Library x1380,Bai Antioxidant - Tanzania Lemon Super Tea,Non Carbonated,2.75,1,2.75,2.75
GuttenPlans,GuttenPlans x1367,Jack Links Beef Steak Original,Food,1.5,1,1.5,1.5
EB Public Library,EB Public Library x1380,Keto Bar - Creamy Peanut Butter Chocolate,Food,2.0,1,2.0,3.5
EB Public Library,EB Public Library x1380,SunChips Multigrain - Salsa,Food,1.5,1,1.5,3.5
EB Public Library,EB Public Library x1380,Keto Bar - Creamy Peanut Butter Chocolate,Food,2.0,1,2.0,2.0
EB Public Library,EB Public Library x1380,Hungry Buddha - Chocolate Chip,Food,2.0,1,2.0,2.0
EB Public Library,EB Public Library x1380,Robert Irvine's - Fit Crunch -  Chocolate Pea,Food,2.0,1,2.0,2.0
EB Public Library,EB Public Library x1380,Keto Bar - Creamy Peanut Butter Chocolate,Food,2.0,1,2.0,2.0
GuttenPlans,GuttenPlans x1367,Pure Organic Fruit Bar - Strawberry Banana,Food,1.5,1,1.5,1.5
Earle Asphalt,Earle Asphalt x1371,S. Pellegrino Essenza Mineral Water - Blood O,Carbonated,2.5,1,2.5,2.5
GuttenPlans,GuttenPlans x1367,SunChips Multigrain - Original,Food,1.5,1,1.5,1.5
GuttenPlans,GuttenPlans x1367,Nature's Bakery Fig Bar - Raspberry,Food,1.5,1,1.5,1.5
EB Public Library,EB Public Library x1380,Lenny & Larrys - Chocolate Chip,Food,2.5,1,2.5,2.5
GuttenPlans,GuttenPlans x1367,SunChips Multigrain - Original,Food,1.5,1,1.5,1.5
GuttenPlans,GuttenPlans x1367,SunChips Multigrain - Original,Food,1.5,1,1.5,1.5
GuttenPlans,GuttenPlans x1367,Jack Links Beef Steak Original,Food,1.5,1,1.5,1.5
Earle Asphalt,Earle Asphalt x1371,Fritos - Original,Food,2.25,1,2.25,2.25
Earle Asphalt,Earle Asphalt x1371,SunChips Multigrain - Original,Food,1.5,1,1.5,1.5
Earle Asphalt,Earle Asphalt x1371,Pop Corners - Kettle Corn,Food,1.5,1,1.5,1.5
EB Public Library,EB Public Library x1380,Starbucks Doubleshot Energy - Mocha,Non Carbonated,3.5,1,3.5,3.5
EB Public Library,EB Public Library x1380,Robert Irvine's - Fit Crunch -  Chocolate Pea,Food,2.0,1,2.0,2.0
Earle Asphalt,Earle Asphalt x1371,Pop Corners - Kettle Corn,Food,1.5,1,1.5,1.5
Earle Asphalt,Earle Asphalt x1371,Made in Nature - Mangoes Sweet & Tangy,Food,2.0,1,2.0,2.0
Earle Asphalt,Earle Asphalt x1371,SunChips Multigrain - Salsa,Food,1.5,1,1.5,1.5
Earle Asphalt,Earle Asphalt x1371,Simply Protein - Lemon Coconut,Food,2.0,1,2.0,2.0
EB Public Library,EB Public Library x1380,BodyArmor  LYTE - Blueberry Pomegranate,Non Carbonated,2.75,1,2.75,2.75
EB Public Library,EB Public Library x1380,Starbucks Doubleshot Energy - Mocha,Non Carbonated,3.5,1,3.5,3.5
EB Public Library,EB Public Library x1380,BodyArmor  LYTE - Blueberry Pomegranate,Non Carbonated,2.75,1,2.75,2.75
EB Public Library,EB Public Library x1380,TruBar - Daydreaming about Donuts,Food,2.5,1,2.5,2.5
EB Public Library,EB Public Library x1380,Lenny & Larrys - SnickerDoodle,Food,3.0,1,3.0,3.0
Brunswick Sq Mall,BSQ Mall x1364 - Zales,Monster Energy Original,Carbonated,3.0,1,3.0,3.0
EB Public Library,EB Public Library x1380,Spindrift - Sparkling Water  Lime,Carbonated,1.5,1,1.5,1.5
EB Public Library,EB Public Library x1380,Lenny & Larrys - SnickerDoodle,Food,3.0,1,3.0,3.0
Brunswick Sq Mall,BSQ Mall x1364 - Zales,Coca Cola - Zero Sugar,Carbonated,1.5,1,1.5,1.5
Brunswick Sq Mall,BSQ Mall x1366 - ATT,Canada Dry - Ginger Ale & Lemonde,,1.5,1,1.5,1.5
Brunswick Sq Mall,BSQ Mall x1366 - ATT,CheezIt - Original,Food,1.25,1,1.25,1.25
Brunswick Sq Mall,BSQ Mall x1364 - Zales,Poland Springs Water,Water,1.5,1,1.5,1.5
Brunswick Sq Mall,BSQ Mall x1364 - Zales,Chum Fruit Bites - Mango/Strawberry,Food,1.25,1,1.25,1.25
Brunswick Sq Mall,BSQ Mall x1364 - Zales,Canada Dry - Ginger Ale & Lemonde,,1.5,1,1.5,1.5
Brunswick Sq Mall,BSQ Mall x1364 - Zales,Iberia Coconut Water,Non Carbonated,2.0,1,2.0,2.0
Brunswick Sq Mall,BSQ Mall x1364 - Zales,Poland Springs Water,Water,1.5,1,1.5,1.5
Brunswick Sq Mall,BSQ Mall x1364 - Zales,KitKat - Crisp Wafers,Food,2.0,2,4.0,4.0
Earle Asphalt,Earle Asphalt x1371,Fritos - Original,Food,2.25,1,2.25,2.25
Earle Asphalt,Earle Asphalt x1371,Simply Protein - Lemon Coconut,Food,2.0,1,2.0,2.0
Earle Asphalt,Earle Asphalt x1371,Lindens - Chocolate Chippers,Food,1.5,1,1.5,1.5
Earle Asphalt,Earle Asphalt x1371,SunChips Multigrain - French Onion,Food,1.5,1,1.5,1.5
GuttenPlans,GuttenPlans x1367,Red Bull - Original,Carbonated,3.5,1,3.5,3.5
GuttenPlans,GuttenPlans x1367,Cheetos - Fleming Hot Crunchy,Food,1.5,1,1.5,1.5
Earle Asphalt,Earle Asphalt x1371,Fritos - Original,Food,2.25,1,2.25,3.75
Earle Asphalt,Earle Asphalt x1371,Lindens - Chocolate Chippers,Food,1.5,1,1.5,3.75
Earle Asphalt,Earle Asphalt x1371,Wonderful Pistachios - Variety,Food,2.0,1,2.0,2.0
Earle Asphalt,Earle Asphalt x1371,Pop Corners - Kettle Corn,Food,1.5,1,1.5,1.5
Earle Asphalt,Earle Asphalt x1371,Lindens - Chocolate Chippers,Food,1.5,1,1.5,1.5
Earle Asphalt,Earle Asphalt x1371,Pop Corners - Kettle Corn,Food,1.5,1,1.5,1.5
GuttenPlans,GuttenPlans x1367,Coca Cola - Regular,Carbonated,1.5,1,1.5,1.5
GuttenPlans,GuttenPlans x1367,Coca Cola - Regular,Carbonated,1.5,1,1.5,1.5
GuttenPlans,GuttenPlans x1367,Red Bull - Original,Carbonated,3.5,1,3.5,3.5
Brunswick Sq Mall,BSQ Mall x1366 - ATT,Snapple Tea - Raspberry,Non Carbonated,2.75,1,2.75,2.75
GuttenPlans,GuttenPlans x1367,Monster Energy Original,Carbonated,3.0,1,3.0,3.0
Brunswick Sq Mall,BSQ Mall x1366 - ATT,SunChips Multigrain - Harvest Cheddar,Food,1.5,1,1.5,1.5
GuttenPlans,GuttenPlans x1367,Monster Energy Original,Carbonated,3.0,1,3.0,3.0
EB Public Library,EB Public Library x1380,SunChips Multigrain - Salsa,Food,1.5,1,1.5,3.5
EB Public Library,EB Public Library x1380,Lindens - Chocolate Chippers,Food,2.0,1,2.0,3.5
EB Public Library,EB Public Library x1380,SunChips Multigrain - Salsa,Food,1.5,1,1.5,1.5
EB Public Library,EB Public Library x1380,Snyder's of Hanover Pretzel Pieces - Hot Buff,Food,2.5,1,2.5,2.5
GuttenPlans,GuttenPlans x1367,Ritz Bits Cheese,Food,1.5,1,1.5,1.5
GuttenPlans,GuttenPlans x1367,Coca Cola - Regular,Carbonated,1.5,1,1.5,1.5
GuttenPlans,GuttenPlans x1367,Coca Cola - Regular,Carbonated,1.5,1,1.5,1.5
GuttenPlans,GuttenPlans x1367,Doritos Famin Hot Nacho,Food,1.5,1,1.5,1.5
EB Public Library,EB Public Library x1380,Coca Cola - Zero Sugar,Carbonated,2.0,1,2.0,2.0
Brunswick Sq Mall,BSQ Mall x1366 - ATT,Snapple Tea - Lemon,Non Carbonated,2.5,2,5.0,5.0
GuttenPlans,GuttenPlans x1367,Red Bull - Original,Carbonated,3.5,1,3.5,3.5
GuttenPlans,GuttenPlans x1367,Snapple Tea - Raspberry,Non Carbonated,2.5,1,2.5,2.5
Earle Asphalt,Earle Asphalt x1371,Ritz Bits Peanut Butter,Food,2.0,1,2.0,2.0
GuttenPlans,GuttenPlans x1367,Snapple Tea - Peach,Non Carbonated,2.5,1,2.5,4.0
GuttenPlans,GuttenPlans x1367,Pure Organic Fruit Bar - Strawberry Banana,Food,1.5,1,1.5,4.0
Brunswick Sq Mall,BSQ Mall x1364 - Zales,KitKat - Crisp Wafers,Food,2.0,1,2.0,2.0
Earle Asphalt,Earle Asphalt x1371,Simply Protein - Lemon Coconut,Food,2.0,1,2.0,2.0
Earle Asphalt,Earle Asphalt x1371,SunChips Multigrain - Original,Food,1.5,1,1.5,1.5
Earle Asphalt,Earle Asphalt x1371,SunChips Multigrain - French Onion,Food,1.5,1,1.5,3.5
Earle Asphalt,Earle Asphalt x1371,Simply Protein - Lemon Coconut,Food,2.0,1,2.0,3.5
EB Public Library,EB Public Library x1380,Lenny & Larrys - SnickerDoodle,Food,3.0,1,3.0,3.0
Earle Asphalt,Earle Asphalt x1371,Pop Corners - Kettle Corn,Food,1.5,1,1.5,1.5
Earle Asphalt,Earle Asphalt x1371,Robert Irvine's - Fit Crunch -  Chocolate Pea,Food,2.0,1,2.0,2.0
EB Public Library,EB Public Library x1380,Starbucks Refresher - Real Coconut Water,Carbonated,3.0,1,3.0,3.0
Earle Asphalt,Earle Asphalt x1371,Robert Irvine's - Fit Crunch -  Chocolate Pea,Food,2.0,1,2.0,2.0
EB Public Library,EB Public Library x1380,SunChips Multigrain - Salsa,Food,1.5,1,1.5,1.5
EB Public Library,EB Public Library x1380,Lindens - Chocolate Chippers,Food,2.0,1,2.0,2.0
GuttenPlans,GuttenPlans x1367,Red Bull - Original,Carbonated,3.5,1,3.5,3.5
EB Public Library,EB Public Library x1380,CheezIt - White Cheddar,Food,1.5,1,1.5,1.5
EB Public Library,EB Public Library x1380,Starbucks Doubleshot Energy - Mocha,Non Carbonated,3.5,1,3.5,3.5
GuttenPlans,GuttenPlans x1367,Coca Cola - Regular,Carbonated,1.5,1,1.5,1.5
EB Public Library,EB Public Library x1380,SunChips Multigrain - Salsa,Food,1.5,1,1.5,1.5
GuttenPlans,GuttenPlans x1367,Coca Cola - Regular,Carbonated,1.5,1,1.5,1.5
GuttenPlans,GuttenPlans x1367,SunChips Multigrain - Salsa,Food,1.5,1,1.5,1.5
GuttenPlans,GuttenPlans x1367,Chesters Fries Flaming hot,Food,1.5,1,1.5,1.5
EB Public Library,EB Public Library x1380,SunChips Multigrain - Original,Food,1.5,1,1.5,1.5
EB Public Library,EB Public Library x1380,Keto Bar - Creamy Peanut Butter Chocolate,Food,2.0,1,2.0,2.0
EB Public Library,EB Public Library x1380,Mini Chips Ahoy - Go Paks,,4.0,1,4.0,4.0
EB Public Library,EB Public Library x1380,CheezIt - Original,Food,1.5,1,1.5,1.5
EB Public Library,EB Public Library x1380,Goldfish Baked - Cheddar,Food,1.5,1,1.5,1.5
EB Public Library,EB Public Library x1380,Ice Breakers Ice Cubes - PepperMint,Food,5.0,1,5.0,5.0
EB Public Library,EB Public Library x1380,Pringles - Cheddar Cheese,Food,3.0,1,3.0,3.0
GuttenPlans,GuttenPlans x1367,Coca Cola - Regular,Carbonated,1.5,2,3.0,4.5
GuttenPlans,GuttenPlans x1367,Doritos Famin Hot Nacho,Food,1.5,1,1.5,4.5
GuttenPlans,GuttenPlans x1367,Monster Energy Original,Carbonated,3.0,1,3.0,3.0
GuttenPlans,GuttenPlans x1367,Cheetos - Crunchy,Food,1.5,1,1.5,1.5
GuttenPlans,GuttenPlans x1367,Coca Cola - Regular,Carbonated,1.5,1,1.5,1.5
GuttenPlans,GuttenPlans x1367,Sunkist Soda - Orange,Carbonated,1.5,1,1.5,1.5
GuttenPlans,GuttenPlans x1367,Sunkist Soda - Orange,Carbonated,1.5,1,1.5,1.5
GuttenPlans,GuttenPlans x1367,SunChips Multigrain - Harvest Cheddar,Food,1.5,1,1.5,1.5
GuttenPlans,GuttenPlans x1367,Doritos Famin Hot Nacho,Food,1.5,1,1.5,1.5
GuttenPlans,GuttenPlans x1367,Coca Cola - Regular,Carbonated,1.5,1,1.5,4.5
GuttenPlans,GuttenPlans x1367,Oreo Mini,Food,1.5,2,3.0,4.5
GuttenPlans,GuttenPlans x1367,Ritz Bits Cheese,Food,1.5,1,1.5,1.5
GuttenPlans,GuttenPlans x1367,Coca Cola - Regular,Carbonated,1.5,1,1.5,1.5
GuttenPlans,GuttenPlans x1367,Snapple Tea - Peach,Non Carbonated,2.5,1,2.5,2.5
EB Public Library,EB Public Library x1380,SunChips Multigrain - Harvest Cheddar,Food,1.5,1,1.5,1.5
Brunswick Sq Mall,BSQ Mall x1366 - ATT,Starbucks Doubleshot Energy - Coffee,,3.5,1,3.5,3.5
Brunswick Sq Mall,BSQ Mall x1366 - ATT,Newtons Fig Bar,Food,2.0,1,2.0,2.0
GuttenPlans,GuttenPlans x1367,Sunkist Soda - Orange,Carbonated,1.5,1,1.5,1.5
GuttenPlans,GuttenPlans x1367,Red Bull - Original,Carbonated,3.5,1,3.5,3.5
Earle Asphalt,Earle Asphalt x1371,SunChips Multigrain - Original,Food,1.5,1,1.5,1.5
Earle Asphalt,Earle Asphalt x1371,SunChips Multigrain - Original,Food,1.5,1,1.5,1.5
GuttenPlans,GuttenPlans x1367,Coca Cola - Regular,Carbonated,1.5,1,1.5,1.5
EB Public Library,EB Public Library x1380,Coca Cola - Zero Sugar,Carbonated,2.0,1,2.0,2.0
EB Public Library,EB Public Library x1380,Starbucks Refresher - Real Coconut Water,Carbonated,3.0,1,3.0,7.0
EB Public Library,EB Public Library x1380,Teddy Grahams - Go Paks,,4.0,1,4.0,7.0
EB Public Library,EB Public Library x1380,Starbucks Doubleshot Energy - Mocha,Non Carbonated,3.5,1,3.5,3.5
EB Public Library,EB Public Library x1380,Lenny & Larrys - Chocolate Chip,Food,2.5,1,2.5,2.5
GuttenPlans,GuttenPlans x1367,Coca Cola - Regular,Carbonated,1.5,1,1.5,1.5
Earle Asphalt,Earle Asphalt x1371,SunChips Multigrain - Salsa,Food,1.5,1,1.5,1.5
EB Public Library,EB Public Library x1380,Lindens - Chocolate Chippers,Food,2.0,1,2.0,2.0
EB Public Library,EB Public Library x1380,SunChips Multigrain - Salsa,Food,1.5,1,1.5,1.5
EB Public Library,EB Public Library x1380,SunChips Multigrain - Salsa,Food,1.5,1,1.5,3.5
EB Public Library,EB Public Library x1380,Lindens - Chocolate Chippers,Food,2.0,1,2.0,3.5
EB Public Library,EB Public Library x1380,Lindens - Chocolate Chippers,Food,2.0,1,2.0,2.0
EB Public Library,EB Public Library x1380,Pringles - Sour Cream & Onion,Food,3.0,1,3.0,3.0
EB Public Library,EB Public Library x1380,Lindens - Chocolate Chippers,Food,2.0,1,2.0,2.0
EB Public Library,EB Public Library x1380,Pringles - Original,Food,4.0,1,4.0,4.0
EB Public Library,EB Public Library x1380,Pringles - Cheddar Cheese,Food,3.0,1,3.0,3.0
EB Public Library,EB Public Library x1380,Pringles - Sour Cream & Onion,Food,3.0,1,3.0,3.0
EB Public Library,EB Public Library x1380,Pringles - Original,Food,4.0,1,4.0,4.0
GuttenPlans,GuttenPlans x1367,SunChips Multigrain - French Onion,Food,1.5,1,1.5,1.5
EB Public Library,EB Public Library x1380,Pringles - Sour Cream & Onion,Food,3.0,1,3.0,3.0
EB Public Library,EB Public Library x1380,Coca Cola - Zero Sugar,Carbonated,2.0,1,2.0,2.0
EB Public Library,EB Public Library x1380,Oreo Mini - Go Paks,,4.0,1,4.0,4.0
EB Public Library,EB Public Library x1380,Lenny & Larrys - Chocolate Chip,Food,2.5,1,2.5,2.5
EB Public Library,EB Public Library x1380,SunChips Multigrain - Harvest Cheddar,Food,1.5,1,1.5,1.5
EB Public Library,EB Public Library x1380,SunChips Multigrain - Harvest Cheddar,Food,1.5,1,1.5,1.5
GuttenPlans,GuttenPlans x1367,Coca Cola - Regular,Carbonated,1.5,1,1.5,3.0
GuttenPlans,GuttenPlans x1367,Oreo Mini,Food,1.5,1,1.5,3.0
GuttenPlans,GuttenPlans x1367,SunChips Multigrain - Harvest Cheddar,Food,1.5,1,1.5,1.5
EB Public Library,EB Public Library x1380,Lindens - Chocolate Chippers,Food,2.0,1,2.0,2.0
EB Public Library,EB Public Library x1380,Pringles - Cheddar Cheese,Food,3.0,1,3.0,3.0
EB Public Library,EB Public Library x1380,SunChips Multigrain - Salsa,Food,1.5,1,1.5,1.5
GuttenPlans,GuttenPlans x1367,Coca Cola - Regular,Carbonated,1.5,1,1.5,1.5
GuttenPlans,GuttenPlans x1367,Coca Cola - Regular,Carbonated,1.5,1,1.5,1.5
GuttenPlans,GuttenPlans x1367,Cheetos - Crunchy,Food,1.5,1,1.5,1.5
GuttenPlans,GuttenPlans x1367,Oreo Mini,Food,1.5,1,1.5,1.5
GuttenPlans,GuttenPlans x1367,Coca Cola - Regular,Carbonated,1.5,1,1.5,1.5
GuttenPlans,GuttenPlans x1367,Sunkist Soda - Orange,Carbonated,1.5,1,1.5,1.5
GuttenPlans,GuttenPlans x1367,Coca Cola - Regular,Carbonated,1.5,1,1.5,1.5
GuttenPlans,GuttenPlans x1367,Coca Cola - Regular,Carbonated,1.5,1,1.5,1.5
GuttenPlans,GuttenPlans x1367,Monster Energy Original,Carbonated,3.0,1,3.0,3.0
GuttenPlans,GuttenPlans x1367,Sunkist Soda - Orange,Carbonated,1.5,1,1.5,1.5
GuttenPlans,GuttenPlans x1367,Hersheys Milk Chocolate,Food,2.5,1,2.5,2.5
GuttenPlans,GuttenPlans x1367,Snapple Tea - Peach,Non Carbonated,2.5,1,2.5,2.5
GuttenPlans,GuttenPlans x1367,Doritos Famin Hot Nacho,Food,1.5,1,1.5,1.5
GuttenPlans,GuttenPlans x1367,SunChips Multigrain - Harvest Cheddar,Food,1.5,1,1.5,1.5
GuttenPlans,GuttenPlans x1367,Coca Cola - Regular,Carbonated,1.5,1,1.5,1.5
GuttenPlans,GuttenPlans x1367,Snapple Tea - Peach,Non Carbonated,2.5,1,2.5,2.5
EB Public Library,EB Public Library x1380,Spindrift - Sparkling Water  Lime,Carbonated,1.5,1,1.5,1.5
EB Public Library,EB Public Library x1380,BodyArmor LYTE - Strawberry Lemonade,Water,2.75,1,2.75,2.75
Earle Asphalt,Earle Asphalt x1371,Pop Corners - Kettle Corn,Food,1.5,1,1.5,1.5
Earle Asphalt,Earle Asphalt x1371,SunChips Multigrain - Harvest Cheddar,Food,1.5,1,1.5,1.5
Earle Asphalt,Earle Asphalt x1371,SunChips Multigrain - Harvest Cheddar,Food,1.5,1,1.5,1.5
Earle Asphalt,Earle Asphalt x1371,Wonderful Pistachios - Variety,Food,2.0,1,2.0,2.0
Earle Asphalt,Earle Asphalt x1371,Robert Irvine's - Fit Crunch -  Chocolate Pea,Food,2.0,1,2.0,2.0
GuttenPlans,GuttenPlans x1367,Red Bull - Original,Carbonated,3.5,1,3.5,3.5
Earle Asphalt,Earle Asphalt x1371,Simply Protein - Lemon Coconut,Food,2.0,1,2.0,2.0
EB Public Library,EB Public Library x1380,Coca Cola - Zero Sugar,Carbonated,2.0,1,2.0,2.0
Earle Asphalt,Earle Asphalt x1371,Nutter Butter Bites,Food,1.5,1,1.5,1.5
EB Public Library,EB Public Library x1380,Snyder's of Hanover Pretzel Pieces - Hot Buff,Food,2.5,1,2.5,2.5
EB Public Library,EB Public Library x1380,Iberia Coconut Water,Non Carbonated,2.0,1,2.0,2.0
EB Public Library,EB Public Library x1380,CheezIt - White Cheddar,Food,1.5,1,1.5,1.5
Brunswick Sq Mall,BSQ Mall x1364 - Zales,Pop Corners - Sea Salt,Food,1.5,1,1.5,1.5
GuttenPlans,GuttenPlans x1367,Monster Energy Original,Carbonated,3.0,1,3.0,3.0
EB Public Library,EB Public Library x1380,Oreo Mini - Go Paks,,4.0,1,4.0,4.0
Brunswick Sq Mall,BSQ Mall x1364 - Zales,Pop Corners - White Cheddar,Food,1.5,1,1.5,1.5
Brunswick Sq Mall,BSQ Mall x1364 - Zales,Monster Energy Original,Carbonated,3.0,1,3.0,3.0
Brunswick Sq Mall,BSQ Mall x1364 - Zales,Pop Corners - Spicy Queso,Food,1.5,1,1.5,1.5
EB Public Library,EB Public Library x1380,Coca Cola - Zero Sugar,Carbonated,2.0,1,2.0,2.0
GuttenPlans,GuttenPlans x1367,Monster Energy Original,Carbonated,3.0,1,3.0,3.0
EB Public Library,EB Public Library x1380,Lenny & Larrys - SnickerDoodle,Food,3.0,1,3.0,3.0
GuttenPlans,GuttenPlans x1367,Doritos Famin Hot Nacho,Food,1.5,1,1.5,1.5
GuttenPlans,GuttenPlans x1367,Coca Cola - Regular,Carbonated,1.5,1,1.5,1.5
GuttenPlans,GuttenPlans x1367,Monster Energy Original,Carbonated,3.0,1,3.0,3.0
Brunswick Sq Mall,BSQ Mall x1364 - Zales,Kinder - Bueno - Crispy Creamy Chocolate,Food,2.0,1,2.0,2.0
Brunswick Sq Mall,BSQ Mall x1364 - Zales,KitKat - Crisp Wafers,Food,2.0,1,2.0,2.0
Brunswick Sq Mall,BSQ Mall x1364 - Zales,Oreo Mini,Food,1.5,1,1.5,1.5
Brunswick Sq Mall,BSQ Mall x1364 - Zales,Oreo Mini,Food,1.25,1,1.25,1.25
Brunswick Sq Mall,BSQ Mall x1364 - Zales,Oreo Mini,Food,1.5,1,1.5,1.5
GuttenPlans,GuttenPlans x1367,Snapple Tea - Peach,Non Carbonated,2.5,1,2.5,2.5
GuttenPlans,GuttenPlans x1367,Coca Cola - Regular,Carbonated,1.5,1,1.5,1.5
GuttenPlans,GuttenPlans x1367,Coca Cola - Regular,Carbonated,1.5,1,1.5,1.5
GuttenPlans,GuttenPlans x1367,Coca Cola - Regular,Carbonated,1.5,1,1.5,1.5
GuttenPlans,GuttenPlans x1367,Sunkist Soda - Orange,Carbonated,1.5,1,1.5,1.5
GuttenPlans,GuttenPlans x1367,Ritz Bits Cheese,Food,1.5,1,1.5,1.5
GuttenPlans,GuttenPlans x1367,Coca Cola - Regular,Carbonated,1.5,1,1.5,1.5
GuttenPlans,GuttenPlans x1367,Coca Cola - Regular,Carbonated,1.5,1,1.5,1.5
GuttenPlans,GuttenPlans x1367,Coca Cola - Regular,Carbonated,1.5,1,1.5,1.5
GuttenPlans,GuttenPlans x1367,Ritz Bits Cheese,Food,1.5,1,1.5,1.5
GuttenPlans,GuttenPlans x1367,Sunkist Soda - Orange,Carbonated,1.5,1,1.5,1.5
GuttenPlans,GuttenPlans x1367,Snapple Tea - Peach,Non Carbonated,2.5,1,2.5,4.0
GuttenPlans,GuttenPlans x1367,Oreo Mini,Food,1.5,1,1.5,4.0
EB Public Library,EB Public Library x1380,Pringles - Cheddar Cheese,Food,3.0,1,3.0,3.0
Brunswick Sq Mall,BSQ Mall x1366 - ATT,SunChips Multigrain - Salsa,Food,1.5,1,1.5,1.5
Brunswick Sq Mall,BSQ Mall x1364 - Zales,Keto Bar - Chocolate Dream,Food,2.0,1,2.0,2.0
EB Public Library,EB Public Library x1380,Pringles - Cheddar Cheese,Food,3.0,1,3.0,3.0
EB Public Library,EB Public Library x1380,Starbucks Doubleshot Energy - Mocha,Non Carbonated,3.5,1,3.5,3.5
EB Public Library,EB Public Library x1380,SunChips Multigrain - Harvest Cheddar,Food,1.5,1,1.5,1.5
GuttenPlans,GuttenPlans x1367,Red Bull - Original,Carbonated,3.5,1,3.5,3.5
Brunswick Sq Mall,BSQ Mall x1366 - ATT,Poland Springs Water,Water,2.0,1,2.0,2.0
EB Public Library,EB Public Library x1380,Coca Cola - Zero Sugar,Carbonated,2.0,1,2.0,2.0
EB Public Library,EB Public Library x1380,TruBar - Cookie Dough,Food,2.5,1,2.5,2.5
EB Public Library,EB Public Library x1380,Mini Chips Ahoy,Food,4.0,1,4.0,4.0
EB Public Library,EB Public Library x1380,Starbucks Refresher - Real Coconut Water,Carbonated,3.0,1,3.0,3.0
EB Public Library,EB Public Library x1380,Teddy Grahams - Go Paks,,4.0,2,8.0,8.0
EB Public Library,EB Public Library x1380,Snyder's of Hanover Pretzel Pieces - Cheddar,Food,2.5,1,2.5,2.5
EB Public Library,EB Public Library x1380,Coca Cola - Zero Sugar,Carbonated,2.0,1,2.0,2.0
EB Public Library,EB Public Library x1380,SunChips Multigrain - Harvest Cheddar,Food,1.5,1,1.5,1.5
Brunswick Sq Mall,BSQ Mall x1364 - Zales,Canada Dry - Ginger Ale & Lemonde,,1.5,2,3.0,3.0
Brunswick Sq Mall,BSQ Mall x1366 - ATT,Wonderful Pistachios - Variety,Food,2.0,1,2.0,2.0
EB Public Library,EB Public Library x1380,Miss Vickie's Potato Chip - Sea Salt Original,Food,1.5,1,1.5,1.5
EB Public Library,EB Public Library x1380,Miss Vickie's Potato Chip - Sea Salt Original,Food,1.5,1,1.5,1.5
EB Public Library,EB Public Library x1380,Starbucks Refresher - Real Coconut Water,Carbonated,3.0,1,3.0,3.0
EB Public Library,EB Public Library x1380,SunChips Multigrain - French Onion,Food,1.5,1,1.5,1.5
EB Public Library,EB Public Library x1380,BodyArmor LYTE - Strawberry Lemonade,Water,2.75,1,2.75,2.75
Brunswick Sq Mall,BSQ Mall x1364 - Zales,Iberia Coconut Water,Non Carbonated,2.0,1,2.0,2.0
Brunswick Sq Mall,BSQ Mall x1366 - ATT,Starbucks Refresher - Real Coconut Water,Carbonated,3.0,1,3.0,3.0
Brunswick Sq Mall,BSQ Mall x1366 - ATT,Starbucks Refresher - Real Coconut Water,Carbonated,3.0,1,3.0,3.0
Brunswick Sq Mall,BSQ Mall x1366 - ATT,CheezIt - Double Cheese,Food,1.5,1,1.5,1.5
Brunswick Sq Mall,BSQ Mall x1364 - Zales,Goldfish Baked - Cheddar,Food,1.5,1,1.5,1.5
Brunswick Sq Mall,BSQ Mall x1364 - Zales,Pop Corners - Spicy Queso,Food,1.5,1,1.5,1.5
EB Public Library,EB Public Library x1380,Snyder's of Hanover Pretzel Pieces - Cheddar,Food,2.5,1,2.5,2.5
Brunswick Sq Mall,BSQ Mall x1366 - ATT,Oreo Mini,Food,1.5,1,1.5,1.5
EB Public Library,EB Public Library x1380,Teddy Grahams - Go Paks,,4.0,1,4.0,4.0
EB Public Library,EB Public Library x1380,SunChips Multigrain - Harvest Cheddar,Food,1.5,1,1.5,1.5
EB Public Library,EB Public Library x1380,SunChips Multigrain - Harvest Cheddar,Food,1.5,1,1.5,1.5
EB Public Library,EB Public Library x1380,Miss Vickie's Potato Chip - Sea Salt Original,Food,1.5,1,1.5,1.5
EB Public Library,EB Public Library x1380,SunChips Multigrain - Harvest Cheddar,Food,1.5,1,1.5,1.5
Brunswick Sq Mall,BSQ Mall x1366 - ATT,Poland Springs Water,Water,2.0,1,2.0,2.0
Earle Asphalt,Earle Asphalt x1371,Goldfish Baked - Cheddar,Food,1.25,1,1.25,1.25
EB Public Library,EB Public Library x1380,Coca Cola - Zero Sugar,Carbonated,2.0,1,2.0,3.5
EB Public Library,EB Public Library x1380,SunChips Multigrain - Harvest Cheddar,Food,1.5,1,1.5,3.5
EB Public Library,EB Public Library x1380,Bai Antioxidant - Tanzania Lemon Super Tea,Non Carbonated,2.75,1,2.75,2.75
Earle Asphalt,Earle Asphalt x1371,SunChips Multigrain - Original,Food,1.5,1,1.5,1.5
Earle Asphalt,Earle Asphalt x1371,SunChips Multigrain - Harvest Cheddar,Food,1.5,1,1.5,1.5
GuttenPlans,GuttenPlans x1367,Snapple Tea - Peach,Non Carbonated,2.5,1,2.5,2.5
GuttenPlans,GuttenPlans x1367,Red Bull - Original,Carbonated,3.5,1,3.5,3.5
GuttenPlans,GuttenPlans x1367,Cheetos - Fleming Hot Crunchy,Food,1.5,1,1.5,1.5
Earle Asphalt,Earle Asphalt x1371,Lindens - Chocolate Chippers,Food,1.5,1,1.5,1.5
Earle Asphalt,Earle Asphalt x1371,SunChips Multigrain - Original,Food,1.5,1,1.5,1.5
Earle Asphalt,Earle Asphalt x1371,Nutter Butter Bites,Food,1.5,1,1.5,1.5
EB Public Library,EB Public Library x1380,Simply Protein - Dark Chocolate Sea Salt,Food,2.0,1,2.0,2.0
Earle Asphalt,Earle Asphalt x1371,Simply Protein - Lemon Coconut,Food,2.0,1,2.0,2.0
Brunswick Sq Mall,BSQ Mall x1366 - ATT,Oreo Mini,Food,1.5,1,1.5,1.5
Earle Asphalt,Earle Asphalt x1371,Goldfish Baked - Cheddar,Food,1.25,1,1.25,1.25
EB Public Library,EB Public Library x1380,Starbucks Doubleshot Energy - Mocha,Non Carbonated,3.5,1,3.5,3.5
GuttenPlans,GuttenPlans x1367,Red Bull - Original,Carbonated,3.5,1,3.5,3.5
GuttenPlans,GuttenPlans x1367,Cheetos - Fleming Hot Crunchy,Food,1.5,1,1.5,1.5
Earle Asphalt,Earle Asphalt x1371,Wonderful Pistachios - Variety,Food,2.0,1,2.0,2.0
Brunswick Sq Mall,BSQ Mall x1364 - Zales,CheezIt - Original,Food,1.5,1,1.5,1.5
Brunswick Sq Mall,BSQ Mall x1364 - Zales,Goldfish Baked - Cheddar,Food,1.5,1,1.5,1.5
EB Public Library,EB Public Library x1380,Miss Vickie's Potato Chip - Sea Salt Original,Food,1.5,1,1.5,3.5
EB Public Library,EB Public Library x1380,Coca Cola - Zero Sugar,Carbonated,2.0,1,2.0,3.5
EB Public Library,EB Public Library x1380,Miss Vickie's Potato Chip - Sea Salt Original,Food,1.5,1,1.5,1.5
Earle Asphalt,Earle Asphalt x1371,SunChips Multigrain - French Onion,Food,1.5,1,1.5,1.5
EB Public Library,EB Public Library x1380,Miss Vickie's Potato Chip - Sea Salt Original,Food,1.5,1,1.5,1.5
EB Public Library,EB Public Library x1380,Miss Vickie's Potato Chip - Sea Salt Original,Food,1.5,1,1.5,1.5
EB Public Library,EB Public Library x1380,Mini Chips Ahoy,Food,4.0,1,4.0,4.0
EB Public Library,EB Public Library x1380,Coca Cola - Zero Sugar,Carbonated,2.0,1,2.0,2.0
Brunswick Sq Mall,BSQ Mall x1364 - Zales,Oreo Mini,Food,1.25,1,1.25,1.25
Brunswick Sq Mall,BSQ Mall x1366 - ATT,SunChips Multigrain - Harvest Cheddar,Food,1.5,1,1.5,1.5
GuttenPlans,GuttenPlans x1367,SunChips Multigrain - Harvest Cheddar,Food,1.5,1,1.5,1.5
Brunswick Sq Mall,BSQ Mall x1366 - ATT,Snyder's of Hanover Pretzel Pieces - Honey Mu,Food,2.0,1,2.0,2.0
EB Public Library,EB Public Library x1380,SunChips Multigrain - Original,Food,1.5,1,1.5,1.5
EB Public Library,EB Public Library x1380,CheezIt - White Cheddar,Food,1.5,1,1.5,1.5
GuttenPlans,GuttenPlans x1367,Snapple Tea - Raspberry,Non Carbonated,2.5,1,2.5,4.0
GuttenPlans,GuttenPlans x1367,Doritos Famin Hot Nacho,Food,1.5,1,1.5,4.0
GuttenPlans,GuttenPlans x1367,Doritos Famin Hot Nacho,Food,1.5,1,1.5,1.5
Brunswick Sq Mall,BSQ Mall x1366 - ATT,Snapple Tea - Lemon,Non Carbonated,2.5,1,2.5,2.5
GuttenPlans,GuttenPlans x1367,SunChips Multigrain - Original,Food,1.5,1,1.5,1.5
GuttenPlans,GuttenPlans x1367,Sunkist Soda - Orange,Carbonated,1.5,1,1.5,1.5
GuttenPlans,GuttenPlans x1367,Coca Cola - Regular,Carbonated,1.5,1,1.5,1.5
GuttenPlans,GuttenPlans x1367,Ritz Bits Cheese,Food,1.5,1,1.5,1.5
GuttenPlans,GuttenPlans x1367,Coca Cola - Regular,Carbonated,1.5,1,1.5,1.5
GuttenPlans,GuttenPlans x1367,SunChips Multigrain - Harvest Cheddar,Food,1.5,1,1.5,1.5
GuttenPlans,GuttenPlans x1367,Monster Energy Original,Carbonated,3.0,1,3.0,3.0
GuttenPlans,GuttenPlans x1367,Chesters Fries Flaming hot,Food,1.5,1,1.5,1.5
GuttenPlans,GuttenPlans x1367,Red Bull - Original,Carbonated,3.5,1,3.5,3.5
GuttenPlans,GuttenPlans x1367,Cheetos - Fleming Hot Crunchy,Food,1.5,1,1.5,1.5
GuttenPlans,GuttenPlans x1367,Snapple Tea - Peach,Non Carbonated,2.5,1,2.5,2.5
GuttenPlans,GuttenPlans x1367,Red Bull - Original,Carbonated,3.5,1,3.5,3.5
Earle Asphalt,Earle Asphalt x1371,SunChips Multigrain - Original,Food,1.5,1,1.5,1.5
Earle Asphalt,Earle Asphalt x1371,Kinder - Bueno - Crispy Creamy Chocolate,Food,2.0,1,2.0,2.0
Earle Asphalt,Earle Asphalt x1371,Wonderful Pistachios - Variety,Food,2.0,1,2.0,2.0
GuttenPlans,GuttenPlans x1367,Red Bull - Original,Carbonated,3.5,1,3.5,3.5
GuttenPlans,GuttenPlans x1367,Snapple Tea - Raspberry,Non Carbonated,2.5,1,2.5,2.5
EB Public Library,EB Public Library x1380,SunChips Multigrain - Harvest Cheddar,Food,1.5,1,1.5,1.5
GuttenPlans,GuttenPlans x1367,Hersheys Milk Chocolate,Food,2.5,1,2.5,2.5
EB Public Library,EB Public Library x1380,TruBar - Daydreaming about Donuts,Food,2.5,1,2.5,2.5
EB Public Library,EB Public Library x1380,CheezIt - White Cheddar,Food,1.5,1,1.5,1.5
EB Public Library,EB Public Library x1380,Coca Cola - Zero Sugar,Carbonated,2.0,1,2.0,2.0
GuttenPlans,GuttenPlans x1367,Coca Cola - Regular,Carbonated,1.5,1,1.5,1.5
GuttenPlans,GuttenPlans x1367,Coca Cola - Regular,Carbonated,1.5,1,1.5,1.5
GuttenPlans,GuttenPlans x1367,SunChips Multigrain - French Onion,Food,1.5,1,1.5,1.5
GuttenPlans,GuttenPlans x1367,SunChips Multigrain - Salsa,Food,1.5,1,1.5,1.5
EB Public Library,EB Public Library x1380,CheezIt - Original,Food,1.5,1,1.5,1.5
EB Public Library,EB Public Library x1380,Coca Cola - Zero Sugar,Carbonated,2.0,1,2.0,2.0
EB Public Library,EB Public Library x1380,Miss Vickie's Potato Chip - Sea Salt Original,Food,1.5,1,1.5,1.5
EB Public Library,EB Public Library x1380,BodyArmor LYTE - Strawberry Lemonade,Water,2.75,1,2.75,2.75
EB Public Library,EB Public Library x1380,Teddy Grahams - Go Paks,,4.0,1,4.0,4.0
Earle Asphalt,Earle Asphalt x1371,Nutter Butter Bites,Food,1.5,1,1.5,1.5
EB Public Library,EB Public Library x1380,Mini Chips Ahoy - Go Paks,,4.0,1,4.0,4.0
Earle Asphalt,Earle Asphalt x1371,Nutter Butter Bites,Food,1.5,1,1.5,1.5
GuttenPlans,GuttenPlans x1367,Coca Cola - Regular,Carbonated,1.5,1,1.5,1.5
GuttenPlans,GuttenPlans x1367,Sunkist Soda - Orange,Carbonated,1.5,1,1.5,1.5
GuttenPlans,GuttenPlans x1367,SunChips Multigrain - French Onion,Food,1.5,1,1.5,1.5
GuttenPlans,GuttenPlans x1367,Nature's Bakery Fig Bar - Raspberry,Food,1.5,1,1.5,1.5
GuttenPlans,GuttenPlans x1367,Cheetos - Fleming Hot Crunchy,Food,1.5,1,1.5,1.5
GuttenPlans,GuttenPlans x1367,Chesters Fries Flaming hot,Food,1.5,1,1.5,1.5
GuttenPlans,GuttenPlans x1367,Coca Cola - Regular,Carbonated,1.5,1,1.5,1.5
EB Public Library,EB Public Library x1380,Wonderful Pistachios - Variety,Food,2.0,1,2.0,2.0
EB Public Library,EB Public Library x1380,TruBar - Cookie Dough,Food,2.5,1,2.5,2.5
EB Public Library,EB Public Library x1380,Starbucks Doubleshot Energy - Mocha,Non Carbonated,3.5,1,3.5,3.5
GuttenPlans,GuttenPlans x1367,Oreo Mini,Food,1.5,1,1.5,1.5
GuttenPlans,GuttenPlans x1367,Coca Cola - Regular,Carbonated,1.5,1,1.5,1.5
GuttenPlans,GuttenPlans x1367,Coca Cola - Regular,Carbonated,1.5,1,1.5,1.5
GuttenPlans,GuttenPlans x1367,Sunkist Soda - Orange,Carbonated,1.5,1,1.5,1.5
GuttenPlans,GuttenPlans x1367,Snapple Tea - Raspberry,Non Carbonated,2.5,1,2.5,2.5
GuttenPlans,GuttenPlans x1367,SunChips Multigrain - Harvest Cheddar,Food,1.5,1,1.5,1.5
GuttenPlans,GuttenPlans x1367,SunChips Multigrain - Salsa,Food,1.5,1,1.5,1.5
GuttenPlans,GuttenPlans x1367,Nature's Bakery Fig Bar - Raspberry,Food,1.5,1,1.5,1.5
GuttenPlans,GuttenPlans x1367,Cheetos - Crunchy,Food,1.5,1,1.5,1.5
GuttenPlans,GuttenPlans x1367,Snapple Tea - Peach,Non Carbonated,2.5,1,2.5,2.5
GuttenPlans,GuttenPlans x1367,Red Bull - Original,Carbonated,3.5,1,3.5,3.5
Brunswick Sq Mall,BSQ Mall x1364 - Zales,Monster Energy Original,Carbonated,3.0,1,3.0,3.0
Earle Asphalt,Earle Asphalt x1371,Wonderful Pistachios - Variety,Food,2.0,1,2.0,2.0
EB Public Library,EB Public Library x1380,Spindrift - Sparkling Water  Lime,Carbonated,1.5,1,1.5,1.5
EB Public Library,EB Public Library x1380,Spindrift - Sparkling Water  Lime,Carbonated,1.5,1,1.5,1.5
Earle Asphalt,Earle Asphalt x1371,SunChips Multigrain - French Onion,Food,1.5,1,1.5,1.5
GuttenPlans,GuttenPlans x1367,SunChips Multigrain - Harvest Cheddar,Food,1.5,1,1.5,1.5
GuttenPlans,GuttenPlans x1367,SunChips Multigrain - French Onion,Food,1.5,1,1.5,1.5
Earle Asphalt,Earle Asphalt x1371,Coca Cola - Zero Sugar,Carbonated,1.5,1,1.5,1.5
GuttenPlans,GuttenPlans x1367,Snapple Tea - Raspberry,Non Carbonated,2.5,1,2.5,2.5
EB Public Library,EB Public Library x1380,Spindrift - Sparkling Water  Lime,Carbonated,1.5,1,1.5,1.5
Earle Asphalt,Earle Asphalt x1371,SunChips Multigrain - French Onion,Food,1.5,1,1.5,3.0
Earle Asphalt,Earle Asphalt x1371,Newtons Fig Bar,Food,1.5,1,1.5,3.0
GuttenPlans,GuttenPlans x1367,SunChips Multigrain - French Onion,Food,1.5,1,1.5,1.5
GuttenPlans,GuttenPlans x1367,Monster Energy Original,Carbonated,3.0,1,3.0,3.0
GuttenPlans,GuttenPlans x1367,Cheetos - Fleming Hot Crunchy,Food,1.5,1,1.5,1.5
GuttenPlans,GuttenPlans x1367,Snapple Tea - Raspberry,Non Carbonated,2.5,1,2.5,5.0
GuttenPlans,GuttenPlans x1367,KitKat - Crisp Wafers,Food,2.5,1,2.5,5.0
EB Public Library,EB Public Library x1380,Miss Vickie's Potato Chip - Sea Salt Original,Food,1.5,1,1.5,1.5
Brunswick Sq Mall,BSQ Mall x1366 - ATT,Snapple Tea - Raspberry,Non Carbonated,2.75,1,2.75,2.75
Earle Asphalt,Earle Asphalt x1371,Newtons Fig Bar,Food,1.5,1,1.5,3.0
Earle Asphalt,Earle Asphalt x1371,Nutter Butter Bites,Food,1.5,1,1.5,3.0
Earle Asphalt,Earle Asphalt x1371,SunChips Multigrain - Harvest Cheddar,Food,1.5,1,1.5,1.5
Earle Asphalt,Earle Asphalt x1371,SunChips Multigrain - Harvest Cheddar,Food,1.5,1,1.5,1.5
GuttenPlans,GuttenPlans x1367,Monster Energy Original,Carbonated,3.0,1,3.0,3.0
EB Public Library,EB Public Library x1380,SunChips Multigrain - Original,Food,1.5,1,1.5,1.5
EB Public Library,EB Public Library x1380,CheezIt - Go Paks,Food,4.0,1,4.0,4.0
GuttenPlans,GuttenPlans x1367,Cheetos - Crunchy,Food,1.5,1,1.5,4.0
GuttenPlans,GuttenPlans x1367,Snapple Tea - Raspberry,Non Carbonated,2.5,1,2.5,4.0
GuttenPlans,GuttenPlans x1367,Snapple Tea - Lemon,Non Carbonated,2.5,1,2.5,2.5
GuttenPlans,GuttenPlans x1367,Snapple Tea - Raspberry,Non Carbonated,2.5,1,2.5,2.5
GuttenPlans,GuttenPlans x1367,Red Bull - Original,Carbonated,3.5,1,3.5,3.5
Earle Asphalt,Earle Asphalt x1371,Ritz Bits Peanut Butter,Food,2.0,1,2.0,2.0
GuttenPlans,GuttenPlans x1367,Red Bull - Original,Carbonated,3.5,1,3.5,3.5
Earle Asphalt,Earle Asphalt x1371,Wonderful Pistachios - Variety,Food,2.0,1,2.0,2.0
GuttenPlans,GuttenPlans x1367,Hersheys Milk Chocolate,Food,2.5,1,2.5,2.5
EB Public Library,EB Public Library x1380,Bai Antioxidant - Tanzania Lemon Super Tea,Non Carbonated,2.75,1,2.75,2.75
EB Public Library,EB Public Library x1380,Oreo Mini - Go Paks,,4.0,1,4.0,4.0
EB Public Library,EB Public Library x1380,TruBar - Cookie Dough,Food,2.5,1,2.5,2.5
Earle Asphalt,Earle Asphalt x1371,SunChips Multigrain - Harvest Cheddar,Food,1.5,1,1.5,1.5
GuttenPlans,GuttenPlans x1367,Snapple Tea - Lemon,Non Carbonated,2.5,1,2.5,2.5
GuttenPlans,GuttenPlans x1367,Hersheys Milk Chocolate,Food,2.5,1,2.5,2.5
EB Public Library,EB Public Library x1380,Lenny & Larrys - SnickerDoodle,Food,3.0,1,3.0,3.0
GuttenPlans,GuttenPlans x1367,Red Bull - Original,Carbonated,3.5,1,3.5,3.5
GuttenPlans,GuttenPlans x1367,Cheetos - Fleming Hot Crunchy,Food,1.5,1,1.5,1.5
Earle Asphalt,Earle Asphalt x1371,Coca Cola - Zero Sugar,Carbonated,1.5,1,1.5,1.5
Brunswick Sq Mall,BSQ Mall x1364 - Zales,Oreo Mini,Food,1.5,1,1.5,1.5
Brunswick Sq Mall,BSQ Mall x1364 - Zales,Goldfish Baked - Cheddar,Food,1.5,1,1.5,1.5
GuttenPlans,GuttenPlans x1367,Snapple Tea - Lemon,Non Carbonated,2.5,1,2.5,2.5
GuttenPlans,GuttenPlans x1367,Chesters Fries Flaming hot,Food,1.5,1,1.5,1.5
EB Public Library,EB Public Library x1380,SunChips Multigrain - Harvest Cheddar,Food,1.5,1,1.5,1.5
GuttenPlans,GuttenPlans x1367,Nature's Bakery Fig Bar - Raspberry,Food,1.5,1,1.5,1.5
Brunswick Sq Mall,BSQ Mall x1366 - ATT,Oreo Mini,Food,1.5,1,1.5,1.5
Brunswick Sq Mall,BSQ Mall x1364 - Zales,Canada Dry - Ginger Ale & Lemonde,,1.5,1,1.5,1.5
GuttenPlans,GuttenPlans x1367,KitKat - Crisp Wafers,Food,2.5,1,2.5,2.5
GuttenPlans,GuttenPlans x1367,Nature's Bakery Fig Bar - Raspberry,Food,1.5,1,1.5,1.5
GuttenPlans,GuttenPlans x1367,Chesters Fries Flaming hot,Food,1.5,1,1.5,1.5
GuttenPlans,GuttenPlans x1367,Nature's Bakery Fig Bar - Raspberry,Food,1.5,1,1.5,1.5
GuttenPlans,GuttenPlans x1367,Snapple Tea - Lemon,Non Carbonated,2.5,1,2.5,2.5
GuttenPlans,GuttenPlans x1367,SunChips Multigrain - Salsa,Food,1.5,1,1.5,3.0
GuttenPlans,GuttenPlans x1367,Cheetos Flaming Hot Limon Crunchy,Food,1.5,1,1.5,3.0
GuttenPlans,GuttenPlans x1367,Monster Energy Original,Carbonated,3.0,1,3.0,3.0
GuttenPlans,GuttenPlans x1367,Cheetos - Crunchy,Food,1.5,1,1.5,1.5
Earle Asphalt,Earle Asphalt x1371,Ritz Bits Peanut Butter,Food,2.0,1,2.0,2.0
Brunswick Sq Mall,BSQ Mall x1366 - ATT,Snyder's of Hanover Pretzel Pieces - Honey Mu,Food,2.0,1,2.0,2.0
EB Public Library,EB Public Library x1380,Starbucks Doubleshot Energy - Mocha,Non Carbonated,3.5,1,3.5,3.5
EB Public Library,EB Public Library x1380,SunChips Multigrain - Original,Food,1.5,1,1.5,1.5
Earle Asphalt,Earle Asphalt x1371,Seapoint Farms Dry Roasted Edamame - Wasabi,Food,2.5,1,2.5,2.5
Earle Asphalt,Earle Asphalt x1371,Wonderful Pistachios - Variety,Food,2.0,1,2.0,2.0
Earle Asphalt,Earle Asphalt x1371,Keto Bar - Creamy Peanut Butter Chocolate,Food,2.0,1,2.0,4.0
Earle Asphalt,Earle Asphalt x1371,Keto Bar - Chocolate Dream,Food,2.0,1,2.0,4.0
GuttenPlans,GuttenPlans x1367,Snapple Tea - Lemon,Non Carbonated,2.5,1,2.5,2.5
GuttenPlans,GuttenPlans x1367,Monster Energy Original,Carbonated,3.0,1,3.0,3.0
GuttenPlans,GuttenPlans x1367,Cheetos - Crunchy,Food,1.5,1,1.5,1.5
EB Public Library,EB Public Library x1380,Snyder's of Hanover Pretzel Pieces - Hot Buff,Food,2.5,1,2.5,5.0
EB Public Library,EB Public Library x1380,TruBar - Daydreaming about Donuts,Food,2.5,1,2.5,5.0
GuttenPlans,GuttenPlans x1367,Monster Energy Original,Carbonated,3.0,1,3.0,3.0
GuttenPlans,GuttenPlans x1367,Monster Energy Original,Carbonated,3.0,1,3.0,3.0
GuttenPlans,GuttenPlans x1367,SunChips Multigrain - French Onion,Food,1.5,1,1.5,1.5
Brunswick Sq Mall,BSQ Mall x1366 - ATT,Starbucks Refresher - Real Coconut Water,Carbonated,3.0,1,3.0,3.0
EB Public Library,EB Public Library x1380,RXBAR - Protein Bar - Chocolate Sea Salt,Food,2.0,1,2.0,3.5
EB Public Library,EB Public Library x1380,Spindrift - Sparkling Water  Lime,Carbonated,1.5,1,1.5,3.5
EB Public Library,EB Public Library x1380,Spindrift - Sparkling Water  Lime,Carbonated,1.5,1,1.5,1.5
Brunswick Sq Mall,BSQ Mall x1366 - ATT,Coca Cola - Regular,Carbonated,2.0,1,2.0,2.0
EB Public Library,EB Public Library x1380,Spindrift - Sparkling Water  Lime,Carbonated,1.5,1,1.5,1.5
Brunswick Sq Mall,BSQ Mall x1366 - ATT,CheezIt - Original,Food,1.5,1,1.5,1.5
EB Public Library,EB Public Library x1380,Spindrift - Sparkling Water  Lime,Carbonated,1.5,1,1.5,1.5
GuttenPlans,GuttenPlans x1367,SunChips Multigrain - Original,Food,1.5,1,1.5,1.5
GuttenPlans,GuttenPlans x1367,Nature's Bakery Fig Bar - Raspberry,Food,1.5,1,1.5,1.5
GuttenPlans,GuttenPlans x1367,KitKat - Crisp Wafers,Food,2.5,1,2.5,2.5
GuttenPlans,GuttenPlans x1367,Snapple Tea - Lemon,Non Carbonated,2.5,1,2.5,2.5
GuttenPlans,GuttenPlans x1367,SunChips Multigrain - Salsa,Food,1.5,1,1.5,1.5
EB Public Library,EB Public Library x1380,Mini Chips Ahoy - Go Paks,,4.0,1,4.0,4.0
EB Public Library,EB Public Library x1380,BodyArmor LYTE - Strawberry Lemonade,Water,2.75,1,2.75,2.75
EB Public Library,EB Public Library x1380,Pringles - Original,Food,4.0,1,4.0,4.0
Brunswick Sq Mall,BSQ Mall x1366 - ATT,Keep Healthy - Sea Salt Brownie,Food,2.0,1,2.0,2.0
EB Public Library,EB Public Library x1380,BodyArmor  LYTE - Blueberry Pomegranate,Non Carbonated,2.75,1,2.75,2.75
EB Public Library,EB Public Library x1380,CheezIt - White Cheddar,Food,1.5,1,1.5,1.5
EB Public Library,EB Public Library x1380,Pringles - Cheddar Cheese,Food,3.0,1,3.0,3.0
Brunswick Sq Mall,BSQ Mall x1364 - Zales,Oreo Mini,Food,1.5,1,1.5,1.5
EB Public Library,EB Public Library x1380,Pringles - Sour Cream & Onion,Food,3.0,1,3.0,3.0
EB Public Library,EB Public Library x1380,Starbucks Doubleshot Energy - Mocha,Non Carbonated,3.5,1,3.5,3.5
EB Public Library,EB Public Library x1380,Lenny & Larrys - SnickerDoodle,Food,3.0,1,3.0,3.0
EB Public Library,EB Public Library x1380,RXBAR - Protein Bar - Chocolate Sea Salt,Food,2.0,1,2.0,2.0
EB Public Library,EB Public Library x1380,Simply Protein - Dark Chocolate Sea Salt,Food,2.0,1,2.0,2.0
Brunswick Sq Mall,BSQ Mall x1364 - Zales,Pop Corners - White Cheddar,Food,1.5,1,1.5,1.5
Brunswick Sq Mall,BSQ Mall x1366 - ATT,Newtons Fig Bar,Food,2.0,1,2.0,2.0
Brunswick Sq Mall,BSQ Mall x1366 - ATT,Newtons Fig Bar,Food,2.0,1,2.0,2.0
EB Public Library,EB Public Library x1380,Goldfish Baked - Cheddar,Food,1.25,1,1.25,1.25
EB Public Library,EB Public Library x1380,CheezIt - White Cheddar,Food,1.5,1,1.5,1.5
EB Public Library,EB Public Library x1380,TruBar - Daydreaming about Donuts,Food,2.5,1,2.5,2.5
EB Public Library,EB Public Library x1380,Simply Protein - Dark Chocolate Sea Salt,Food,2.0,1,2.0,2.0
Brunswick Sq Mall,BSQ Mall x1366 - ATT,Snyder's of Hanover Pretzel Pieces - Honey Mu,Food,2.0,1,2.0,4.0
Brunswick Sq Mall,BSQ Mall x1366 - ATT,Poland Springs Water,Water,2.0,1,2.0,4.0
Brunswick Sq Mall,BSQ Mall x1366 - ATT,SunChips Multigrain - Harvest Cheddar,Food,1.5,1,1.5,1.5
Brunswick Sq Mall,BSQ Mall x1366 - ATT,SunChips Multigrain - Salsa,Food,1.5,1,1.5,1.5
Brunswick Sq Mall,BSQ Mall x1366 - ATT,Snapple Tea - Raspberry,Non Carbonated,2.75,1,2.75,2.75
Brunswick Sq Mall,BSQ Mall x1366 - ATT,Oreo Mini,Food,1.5,1,1.5,1.5
Brunswick Sq Mall,BSQ Mall x1366 - ATT,CheezIt - Original,Food,1.5,1,1.5,1.5
Brunswick Sq Mall,BSQ Mall x1364 - Zales,Goldfish Baked - Cheddar,Food,1.5,1,1.5,1.5
EB Public Library,EB Public Library x1380,Snyder's of Hanover Pretzel Pieces - Cheddar,Food,2.5,1,2.5,2.5
EB Public Library,EB Public Library x1380,Robert Irvine's - Fit Crunch -  Chocolate Pea,Food,2.0,1,2.0,2.0
EB Public Library,EB Public Library x1380,Simply Protein - Dark Chocolate Sea Salt,Food,2.0,1,2.0,2.0
EB Public Library,EB Public Library x1380,Goldfish Baked - Cheddar,Food,1.25,1,1.25,1.25
GuttenPlans,GuttenPlans x1367,Monster Energy Original,Carbonated,3.0,1,3.0,3.0
GuttenPlans,GuttenPlans x1367,,,,1,1.5,1.5
Brunswick Sq Mall,BSQ Mall x1364 - Zales,SunChips Multigrain - Original,Food,1.5,1,1.5,1.5
Earle Asphalt,Earle Asphalt x1371,Lindens - Chocolate Chippers,Food,1.5,1,1.5,1.5
EB Public Library,EB Public Library x1380,SunChips Multigrain - French Onion,Food,1.5,1,1.5,1.5
EB Public Library,EB Public Library x1380,Poland Springs Water,Water,1.5,1,1.5,1.5
EB Public Library,EB Public Library x1380,Simply Protein - Dark Chocolate Sea Salt,Food,2.0,1,2.0,3.5
EB Public Library,EB Public Library x1380,Poland Springs Water,Water,1.5,1,1.5,3.5
EB Public Library,EB Public Library x1380,Wonderful Pistachios - Variety,Food,2.0,1,2.0,2.0
EB Public Library,EB Public Library x1380,CheezIt - Double Cheese,Food,1.5,1,1.5,1.5
EB Public Library,EB Public Library x1380,SunChips Multigrain - French Onion,Food,1.5,1,1.5,1.5
Brunswick Sq Mall,BSQ Mall x1364 - Zales,Monster Energy Original,Carbonated,3.0,1,3.0,3.0
EB Public Library,EB Public Library x1380,Ice Breakers Ice Cubes - PepperMint,Food,5.0,1,5.0,5.0
EB Public Library,EB Public Library x1380,Poland Springs Water,Water,1.5,1,1.5,1.5
EB Public Library,EB Public Library x1380,Pringles - Sour Cream & Onion,Food,4.0,1,4.0,4.0
EB Public Library,EB Public Library x1380,SunChips Multigrain - French Onion,Food,1.5,1,1.5,1.5
EB Public Library,EB Public Library x1380,Pringles - Sour Cream & Onion,Food,4.0,1,4.0,4.0
EB Public Library,EB Public Library x1380,Pringles - Original,Food,4.0,1,4.0,4.0
GuttenPlans,GuttenPlans x1367,Monster Energy Original,Carbonated,3.0,1,3.0,3.0
EB Public Library,EB Public Library x1380,Pringles - Sour Cream & Onion,Food,4.0,1,4.0,8.0
EB Public Library,EB Public Library x1380,Seapoint Farms Dry Roasted Edamame - Wasabi,Food,2.5,1,2.5,8.0
EB Public Library,EB Public Library x1380,Poland Springs Water,Water,1.5,1,1.5,8.0
GuttenPlans,GuttenPlans x1367,SunChips Multigrain - Harvest Cheddar,Food,1.5,1,1.5,1.5
GuttenPlans,GuttenPlans x1367,Snapple Tea - Lemon,Non Carbonated,2.5,1,2.5,2.5
Brunswick Sq Mall,BSQ Mall x1366 - ATT,SunChips Multigrain - Harvest Cheddar,Food,1.5,1,1.5,1.5
GuttenPlans,GuttenPlans x1367,Ruffles Baked  - Cheddar & Sour Cream,Food,1.5,1,1.5,1.5
Brunswick Sq Mall,BSQ Mall x1366 - ATT,Bai Antioxidant - Zambia Bingcherry,Non Carbonated,2.5,1,2.5,2.5
GuttenPlans,GuttenPlans x1367,Snapple Tea - Lemon,Non Carbonated,2.5,1,2.5,2.5
GuttenPlans,GuttenPlans x1367,Lays - Classic,Food,1.5,1,1.5,1.5
GuttenPlans,GuttenPlans x1367,Ruffles Baked  - Cheddar & Sour Cream,Food,1.5,1,1.5,1.5
GuttenPlans,GuttenPlans x1367,Doritos Famin Hot Nacho,Food,1.5,1,1.5,1.5
GuttenPlans,GuttenPlans x1367,Ruffles Baked  - Cheddar & Sour Cream,Food,1.5,1,1.5,1.5
GuttenPlans,GuttenPlans x1367,Monster Energy Original,Carbonated,3.0,1,3.0,3.0
GuttenPlans,GuttenPlans x1367,Snapple Tea - Lemon,Non Carbonated,2.5,1,2.5,2.5
GuttenPlans,GuttenPlans x1367,Monster Energy Original,Carbonated,3.0,1,3.0,3.0
EB Public Library,EB Public Library x1380,Coca Cola - Zero Sugar,Carbonated,2.0,1,2.0,2.0
Earle Asphalt,Earle Asphalt x1371,SunChips Multigrain - Salsa,Food,1.5,1,1.5,1.5
Earle Asphalt,Earle Asphalt x1371,Newtons Fig Bar,Food,1.5,1,1.5,1.5
EB Public Library,EB Public Library x1380,Coca Cola - Zero Sugar,Carbonated,2.0,1,2.0,2.0
EB Public Library,EB Public Library x1380,SunChips Multigrain - Harvest Cheddar,Food,1.5,1,1.5,1.5
Brunswick Sq Mall,BSQ Mall x1364 - Zales,Monster Energy Original,Carbonated,3.0,1,3.0,3.0
GuttenPlans,GuttenPlans x1367,Monster Energy Original,Carbonated,3.0,1,3.0,3.0
EB Public Library,EB Public Library x1380,Kinder - Bueno - Crispy Creamy Chocolate,Food,2.0,1,2.0,2.0
EB Public Library,EB Public Library x1380,Starbucks Doubleshot Energy - Mocha,Non Carbonated,3.5,1,3.5,3.5
EB Public Library,EB Public Library x1380,Poland Springs Water,Water,1.5,1,1.5,1.5
GuttenPlans,GuttenPlans x1367,Monster Energy Original,Carbonated,3.0,1,3.0,3.0
Earle Asphalt,Earle Asphalt x1371,Pop Corners - Sea Salt,Food,1.5,1,1.5,1.5
EB Public Library,EB Public Library x1380,Poland Springs Water,Water,1.5,1,1.5,1.5
Earle Asphalt,Earle Asphalt x1371,Pop Corners - Sea Salt,Food,1.5,1,1.5,1.5
GuttenPlans,GuttenPlans x1367,Doritos Nacho Cheese,Food,1.5,1,1.5,1.5
GuttenPlans,GuttenPlans x1367,Monster Energy Original,Carbonated,3.0,1,3.0,3.0
EB Public Library,EB Public Library x1380,Bai Antioxidant - Tanzania Lemon Super Tea,Non Carbonated,2.75,1,2.75,2.75
EB Public Library,EB Public Library x1380,Pringles - Cheddar Cheese,Food,4.0,1,4.0,4.0
EB Public Library,EB Public Library x1380,Pringles - Original,Food,3.0,1,3.0,3.0
EB Public Library,EB Public Library x1380,Pringles - Sour Cream & Onion,Food,4.0,1,4.0,4.0
EB Public Library,EB Public Library x1380,SunChips Multigrain - French Onion,Food,1.5,1,1.5,1.5
EB Public Library,EB Public Library x1380,SunChips Multigrain - Salsa,Food,1.5,1,1.5,1.5
EB Public Library,EB Public Library x1380,Goldfish Baked - Cheddar,Food,1.25,1,1.25,1.25
EB Public Library,EB Public Library x1380,RXBAR - Protein Bar - Chocolate Sea Salt,Food,2.0,1,2.0,2.0
GuttenPlans,GuttenPlans x1367,Doritos Nacho Cheese,Food,1.5,1,1.5,1.5
GuttenPlans,GuttenPlans x1367,Doritos Famin Hot Nacho,Food,1.5,1,1.5,1.5
GuttenPlans,GuttenPlans x1367,Lays - Classic,Food,1.5,1,1.5,1.5
GuttenPlans,GuttenPlans x1367,Doritos Famin Hot Nacho,Food,1.5,1,1.5,1.5
GuttenPlans,GuttenPlans x1367,Doritos Nacho Cheese,Food,1.5,1,1.5,1.5
GuttenPlans,GuttenPlans x1367,Doritos Nacho Cheese,Food,1.5,1,1.5,1.5
GuttenPlans,GuttenPlans x1367,Doritos Nacho Cheese,Food,1.5,1,1.5,1.5
GuttenPlans,GuttenPlans x1367,Ruffles Baked  - Cheddar & Sour Cream,Food,1.5,1,1.5,1.5
GuttenPlans,GuttenPlans x1367,Monster Energy Original,Carbonated,3.0,1,3.0,3.0
GuttenPlans,GuttenPlans x1367,Monster Energy Original,Carbonated,3.0,1,3.0,3.0
EB Public Library,EB Public Library x1380,Kinder - Bueno - Crispy Creamy Chocolate,Food,2.0,1,2.0,2.0
EB Public Library,EB Public Library x1380,Poland Springs Water,Water,1.5,1,1.5,1.5
GuttenPlans,GuttenPlans x1367,Doritos Nacho Cheese,Food,1.5,1,1.5,1.5
EB Public Library,EB Public Library x1380,CheezIt - White Cheddar,Food,1.5,1,1.5,1.5
EB Public Library,EB Public Library x1380,Kinder - Bueno - Crispy Creamy Chocolate,Food,2.0,1,2.0,2.0
EB Public Library,EB Public Library x1380,Teddy Grahams - Go Paks,,4.0,1,4.0,4.0
EB Public Library,EB Public Library x1380,Coca Cola - Zero Sugar,Carbonated,2.0,2,4.0,4.0
Earle Asphalt,Earle Asphalt x1371,Keto Bar - Creamy Peanut Butter Chocolate,Food,2.0,1,2.0,2.0
Earle Asphalt,Earle Asphalt x1371,Pop Corners - Sea Salt,Food,1.5,1,1.5,1.5
Earle Asphalt,Earle Asphalt x1371,Pop Corners - Sea Salt,Food,1.5,1,1.5,1.5
GuttenPlans,GuttenPlans x1367,SunChips Multigrain - Original,Food,1.5,1,1.5,1.5
EB Public Library,EB Public Library x1380,Coca Cola - Zero Sugar,Carbonated,2.0,1,2.0,2.0
EB Public Library,EB Public Library x1380,Lenny & Larrys - SnickerDoodle,Food,3.0,1,3.0,3.0
EB Public Library,EB Public Library x1380,Coca Cola - Zero Sugar,Carbonated,2.0,1,2.0,2.0
Earle Asphalt,Earle Asphalt x1371,Robert Irvine's - Fit Crunch -  Chocolate Pea,Food,2.0,1,2.0,2.0
Brunswick Sq Mall,BSQ Mall x1366 - ATT,Snapple Tea - Raspberry,Non Carbonated,2.75,1,2.75,2.75
Brunswick Sq Mall,BSQ Mall x1364 - Zales,SunChips Multigrain - Harvest Cheddar,Food,1.5,1,1.5,1.5
EB Public Library,EB Public Library x1380,SunChips Multigrain - Salsa,Food,1.5,1,1.5,1.5
GuttenPlans,GuttenPlans x1367,SunChips Multigrain - Original,Food,1.5,1,1.5,1.5
EB Public Library,EB Public Library x1380,Poland Springs Water,Water,1.5,1,1.5,1.5
GuttenPlans,GuttenPlans x1367,Monster Energy Original,Carbonated,3.0,1,3.0,3.0
GuttenPlans,GuttenPlans x1367,Doritos Nacho Cheese,Food,1.5,1,1.5,1.5
EB Public Library,EB Public Library x1380,BodyArmor LYTE  - Peach Mango,Water,2.75,1,2.75,2.75
EB Public Library,EB Public Library x1380,Kinder - Bueno - Crispy Creamy Chocolate,Food,2.0,1,2.0,4.5
EB Public Library,EB Public Library x1380,TruBar - Daydreaming about Donuts,Food,2.5,1,2.5,4.5
EB Public Library,EB Public Library x1380,Lenny & Larrys - Chocolate Chip,Food,2.5,1,2.5,2.5
Brunswick Sq Mall,BSQ Mall x1366 - ATT,Poland Springs Water,Water,2.0,1,2.0,2.0
GuttenPlans,GuttenPlans x1367,Snapple Tea - Lemon,Non Carbonated,2.5,1,2.5,2.5
GuttenPlans,GuttenPlans x1367,Snapple Tea - Lemon,Non Carbonated,2.5,1,2.5,2.5
GuttenPlans,GuttenPlans x1367,Nature's Bakery Fig Bar - Blueberry,Food,1.5,1,1.5,1.5
Earle Asphalt,Earle Asphalt x1371,SunChips Multigrain - French Onion,Food,1.5,1,1.5,1.5
Earle Asphalt,Earle Asphalt x1371,SunChips Multigrain - Salsa,Food,1.5,1,1.5,1.5
GuttenPlans,GuttenPlans x1367,Monster Energy Original,Carbonated,3.0,1,3.0,3.0
GuttenPlans,GuttenPlans x1367,Lays - Classic,Food,1.5,1,1.5,1.5
Earle Asphalt,Earle Asphalt x1371,SunChips Multigrain - Salsa,Food,1.5,1,1.5,1.5
EB Public Library,EB Public Library x1380,SunChips Multigrain - Salsa,Food,1.5,1,1.5,1.5
Earle Asphalt,Earle Asphalt x1371,Coca Cola - Zero Sugar,Carbonated,1.5,1,1.5,1.5
Earle Asphalt,Earle Asphalt x1371,SunChips Multigrain - Harvest Cheddar,Food,1.5,1,1.5,1.5
Earle Asphalt,Earle Asphalt x1371,SunChips Multigrain - Original,Food,1.5,1,1.5,1.5
EB Public Library,EB Public Library x1380,Lenny & Larrys - SnickerDoodle,Food,3.0,1,3.0,3.0
Earle Asphalt,Earle Asphalt x1371,SunChips Multigrain - Salsa,Food,1.5,1,1.5,1.5
Earle Asphalt,Earle Asphalt x1371,Wonderful Pistachios - Variety,Food,2.0,1,2.0,2.0
EB Public Library,EB Public Library x1380,Starbucks Doubleshot Energy - Mocha,Non Carbonated,3.5,1,3.5,3.5
Earle Asphalt,Earle Asphalt x1371,Pop Corners - Sea Salt,Food,1.5,1,1.5,1.5
GuttenPlans,GuttenPlans x1367,Doritos Cool Ranch,Food,1.5,1,1.5,1.5
GuttenPlans,GuttenPlans x1367,Doritos Cool Ranch,Food,1.5,1,1.5,1.5
EB Public Library,EB Public Library x1380,Lenny & Larrys - SnickerDoodle,Food,3.0,1,3.0,3.0
EB Public Library,EB Public Library x1380,Goldfish Baked - Cheddar,Food,1.25,1,1.25,1.25
Earle Asphalt,Earle Asphalt x1371,SunChips Multigrain - Salsa,Food,1.5,1,1.5,1.5
Earle Asphalt,Earle Asphalt x1371,Newtons Fig Bar,Food,1.5,1,1.5,1.5
EB Public Library,EB Public Library x1380,Coca Cola - Zero Sugar,Carbonated,2.0,1,2.0,2.0
EB Public Library,EB Public Library x1380,Coca Cola - Zero Sugar,Carbonated,2.0,1,2.0,2.0
GuttenPlans,GuttenPlans x1367,Monster Energy Original,Carbonated,3.0,1,3.0,3.0
EB Public Library,EB Public Library x1380,Starbucks Doubleshot Energy - Mocha,Non Carbonated,3.5,1,3.5,3.5
EB Public Library,EB Public Library x1380,Goldfish Baked - Cheddar,Food,1.25,1,1.25,1.25
EB Public Library,EB Public Library x1380,SunChips Multigrain - Original,Food,1.5,1,1.5,1.5
EB Public Library,EB Public Library x1380,CheezIt - White Cheddar,Food,1.5,1,1.5,1.5
EB Public Library,EB Public Library x1380,Goldfish Baked - Cheddar,Food,1.25,1,1.25,1.25
EB Public Library,EB Public Library x1380,Snyder's of Hanover Pretzel Pieces - Cheddar,Food,2.5,1,2.5,2.5
EB Public Library,EB Public Library x1380,SunChips Multigrain - Salsa,Food,1.5,1,1.5,1.5
EB Public Library,EB Public Library x1380,Goldfish Baked - Cheddar,Food,1.25,1,1.25,1.25
EB Public Library,EB Public Library x1380,Oreo Mini - Go Paks,,4.0,1,4.0,6.5
EB Public Library,EB Public Library x1380,Snyder's of Hanover Pretzel Pieces - Honey Mu,Food,2.5,1,2.5,6.5
EB Public Library,EB Public Library x1380,SunChips Multigrain - French Onion,Food,1.5,1,1.5,1.5
EB Public Library,EB Public Library x1380,Starbucks Refresher - Real Coconut Water,Carbonated,3.0,1,3.0,3.0
EB Public Library,EB Public Library x1380,Spindrift - Sparkling Water  Grapefruit,Carbonated,1.5,1,1.5,1.5
EB Public Library,EB Public Library x1380,Spindrift - Sparkling Water  Grapefruit,Carbonated,1.5,1,1.5,1.5
EB Public Library,EB Public Library x1380,SunChips Multigrain - Original,Food,1.5,1,1.5,1.5
GuttenPlans,GuttenPlans x1367,Ruffles Baked  - Cheddar & Sour Cream,Food,1.5,1,1.5,1.5
GuttenPlans,GuttenPlans x1367,Nature's Bakery Fig Bar - Raspberry,Food,1.5,1,1.5,1.5
EB Public Library,EB Public Library x1380,Bai Antioxidant - Tanzania Lemon Super Tea,Non Carbonated,2.75,1,2.75,2.75
EB Public Library,EB Public Library x1380,Goldfish Baked - Cheddar,Food,1.25,1,1.25,1.25
EB Public Library,EB Public Library x1380,Goldfish Baked - Cheddar,Food,1.25,1,1.25,1.25
GuttenPlans,GuttenPlans x1367,Doritos Famin Hot Nacho,Food,1.5,1,1.5,3.0
GuttenPlans,GuttenPlans x1367,Lays - Classic,Food,1.5,1,1.5,3.0
Brunswick Sq Mall,BSQ Mall x1366 - ATT,RXBAR - Protein Bar - Chocolate Sea Salt,Food,2.0,1,2.0,2.0
GuttenPlans,GuttenPlans x1367,Lays - Classic,Food,1.5,1,1.5,1.5
GuttenPlans,GuttenPlans x1367,Cheetos Flaming Hot Limon Crunchy,Food,1.5,1,1.5,1.5
GuttenPlans,GuttenPlans x1367,Monster Energy Original,Carbonated,3.0,1,3.0,3.0
Brunswick Sq Mall,BSQ Mall x1366 - ATT,Bai Antioxidant - Zambia Bingcherry,Non Carbonated,2.5,1,2.5,2.5
Brunswick Sq Mall,BSQ Mall x1366 - ATT,Bai Antioxidant - Zambia Bingcherry,Non Carbonated,2.5,1,2.5,2.5
GuttenPlans,GuttenPlans x1367,Cheetos Flaming Hot Limon Crunchy,Food,1.5,1,1.5,1.5
GuttenPlans,GuttenPlans x1367,Cheetos Baked - Flaming Hot,Food,1.5,1,1.5,1.5
GuttenPlans,GuttenPlans x1367,Doritos Famin Hot Nacho,Food,1.5,1,1.5,1.5
GuttenPlans,GuttenPlans x1367,Monster Energy Original,Carbonated,3.0,1,3.0,3.0
EB Public Library,EB Public Library x1380,Coca Cola - Zero Sugar,Carbonated,2.0,1,2.0,2.0
EB Public Library,EB Public Library x1380,Snyder's of Hanover Pretzel Pieces - Honey Mu,Food,2.5,1,2.5,2.5
EB Public Library,EB Public Library x1380,Bai Antioxidant - Tanzania Lemon Super Tea,Non Carbonated,2.75,1,2.75,2.75
GuttenPlans,GuttenPlans x1367,Doritos Famin Hot Nacho,Food,1.5,1,1.5,1.5
GuttenPlans,GuttenPlans x1367,Ruffles Baked  - Cheddar & Sour Cream,Food,1.5,1,1.5,1.5
Brunswick Sq Mall,BSQ Mall x1366 - ATT,Poland Springs Water,Water,2.0,1,2.0,2.0
GuttenPlans,GuttenPlans x1367,Hersheys Milk Chocolate,Food,2.5,1,2.5,2.5
GuttenPlans,GuttenPlans x1367,Monster Energy Original,Carbonated,3.0,1,3.0,3.0
EB Public Library,EB Public Library x1380,Spindrift - Sparkling Water  Grapefruit,Carbonated,1.5,1,1.5,1.5
EB Public Library,EB Public Library x1380,Teddy Grahams - Go Paks,,4.0,1,4.0,4.0
EB Public Library,EB Public Library x1380,Spindrift - Sparkling Water  Grapefruit,Carbonated,1.5,1,1.5,1.5
Earle Asphalt,Earle Asphalt x1371,Pop Corners - Kettle Corn,Food,1.5,1,1.5,3.0
Earle Asphalt,Earle Asphalt x1371,SunChips Multigrain - Salsa,Food,1.5,1,1.5,3.0
EB Public Library,EB Public Library x1380,Ice Breakers Ice Cubes - PepperMint,Food,5.0,1,5.0,5.0
EB Public Library,EB Public Library x1380,Kinder - Bueno - Crispy Creamy Chocolate,Food,2.0,1,2.0,2.0
EB Public Library,EB Public Library x1380,BodyArmor  LYTE - Blueberry Pomegranate,Non Carbonated,2.75,1,2.75,2.75
GuttenPlans,GuttenPlans x1367,Lays - Classic,Food,1.5,1,1.5,1.5
GuttenPlans,GuttenPlans x1367,Doritos Famin Hot Nacho,Food,1.5,1,1.5,1.5
EB Public Library,EB Public Library x1380,Starbucks Refresher - Real Coconut Water,Carbonated,3.0,1,3.0,3.0
EB Public Library,EB Public Library x1380,SunChips Multigrain - French Onion,Food,1.5,1,1.5,1.5
EB Public Library,EB Public Library x1380,CheezIt - Original,Food,1.5,1,1.5,1.5
EB Public Library,EB Public Library x1380,Simply Protein - Dark Chocolate Sea Salt,Food,2.0,1,2.0,2.0
Brunswick Sq Mall,BSQ Mall x1366 - ATT,Poland Springs Water,Water,2.0,1,2.0,2.0
Brunswick Sq Mall,BSQ Mall x1364 - Zales,Robert Irvine's - Fit Crunch -  Chocolate Pea,Food,2.0,1,2.0,2.0
EB Public Library,EB Public Library x1380,Starbucks Refresher - Real Coconut Water,Carbonated,3.0,1,3.0,3.0
Brunswick Sq Mall,BSQ Mall x1366 - ATT,Monster Energy Original,Carbonated,3.0,1,3.0,3.0
EB Public Library,EB Public Library x1380,Starbucks Refresher - Real Coconut Water,Carbonated,3.0,1,3.0,3.0
Brunswick Sq Mall,BSQ Mall x1366 - ATT,Wonderful Pistachios - Variety,Food,2.0,1,2.0,2.0
EB Public Library,EB Public Library x1380,SunChips Multigrain - Harvest Cheddar,Food,1.5,1,1.5,1.5
EB Public Library,EB Public Library x1380,CheezIt - Original,Food,1.5,1,1.5,1.5
EB Public Library,EB Public Library x1380,Coca Cola - Zero Sugar,Carbonated,2.0,1,2.0,2.0
Brunswick Sq Mall,BSQ Mall x1364 - Zales,Lindens - Chocolate Chippers,Food,2.0,1,2.0,2.0
EB Public Library,EB Public Library x1380,SunChips Multigrain - Harvest Cheddar,Food,1.5,1,1.5,1.5
Brunswick Sq Mall,BSQ Mall x1366 - ATT,Coca Cola - Regular,Carbonated,2.0,1,2.0,2.0
Brunswick Sq Mall,BSQ Mall x1366 - ATT,Poland Springs Water,Water,2.0,1,2.0,2.0
Brunswick Sq Mall,BSQ Mall x1366 - ATT,Coca Cola - Regular,Carbonated,2.0,1,2.0,2.0
Brunswick Sq Mall,BSQ Mall x1366 - ATT,CheezIt - Original,Food,1.5,1,1.5,1.5
EB Public Library,EB Public Library x1380,Coca Cola - Zero Sugar,Carbonated,2.0,1,2.0,6.0
EB Public Library,EB Public Library x1380,Pringles - Original,Food,4.0,1,4.0,6.0
Brunswick Sq Mall,BSQ Mall x1364 - Zales,Poland Springs Water,Water,1.5,1,1.5,1.5
Brunswick Sq Mall,BSQ Mall x1364 - Zales,Poland Springs Water,Water,1.5,1,1.5,1.5
Brunswick Sq Mall,BSQ Mall x1364 - Zales,BodyArmor LYTE  - Peach Mango,Water,2.75,1,2.75,2.75
EB Public Library,EB Public Library x1380,Snyder's of Hanover Pretzel Pieces - Hot Buff,Food,2.5,1,2.5,2.5
EB Public Library,EB Public Library x1380,Kinder - Bueno - Crispy Creamy Chocolate,Food,2.0,1,2.0,2.0
EB Public Library,EB Public Library x1380,Kinder - Bueno - Crispy Creamy Chocolate,Food,2.0,1,2.0,2.0
EB Public Library,EB Public Library x1380,Starbucks Doubleshot Energy - Mocha,Non Carbonated,3.5,1,3.5,3.5
EB Public Library,EB Public Library x1380,CheezIt - White Cheddar,Food,1.5,1,1.5,1.5
GuttenPlans,GuttenPlans x1367,Monster Energy Original,Carbonated,3.0,1,3.0,3.0
GuttenPlans,GuttenPlans x1367,Ruffles Baked  - Cheddar & Sour Cream,Food,1.5,1,1.5,1.5
Earle Asphalt,Earle Asphalt x1371,Lindens - Chocolate Chippers,Food,2.0,2,4.0,4.0
Brunswick Sq Mall,BSQ Mall x1366 - ATT,Snapple Tea - Raspberry,Non Carbonated,2.75,1,2.75,2.75
Earle Asphalt,Earle Asphalt x1371,SunChips Multigrain - Salsa,Food,1.5,1,1.5,1.5
EB Public Library,EB Public Library x1380,Coca Cola - Zero Sugar,Carbonated,2.0,1,2.0,2.0
EB Public Library,EB Public Library x1380,SunChips Multigrain - Original,Food,1.5,1,1.5,1.5
Earle Asphalt,Earle Asphalt x1371,SunChips Multigrain - Harvest Cheddar,Food,1.5,1,1.5,1.5
Earle Asphalt,Earle Asphalt x1371,SunChips Multigrain - French Onion,Food,1.5,1,1.5,1.5
Earle Asphalt,Earle Asphalt x1371,SunChips Multigrain - Original,Food,1.5,1,1.5,1.5
Earle Asphalt,Earle Asphalt x1371,SunChips Multigrain - Harvest Cheddar,Food,1.5,1,1.5,1.5
GuttenPlans,GuttenPlans x1367,Doritos Famin Hot Nacho,Food,1.5,1,1.5,1.5
EB Public Library,EB Public Library x1380,Pringles - Original,Food,4.0,1,4.0,6.75
EB Public Library,EB Public Library x1380,BodyArmor LYTE  - Peach Mango,Water,2.75,1,2.75,6.75
EB Public Library,EB Public Library x1380,Starbucks Doubleshot Energy - Mocha,Non Carbonated,3.5,1,3.5,3.5
GuttenPlans,GuttenPlans x1367,Monster Energy Original,Carbonated,3.0,1,3.0,3.0
EB Public Library,EB Public Library x1380,Pringles - Cheddar Cheese,Food,3.0,1,3.0,3.0
Brunswick Sq Mall,BSQ Mall x1366 - ATT,Poland Springs Water,Water,2.0,1,2.0,2.0
Earle Asphalt,Earle Asphalt x1371,Nutter Butter Bites,Food,1.5,1,1.5,1.5
EB Public Library,EB Public Library x1380,Bai Antioxidant - Tanzania Lemon Super Tea,Non Carbonated,2.75,1,2.75,2.75
EB Public Library,EB Public Library x1380,Starbucks Refresher - Real Coconut Water,Carbonated,3.0,1,3.0,3.0
Brunswick Sq Mall,BSQ Mall x1366 - ATT,Coca Cola - Regular,Carbonated,2.0,1,2.0,2.0
GuttenPlans,GuttenPlans x1367,Nature's Bakery Fig Bar - Raspberry,Food,1.5,1,1.5,1.5
GuttenPlans,GuttenPlans x1367,Cheetos Baked - Crunchy Cheese,Food,1.5,1,1.5,1.5
Brunswick Sq Mall,BSQ Mall x1366 - ATT,Canada Dry - Ginger Ale & Lemonde,,1.5,1,1.5,1.5
GuttenPlans,GuttenPlans x1367,Lays - Classic,Food,1.5,1,1.5,1.5
GuttenPlans,GuttenPlans x1367,Doritos Cool Ranch,Food,1.5,1,1.5,1.5
GuttenPlans,GuttenPlans x1367,SunChips Multigrain - Harvest Cheddar,Food,1.5,1,1.5,1.5
GuttenPlans,GuttenPlans x1367,Monster Energy Original,Carbonated,3.0,1,3.0,3.0
EB Public Library,EB Public Library x1380,Keto Bar - Creamy Peanut Butter Chocolate,Food,2.0,3,6.0,6.0
EB Public Library,EB Public Library x1380,Simply Protein - Peanut Butter Chocolate,Food,2.0,1,2.0,9.0
EB Public Library,EB Public Library x1380,Starbucks Doubleshot Energy - Mocha,Non Carbonated,3.5,2,7.0,9.0
Earle Asphalt,Earle Asphalt x1371,Robert Irvine's - Fit Crunch -  Chocolate Pea,Food,2.0,1,2.0,2.0
EB Public Library,EB Public Library x1380,Starbucks Refresher - Real Coconut Water,Carbonated,3.0,1,3.0,8.5
EB Public Library,EB Public Library x1380,BodyArmor LYTE  - Peach Mango,Water,2.75,1,2.75,8.5
EB Public Library,EB Public Library x1380,BodyArmor  LYTE - Blueberry Pomegranate,Non Carbonated,2.75,1,2.75,8.5
Earle Asphalt,Earle Asphalt x1371,SunChips Multigrain - Harvest Cheddar,Food,1.5,1,1.5,1.5
EB Public Library,EB Public Library x1380,Lenny & Larrys - Chocolate Chip,Food,2.5,1,2.5,2.5
EB Public Library,EB Public Library x1380,Keto Bar - Creamy Peanut Butter Chocolate,Food,2.0,1,2.0,2.0
EB Public Library,EB Public Library x1380,Coca Cola - Zero Sugar,Carbonated,2.0,1,2.0,2.0
EB Public Library,EB Public Library x1380,CheezIt - Go Paks,Food,4.0,1,4.0,9.0
EB Public Library,EB Public Library x1380,Ice Breakers Ice Cubes - PepperMint,Food,5.0,1,5.0,9.0
Brunswick Sq Mall,BSQ Mall x1364 - Zales,Poland Springs Water,Water,1.5,1,1.5,1.5
Brunswick Sq Mall,BSQ Mall x1364 - Zales,Poland Springs Water,Water,1.5,1,1.5,1.5
Brunswick Sq Mall,BSQ Mall x1364 - Zales,SunChips Multigrain - Harvest Cheddar,Food,1.5,1,1.5,1.5
GuttenPlans,GuttenPlans x1367,Hersheys Milk Chocolate,Food,2.5,1,2.5,2.5
EB Public Library,EB Public Library x1380,RXBAR - Protein Bar - Chocolate Sea Salt,Food,2.0,1,2.0,2.0
EB Public Library,EB Public Library x1380,Coca Cola - Zero Sugar,Carbonated,2.0,1,2.0,2.0
GuttenPlans,GuttenPlans x1367,Cheetos Baked - Flaming Hot,Food,1.5,1,1.5,1.5
GuttenPlans,GuttenPlans x1367,Monster Energy Original,Carbonated,3.0,1,3.0,3.0
EB Public Library,EB Public Library x1380,Pringles - Cheddar Cheese,Food,4.0,1,4.0,4.0
EB Public Library,EB Public Library x1380,SunChips Multigrain - Salsa,Food,1.5,1,1.5,1.5
EB Public Library,EB Public Library x1380,RXBAR - Protein Bar - Chocolate Sea Salt,Food,2.0,1,2.0,2.0
GuttenPlans,GuttenPlans x1367,SunChips Multigrain - Original,Food,1.5,1,1.5,1.5
GuttenPlans,GuttenPlans x1367,Doritos Famin Hot Nacho,Food,1.5,1,1.5,1.5
GuttenPlans,GuttenPlans x1367,Snapple Tea - Lemon,Non Carbonated,2.5,1,2.5,2.5
Earle Asphalt,Earle Asphalt x1371,Lindens - Chocolate Chippers,Food,2.0,1,2.0,2.0
EB Public Library,EB Public Library x1380,CheezIt - Original,Food,1.5,1,1.5,1.5
Earle Asphalt,Earle Asphalt x1371,SunChips Multigrain - Harvest Cheddar,Food,1.5,1,1.5,1.5
EB Public Library,EB Public Library x1380,Coca Cola - Zero Sugar,Carbonated,2.0,1,2.0,3.5
EB Public Library,EB Public Library x1380,SunChips Multigrain - Salsa,Food,1.5,1,1.5,3.5
EB Public Library,EB Public Library x1380,RXBAR - Protein Bar - Chocolate Sea Salt,Food,2.0,1,2.0,3.5
EB Public Library,EB Public Library x1380,Spindrift - Sparkling Water  Grapefruit,Carbonated,1.5,1,1.5,3.5
EB Public Library,EB Public Library x1380,Coca Cola - Zero Sugar,Carbonated,2.0,1,2.0,2.0
EB Public Library,EB Public Library x1380,RXBAR - Protein Bar - Chocolate Sea Salt,Food,2.0,1,2.0,4.5
EB Public Library,EB Public Library x1380,Seapoint Farms Dry Roasted Edamame - Wasabi,Food,2.5,1,2.5,4.5
GuttenPlans,GuttenPlans x1367,Doritos Cool Ranch,Food,1.5,1,1.5,1.5
GuttenPlans,GuttenPlans x1367,Doritos Cool Ranch,Food,1.5,1,1.5,1.5
GuttenPlans,GuttenPlans x1367,Doritos Cool Ranch,Food,1.5,1,1.5,1.5
Earle Asphalt,Earle Asphalt x1371,Robert Irvine's - Fit Crunch -  Chocolate Pea,Food,2.0,1,2.0,2.0
GuttenPlans,GuttenPlans x1367,Snapple Tea - Lemon,Non Carbonated,2.5,1,2.5,4.0
GuttenPlans,GuttenPlans x1367,Doritos Cool Ranch,Food,1.5,1,1.5,4.0
GuttenPlans,GuttenPlans x1367,Snapple Tea - Lemon,Non Carbonated,2.5,1,2.5,2.5
EB Public Library,EB Public Library x1380,SunChips Multigrain - Original,Food,1.5,1,1.5,1.5
Earle Asphalt,Earle Asphalt x1371,S. Pellegrino Essenza Mineral Water - Blood O,Carbonated,2.5,1,2.5,2.5
Brunswick Sq Mall,BSQ Mall x1366 - ATT,SunChips Multigrain - Salsa,Food,1.5,1,1.5,1.5
EB Public Library,EB Public Library x1380,Starbucks Doubleshot Energy - Mocha,Non Carbonated,3.5,1,3.5,3.5
GuttenPlans,GuttenPlans x1367,Doritos Famin Hot Nacho,Food,1.5,1,1.5,1.5
GuttenPlans,GuttenPlans x1367,Doritos Famin Hot Nacho,Food,1.5,1,1.5,3.0
GuttenPlans,GuttenPlans x1367,Cheetos Flaming Hot Limon Crunchy,Food,1.5,1,1.5,3.0
Brunswick Sq Mall,BSQ Mall x1366 - ATT,SunChips Multigrain - Harvest Cheddar,Food,1.5,1,1.5,1.5
GuttenPlans,GuttenPlans x1367,Cheetos Flaming Hot Limon Crunchy,Food,1.5,1,1.5,1.5
GuttenPlans,GuttenPlans x1367,Snapple Tea - Lemon,Non Carbonated,2.5,1,2.5,2.5
GuttenPlans,GuttenPlans x1367,Cheetos Flaming Hot Limon Crunchy,Food,1.5,1,1.5,1.5
GuttenPlans,GuttenPlans x1367,Cheetos Baked - Crunchy Cheese,Food,1.5,1,1.5,1.5
GuttenPlans,GuttenPlans x1367,Doritos Famin Hot Nacho,Food,1.5,1,1.5,1.5
GuttenPlans,GuttenPlans x1367,Doritos Famin Hot Nacho,Food,1.5,1,1.5,1.5
Earle Asphalt,Earle Asphalt x1371,Lindens - Chocolate Chippers,Food,2.0,1,2.0,2.0
GuttenPlans,GuttenPlans x1367,Hersheys Milk Chocolate,Food,2.5,1,2.5,2.5
EB Public Library,EB Public Library x1380,Coca Cola - Zero Sugar,Carbonated,2.0,1,2.0,4.5
EB Public Library,EB Public Library x1380,Seapoint Farms Dry Roasted Edamame - Wasabi,Food,2.5,1,2.5,4.5
EB Public Library,EB Public Library x1380,Coca Cola - Zero Sugar,Carbonated,2.0,1,2.0,3.5
EB Public Library,EB Public Library x1380,CheezIt - Cheddar Sour Cream and Onion,Food,1.5,1,1.5,3.5
GuttenPlans,GuttenPlans x1367,Doritos Famin Hot Nacho,Food,1.5,1,1.5,1.5
GuttenPlans,GuttenPlans x1367,Hersheys Milk Chocolate,Food,2.5,1,2.5,2.5
GuttenPlans,GuttenPlans x1367,Doritos Famin Hot Nacho,Food,1.5,1,1.5,1.5
GuttenPlans,GuttenPlans x1367,Sunkist Soda - Orange,Carbonated,1.5,1,1.5,1.5
GuttenPlans,GuttenPlans x1367,Nature's Bakery Fig Bar - Raspberry,Food,1.5,1,1.5,1.5
EB Public Library,EB Public Library x1380,CheezIt - White Cheddar,Food,1.5,1,1.5,1.5
Earle Asphalt,Earle Asphalt x1371,Lindens - Chocolate Chippers,Food,2.0,1,2.0,2.0
EB Public Library,EB Public Library x1380,Miss Vickie's Potato Chip - Smokehouse BBQ,Food,1.5,1,1.5,1.5
EB Public Library,EB Public Library x1380,Starbucks Refresher - Real Coconut Water,Carbonated,3.0,1,3.0,3.0
EB Public Library,EB Public Library x1380,SunChips Multigrain - Salsa,Food,1.5,1,1.5,1.5
EB Public Library,EB Public Library x1380,Miss Vickie's Potato Chip - Sea Salt Original,Food,1.5,1,1.5,1.5
EB Public Library,EB Public Library x1380,Poland Springs Water,Water,1.5,1,1.5,1.5
EB Public Library,EB Public Library x1380,Poland Springs Water,Water,1.5,1,1.5,1.5
GuttenPlans,GuttenPlans x1367,Doritos Nacho Cheese,Food,1.5,1,1.5,5.5
GuttenPlans,GuttenPlans x1367,Snapple Tea - Raspberry,Non Carbonated,2.5,1,2.5,5.5
GuttenPlans,GuttenPlans x1367,Doritos Famin Hot Nacho,Food,1.5,1,1.5,5.5
EB Public Library,EB Public Library x1380,RXBAR - Protein Bar - Peanut Butter,Food,2.0,1,2.0,2.0
GuttenPlans,GuttenPlans x1367,Doritos Nacho Cheese,Food,1.5,1,1.5,4.0
GuttenPlans,GuttenPlans x1367,Snapple Tea - Raspberry,Non Carbonated,2.5,1,2.5,4.0
GuttenPlans,GuttenPlans x1367,Funyuns - Flaming Hot,Food,1.5,1,1.5,1.5
Brunswick Sq Mall,BSQ Mall x1364 - Zales,SunChips Multigrain - Salsa,Food,1.5,1,1.5,1.5
GuttenPlans,GuttenPlans x1367,Sunkist Soda - Orange,Carbonated,1.5,1,1.5,1.5
GuttenPlans,GuttenPlans x1367,SunChips Multigrain - Original,Food,1.5,1,1.5,1.5
GuttenPlans,GuttenPlans x1367,Funyuns - Flaming Hot,Food,1.5,1,1.5,1.5
GuttenPlans,GuttenPlans x1367,Funyuns - Flaming Hot,Food,1.5,1,1.5,1.5
GuttenPlans,GuttenPlans x1367,Sunkist Soda - Orange,Carbonated,1.5,1,1.5,1.5
GuttenPlans,GuttenPlans x1367,Snapple Tea - Raspberry,Non Carbonated,2.5,1,2.5,4.0
GuttenPlans,GuttenPlans x1367,Doritos Famin Hot Nacho,Food,1.5,1,1.5,4.0
GuttenPlans,GuttenPlans x1367,Red Bull - Original,Carbonated,3.5,1,3.5,3.5
GuttenPlans,GuttenPlans x1367,Monster Energy Original,Carbonated,3.0,1,3.0,3.0
GuttenPlans,GuttenPlans x1367,Red Bull - Original,Carbonated,3.5,1,3.5,3.5
GuttenPlans,GuttenPlans x1367,Nature's Bakery Fig Bar - Blueberry,Food,1.5,1,1.5,1.5
GuttenPlans,GuttenPlans x1367,Nature's Bakery Fig Bar - Blueberry,Food,1.5,1,1.5,1.5
GuttenPlans,GuttenPlans x1367,Sunkist Soda - Orange,Carbonated,1.5,1,1.5,1.5
EB Public Library,EB Public Library x1380,SunChips Multigrain - Salsa,Food,1.5,1,1.5,1.5
EB Public Library,EB Public Library x1380,Seapoint Farms Dry Roasted Edamame - Wasabi,Food,2.5,1,2.5,4.5
EB Public Library,EB Public Library x1380,Keto Bar - Creamy Peanut Butter Chocolate,Food,2.0,1,2.0,4.5
EB Public Library,EB Public Library x1380,Keto Bar - Creamy Peanut Butter Chocolate,Food,2.0,1,2.0,7.5
EB Public Library,EB Public Library x1380,Simply Protein - Lemon Coconut,Food,2.0,1,2.0,7.5
EB Public Library,EB Public Library x1380,Starbucks Doubleshot Energy - Mocha,Non Carbonated,3.5,1,3.5,7.5
EB Public Library,EB Public Library x1380,Starbucks Doubleshot Energy - Mocha,Non Carbonated,3.5,1,3.5,7.5
EB Public Library,EB Public Library x1380,Iberia Coconut Water,Non Carbonated,2.0,1,2.0,7.5
EB Public Library,EB Public Library x1380,Coca Cola - Zero Sugar,Carbonated,2.0,1,2.0,7.5
GuttenPlans,GuttenPlans x1367,Pure Organic Fruit Bar - Strawberry Banana,Food,1.5,1,1.5,3.0
GuttenPlans,GuttenPlans x1367,Funyuns - Flaming Hot,Food,1.5,1,1.5,3.0
GuttenPlans,GuttenPlans x1367,Doritos Dinamita Chile Lemon,,1.5,1,1.5,1.5
GuttenPlans,GuttenPlans x1367,Doritos Dinamita Chile Lemon,,1.5,1,1.5,1.5
GuttenPlans,GuttenPlans x1367,Doritos Dinamita Chile Lemon,,1.5,1,1.5,1.5
Earle Asphalt,Earle Asphalt x1371,Robert Irvine's - Fit Crunch -  Chocolate Pea,Food,2.0,1,2.0,2.0
GuttenPlans,GuttenPlans x1367,Doritos Nacho Cheese,Food,1.5,1,1.5,1.5
GuttenPlans,GuttenPlans x1367,Doritos Nacho Cheese,Food,1.5,1,1.5,1.5
GuttenPlans,GuttenPlans x1367,Doritos Nacho Cheese,Food,1.5,1,1.5,1.5
GuttenPlans,GuttenPlans x1367,Snapple Tea - Peach,Non Carbonated,2.5,1,2.5,2.5
GuttenPlans,GuttenPlans x1367,Monster Energy Original,Carbonated,3.0,1,3.0,3.0
Brunswick Sq Mall,BSQ Mall x1366 - ATT,Monster Energy Original,Carbonated,3.0,1,3.0,3.0
EB Public Library,EB Public Library x1380,Wonderful Pistachios - Variety,Food,2.0,2,4.0,4.0
EB Public Library,EB Public Library x1380,Coca Cola - Zero Sugar,Carbonated,2.0,1,2.0,2.0
EB Public Library,EB Public Library x1380,Wonderful Pistachios - Variety,Food,2.0,1,2.0,2.0
EB Public Library,EB Public Library x1380,CheezIt - Original,Food,1.5,1,1.5,1.5
EB Public Library,EB Public Library x1380,Bai Antioxidant - Tanzania Lemon Super Tea,Non Carbonated,2.75,1,2.75,2.75
EB Public Library,EB Public Library x1380,Kinder - Bueno - Crispy Creamy Chocolate,Food,2.0,1,2.0,2.0
EB Public Library,EB Public Library x1380,Kinder - Bueno - Crispy Creamy Chocolate,Food,2.0,1,2.0,2.0
EB Public Library,EB Public Library x1380,Bai Antioxidant - Tanzania Lemon Super Tea,Non Carbonated,2.75,1,2.75,2.75
GuttenPlans,GuttenPlans x1367,Coca Cola - Regular,Carbonated,1.5,1,1.5,1.5
EB Public Library,EB Public Library x1380,Simply Protein - Peanut Butter Chocolate,Food,2.0,1,2.0,2.0
EB Public Library,EB Public Library x1380,SunChips Multigrain - Salsa,Food,1.5,1,1.5,1.5
GuttenPlans,GuttenPlans x1367,Coca Cola - Regular,Carbonated,1.5,1,1.5,1.5
GuttenPlans,GuttenPlans x1367,Monster Energy Original,Carbonated,3.0,1,3.0,3.0
GuttenPlans,GuttenPlans x1367,Doritos Famin Hot Nacho,Food,1.5,1,1.5,1.5
Brunswick Sq Mall,BSQ Mall x1366 - ATT,SunChips Multigrain - Harvest Cheddar,Food,1.5,1,1.5,1.5
EB Public Library,EB Public Library x1380,Oreo Mini - Go Paks,,4.0,1,4.0,4.0
EB Public Library,EB Public Library x1380,CheezIt - Double Cheese,Food,1.5,1,1.5,1.5
EB Public Library,EB Public Library x1380,Kinder - Bueno - Crispy Creamy Chocolate,Food,2.0,1,2.0,2.0
EB Public Library,EB Public Library x1380,Goldfish Baked - Cheddar,Food,1.25,1,1.25,1.25
EB Public Library,EB Public Library x1380,Miss Vickie's Potato Chip - Sea Salt Original,Food,1.5,1,1.5,1.5
EB Public Library,EB Public Library x1380,Pringles - Sour Cream & Onion,Food,3.0,1,3.0,3.0
EB Public Library,EB Public Library x1380,Poland Springs Water,Water,1.5,1,1.5,1.5
EB Public Library,EB Public Library x1380,Pringles - Original,Food,3.0,1,3.0,3.0
EB Public Library,EB Public Library x1380,BodyArmor LYTE  - Peach Mango,Water,2.75,1,2.75,2.75
Brunswick Sq Mall,BSQ Mall x1364 - Zales,Poland Springs Water,Water,1.5,1,1.5,1.5
Brunswick Sq Mall,BSQ Mall x1364 - Zales,Poland Springs Water,Water,1.5,1,1.5,1.5
Brunswick Sq Mall,BSQ Mall x1364 - Zales,BodyArmor LYTE  - Peach Mango,Water,2.75,1,2.75,2.75
EB Public Library,EB Public Library x1380,CheezIt - Double Cheese,Food,1.5,1,1.5,1.5
Brunswick Sq Mall,BSQ Mall x1364 - Zales,CheezIt - Original,Food,1.5,1,1.5,1.5
Brunswick Sq Mall,BSQ Mall x1364 - Zales,Poland Springs Water,Water,1.5,1,1.5,1.5
EB Public Library,EB Public Library x1380,Pringles - Cheddar Cheese,Food,3.0,1,3.0,3.0
Brunswick Sq Mall,BSQ Mall x1364 - Zales,SunChips Multigrain - Harvest Cheddar,Food,1.5,1,1.5,1.5
Brunswick Sq Mall,BSQ Mall x1364 - Zales,CheezIt - White Cheddar,Food,1.5,1,1.5,1.5
EB Public Library,EB Public Library x1380,Robert Irvine's - Fit Crunch -  Chocolate Pea,Food,2.0,1,2.0,2.0
EB Public Library,EB Public Library x1380,Coca Cola - Zero Sugar,Carbonated,2.0,1,2.0,2.0
Brunswick Sq Mall,BSQ Mall x1364 - Zales,Snapple Diet Tea - Peach Tea,Non Carbonated,2.5,1,2.5,2.5
Earle Asphalt,Earle Asphalt x1371,Pop Corners - Sea Salt,Food,1.5,1,1.5,1.5
Earle Asphalt,Earle Asphalt x1371,SunChips Multigrain - Original,Food,1.5,1,1.5,1.5
EB Public Library,EB Public Library x1380,Mini Chips Ahoy,Food,4.0,1,4.0,4.0
EB Public Library,EB Public Library x1380,Coca Cola - Zero Sugar,Carbonated,2.0,1,2.0,5.0
EB Public Library,EB Public Library x1380,Pringles - Sour Cream & Onion,Food,3.0,1,3.0,5.0
EB Public Library,EB Public Library x1380,RXBAR - Protein Bar - Peanut Butter,Food,2.0,1,2.0,3.5
EB Public Library,EB Public Library x1380,Spindrift - Sparkling Water  Grapefruit,Carbonated,1.5,1,1.5,3.5
EB Public Library,EB Public Library x1380,Spindrift - Sparkling Water  Grapefruit,Carbonated,1.5,1,1.5,1.5
GuttenPlans,GuttenPlans x1367,Doritos Famin Hot Nacho,Food,1.5,1,1.5,1.5
GuttenPlans,GuttenPlans x1367,Funyuns - Flaming Hot,Food,1.5,1,1.5,1.5
GuttenPlans,GuttenPlans x1367,Coca Cola - Regular,Carbonated,1.5,1,1.5,1.5
GuttenPlans,GuttenPlans x1367,Monster Energy Original,Carbonated,3.0,1,3.0,3.0
Earle Asphalt,Earle Asphalt x1371,SunChips Multigrain - Original,Food,1.5,1,1.5,1.5
EB Public Library,EB Public Library x1380,Pringles - Cheddar Cheese,Food,3.0,1,3.0,3.0
GuttenPlans,GuttenPlans x1367,Monster Energy Original,Carbonated,3.0,1,3.0,3.0
GuttenPlans,GuttenPlans x1367,Cheetos Baked - Crunchy Cheese,Food,1.5,1,1.5,1.5
GuttenPlans,GuttenPlans x1367,Cheetos Flaming Hot Limon Crunchy,Food,1.5,1,1.5,1.5
GuttenPlans,GuttenPlans x1367,Cheetos Baked - Flaming Hot,Food,1.5,1,1.5,1.5
GuttenPlans,GuttenPlans x1367,Red Bull - Original,Carbonated,3.5,1,3.5,3.5
GuttenPlans,GuttenPlans x1367,Coca Cola - Regular,Carbonated,1.5,1,1.5,1.5
EB Public Library,EB Public Library x1380,Kinder - Bueno - Crispy Creamy Chocolate,Food,2.0,2,4.0,4.0
GuttenPlans,GuttenPlans x1367,Nature's Bakery Fig Bar - Raspberry,Food,1.5,1,1.5,1.5
Brunswick Sq Mall,BSQ Mall x1366 - ATT,Popchips Potato - Barbeque,Food,1.5,1,1.5,1.5
EB Public Library,EB Public Library x1380,Kinder - Bueno - Crispy Creamy Chocolate,Food,2.0,1,2.0,2.0
EB Public Library,EB Public Library x1380,Kinder - Bueno - Crispy Creamy Chocolate,Food,2.0,1,2.0,2.0
GuttenPlans,GuttenPlans x1367,Doritos Famin Hot Nacho,Food,1.5,1,1.5,1.5
EB Public Library,EB Public Library x1380,SunChips Multigrain - Original,Food,1.5,1,1.5,1.5
Brunswick Sq Mall,BSQ Mall x1366 - ATT,Spindrift - Sparkling Water - Pineapple,Carbonated,1.5,1,1.5,1.5
Brunswick Sq Mall,BSQ Mall x1364 - Zales,Keto Krisp - Almond Butter,Food,2.0,1,2.0,2.0
GuttenPlans,GuttenPlans x1367,Doritos Nacho Cheese,Food,1.5,1,1.5,1.5
Earle Asphalt,Earle Asphalt x1371,Lindens - Chocolate Chippers,Food,2.0,1,2.0,2.0
GuttenPlans,GuttenPlans x1367,Nature's Bakery Fig Bar - Blueberry,Food,1.5,1,1.5,1.5
EB Public Library,EB Public Library x1380,Starbucks Doubleshot Energy - Mocha,Non Carbonated,3.5,1,3.5,3.5
EB Public Library,EB Public Library x1380,Starbucks Doubleshot Energy - Mocha,Non Carbonated,3.5,1,3.5,3.5
GuttenPlans,GuttenPlans x1367,Snapple Tea - Peach,Non Carbonated,2.5,1,2.5,2.5
EB Public Library,EB Public Library x1380,SunChips Multigrain - Salsa,Food,1.5,1,1.5,1.5
Earle Asphalt,Earle Asphalt x1371,SunChips Multigrain - Original,Food,1.5,1,1.5,1.5
EB Public Library,EB Public Library x1380,Poland Springs Water,Water,1.5,1,1.5,1.5
EB Public Library,EB Public Library x1380,Snyder's of Hanover Pretzel Pieces - Cheddar,Food,2.5,1,2.5,2.5
EB Public Library,EB Public Library x1380,RXBAR - Protein Bar - Peanut Butter,Food,2.0,1,2.0,3.5
EB Public Library,EB Public Library x1380,Spindrift - Sparkling Water  Grapefruit,Carbonated,1.5,1,1.5,3.5
GuttenPlans,GuttenPlans x1367,Coca Cola - Regular,Carbonated,1.5,1,1.5,1.5
GuttenPlans,GuttenPlans x1367,Goldfish Baked - Cheddar,Food,1.5,1,1.5,1.5
EB Public Library,EB Public Library x1380,Snyder's of Hanover Pretzel Pieces - Cheddar,Food,2.5,3,7.5,7.5
EB Public Library,EB Public Library x1380,Starbucks Refresher - Real Coconut Water,Carbonated,3.0,1,3.0,3.0
GuttenPlans,GuttenPlans x1367,Monster Energy Original,Carbonated,3.0,1,3.0,3.0
GuttenPlans,GuttenPlans x1367,Red Bull - Original,Carbonated,3.5,1,3.5,3.5
GuttenPlans,GuttenPlans x1367,Monster Energy Original,Carbonated,3.0,1,3.0,3.0
EB Public Library,EB Public Library x1380,Simply Protein - Peanut Butter Chocolate,Food,2.0,1,2.0,2.0
Earle Asphalt,Earle Asphalt x1371,Popchips Potato - Sour Cream & Onion,Food,1.5,1,1.5,1.5
GuttenPlans,GuttenPlans x1367,Coca Cola - Regular,Carbonated,1.5,1,1.5,1.5
GuttenPlans,GuttenPlans x1367,Cheetos Baked - Crunchy Cheese,Food,1.5,1,1.5,1.5
EB Public Library,EB Public Library x1380,Mini Chips Ahoy,Food,4.0,1,4.0,9.0
EB Public Library,EB Public Library x1380,Ice Breakers Ice Cubes - PepperMint,Food,5.0,1,5.0,9.0
EB Public Library,EB Public Library x1380,Bai Antioxidant - Tanzania Lemon Super Tea,Non Carbonated,2.75,1,2.75,2.75
EB Public Library,EB Public Library x1380,Starbucks Doubleshot Energy - Mocha,Non Carbonated,3.5,1,3.5,3.5
GuttenPlans,GuttenPlans x1367,Coca Cola - Regular,Carbonated,1.5,1,1.5,1.5
Brunswick Sq Mall,BSQ Mall x1364 - Zales,SunChips Multigrain - Harvest Cheddar,Food,1.5,1,1.5,1.5
EB Public Library,EB Public Library x1380,CheezIt - Go Paks,Food,4.0,2,8.0,8.0
EB Public Library,EB Public Library x1380,Miss Vickie's Potato Chip - Sea Salt Original,Food,1.5,1,1.5,1.5
Brunswick Sq Mall,BSQ Mall x1366 - ATT,Robert Irvine's - Fit Crunch -  Chocolate Pea,Food,2.0,1,2.0,2.0
GuttenPlans,GuttenPlans x1367,Cheetos Baked - Flaming Hot,Food,1.5,1,1.5,1.5
GuttenPlans,GuttenPlans x1367,Monster Energy Original,Carbonated,3.0,1,3.0,3.0
EB Public Library,EB Public Library x1380,Starbucks Refresher - Real Coconut Water,Carbonated,3.0,1,3.0,3.0
GuttenPlans,GuttenPlans x1367,Monster Energy Original,Carbonated,3.0,1,3.0,3.0
GuttenPlans,GuttenPlans x1367,SunChips Multigrain - Harvest Cheddar,Food,1.5,1,1.5,1.5
GuttenPlans,GuttenPlans x1367,Coca Cola - Regular,Carbonated,1.5,1,1.5,1.5
GuttenPlans,GuttenPlans x1367,Coca Cola - Regular,Carbonated,1.5,1,1.5,1.5
GuttenPlans,GuttenPlans x1367,Snapple Tea - Peach,Non Carbonated,2.5,1,2.5,2.5
GuttenPlans,GuttenPlans x1367,Snapple Tea - Raspberry,Non Carbonated,2.5,1,2.5,2.5
GuttenPlans,GuttenPlans x1367,Red Bull - Original,Carbonated,3.5,1,3.5,3.5
GuttenPlans,GuttenPlans x1367,Red Bull - Original,Carbonated,3.5,1,3.5,3.5
GuttenPlans,GuttenPlans x1367,Snapple Tea - Peach,Non Carbonated,2.5,1,2.5,2.5
GuttenPlans,GuttenPlans x1367,Coca Cola - Regular,Carbonated,1.5,1,1.5,1.5
GuttenPlans,GuttenPlans x1367,Cheetos Baked - Crunchy Cheese,Food,1.5,1,1.5,1.5
GuttenPlans,GuttenPlans x1367,Coca Cola - Regular,Carbonated,1.5,1,1.5,1.5
GuttenPlans,GuttenPlans x1367,Coca Cola - Regular,Carbonated,1.5,1,1.5,1.5
Earle Asphalt,Earle Asphalt x1371,Popchips Potato - Sour Cream & Onion,Food,1.5,1,1.5,1.5
EB Public Library,EB Public Library x1380,CheezIt - White Cheddar,Food,1.5,1,1.5,1.5
Earle Asphalt,Earle Asphalt x1371,SunChips Multigrain - Original,Food,1.5,1,1.5,1.5
EB Public Library,EB Public Library x1380,Starbucks Doubleshot Energy - Mocha,Non Carbonated,3.5,1,3.5,3.5
EB Public Library,EB Public Library x1380,Spindrift - Sparkling Water  Grapefruit,Carbonated,1.5,1,1.5,1.5
GuttenPlans,GuttenPlans x1367,Coca Cola - Regular,Carbonated,1.5,1,1.5,1.5
EB Public Library,EB Public Library x1380,Coca Cola - Zero Sugar,Carbonated,2.0,1,2.0,5.0
EB Public Library,EB Public Library x1380,Pringles - Sour Cream & Onion,Food,3.0,1,3.0,5.0
EB Public Library,EB Public Library x1380,Starbucks Refresher - Real Coconut Water,Carbonated,3.0,1,3.0,3.0
GuttenPlans,GuttenPlans x1367,Doritos Famin Hot Nacho,Food,1.5,1,1.5,1.5
EB Public Library,EB Public Library x1380,Poland Springs Water,Water,1.5,1,1.5,1.5
EB Public Library,EB Public Library x1380,Starbucks Refresher - Real Coconut Water,Carbonated,3.0,1,3.0,3.0
GuttenPlans,GuttenPlans x1367,Snapple Tea - Peach,Non Carbonated,2.5,1,2.5,2.5
GuttenPlans,GuttenPlans x1367,Red Bull - Original,Carbonated,3.5,1,3.5,3.5
GuttenPlans,GuttenPlans x1367,Red Bull - Original,Carbonated,3.5,1,3.5,3.5
GuttenPlans,GuttenPlans x1367,Red Bull - Original,Carbonated,3.5,1,3.5,3.5
GuttenPlans,GuttenPlans x1367,Red Bull - Original,Carbonated,3.5,1,3.5,3.5
GuttenPlans,GuttenPlans x1367,Red Bull - Original,Carbonated,3.5,1,3.5,3.5
EB Public Library,EB Public Library x1380,RXBAR - Protein Bar - Peanut Butter,Food,2.0,1,2.0,2.0
Brunswick Sq Mall,BSQ Mall x1364 - Zales,CheezIt - Original,Food,1.5,1,1.5,1.5
EB Public Library,EB Public Library x1380,CheezIt - Go Paks,Food,4.0,1,4.0,4.0
EB Public Library,EB Public Library x1380,Ice Breakers Ice Cubes - PepperMint,Food,5.0,1,5.0,6.5
EB Public Library,EB Public Library x1380,Poland Springs Water,Water,1.5,1,1.5,6.5
GuttenPlans,GuttenPlans x1367,Coca Cola - Regular,Carbonated,1.5,1,1.5,1.5
EB Public Library,EB Public Library x1380,Starbucks Doubleshot Energy - Mocha,Non Carbonated,3.5,1,3.5,3.5
GuttenPlans,GuttenPlans x1367,Doritos Famin Hot Nacho,Food,1.5,1,1.5,1.5
GuttenPlans,GuttenPlans x1367,Snapple Tea - Raspberry,Non Carbonated,2.5,1,2.5,2.5
GuttenPlans,GuttenPlans x1367,Monster Energy Original,Carbonated,3.0,1,3.0,3.0
GuttenPlans,GuttenPlans x1367,Coca Cola - Regular,Carbonated,1.5,1,1.5,1.5
GuttenPlans,GuttenPlans x1367,SunChips Multigrain - Harvest Cheddar,Food,1.5,1,1.5,1.5
GuttenPlans,GuttenPlans x1367,Coca Cola - Regular,Carbonated,1.5,1,1.5,1.5
GuttenPlans,GuttenPlans x1367,Cheetos Baked - Crunchy Cheese,Food,1.5,1,1.5,1.5
GuttenPlans,GuttenPlans x1367,Coca Cola - Regular,Carbonated,1.5,1,1.5,1.5
GuttenPlans,GuttenPlans x1367,Doritos Dinamita Chile Lemon,,1.5,1,1.5,1.5
GuttenPlans,GuttenPlans x1367,Coca Cola - Regular,Carbonated,1.5,1,1.5,1.5
GuttenPlans,GuttenPlans x1367,Doritos Dinamita Chile Lemon,,1.5,2,3.0,5.5
GuttenPlans,GuttenPlans x1367,Snapple Tea - Raspberry,Non Carbonated,2.5,1,2.5,5.5
GuttenPlans,GuttenPlans x1367,Snapple Tea - Peach,Non Carbonated,2.5,1,2.5,2.5
GuttenPlans,GuttenPlans x1367,Nature's Bakery Fig Bar - Raspberry,Food,1.5,1,1.5,1.5
GuttenPlans,GuttenPlans x1367,Red Bull - Original,Carbonated,3.5,1,3.5,3.5
Earle Asphalt,Earle Asphalt x1371,Simply Protein - Lemon Coconut,Food,2.0,1,2.0,2.0
EB Public Library,EB Public Library x1380,Poland Springs Water,Water,1.5,1,1.5,1.5
GuttenPlans,GuttenPlans x1367,Cheetos Baked - Crunchy Cheese,Food,1.5,1,1.5,1.5
Earle Asphalt,Earle Asphalt x1371,SunChips Multigrain - Original,Food,1.5,1,1.5,1.5
EB Public Library,EB Public Library x1380,Starbucks Doubleshot Energy - Mocha,Non Carbonated,3.5,1,3.5,3.5
EB Public Library,EB Public Library x1380,Coca Cola - Zero Sugar,Carbonated,2.0,1,2.0,5.0
EB Public Library,EB Public Library x1380,Pringles - Sour Cream & Onion,Food,3.0,1,3.0,5.0
Earle Asphalt,Earle Asphalt x1371,Popchips Potato - Sea Salt,Food,1.5,1,1.5,1.5
Earle Asphalt,Earle Asphalt x1371,Popchips Potato - Sour Cream & Onion,Food,1.5,1,1.5,3.0
Earle Asphalt,Earle Asphalt x1371,Pop Corners - Kettle Corn,Food,1.5,1,1.5,3.0
EB Public Library,EB Public Library x1380,Simply Protein - Dark Chocolate Sea Salt,Food,2.0,2,4.0,4.0
Brunswick Sq Mall,BSQ Mall x1364 - Zales,SunChips Multigrain - Harvest Cheddar,Food,1.5,1,1.5,1.5
GuttenPlans,GuttenPlans x1367,,,,1,1.5,1.5
Earle Asphalt,Earle Asphalt x1371,Pop Corners - Kettle Corn,Food,1.5,1,1.5,2.75
Earle Asphalt,Earle Asphalt x1371,Goldfish Baked - Cheddar,Food,1.25,1,1.25,2.75
GuttenPlans,GuttenPlans x1367,Red Bull - Original,Carbonated,3.5,1,3.5,3.5
Brunswick Sq Mall,BSQ Mall x1366 - ATT,Snapple Tea - Raspberry,Non Carbonated,2.75,1,2.75,2.75
Brunswick Sq Mall,BSQ Mall x1366 - ATT,SunChips Multigrain - Harvest Cheddar,Food,1.5,1,1.5,1.5
GuttenPlans,GuttenPlans x1367,Monster Energy Original,Carbonated,3.0,1,3.0,6.0
GuttenPlans,GuttenPlans x1367,Doritos Dinamita Chile Lemon,,1.5,1,1.5,6.0
GuttenPlans,GuttenPlans x1367,Cheetos Flaming Hot Limon Crunchy,Food,1.5,1,1.5,6.0
GuttenPlans,GuttenPlans x1367,Coca Cola - Regular,Carbonated,1.5,1,1.5,1.5
GuttenPlans,GuttenPlans x1367,SunChips Multigrain - Harvest Cheddar,Food,1.5,1,1.5,1.5
EB Public Library,EB Public Library x1380,Coca Cola - Zero Sugar,Carbonated,2.0,1,2.0,2.0
Brunswick Sq Mall,BSQ Mall x1364 - Zales,Monster Energy Original,Carbonated,3.0,1,3.0,3.0
EB Public Library,EB Public Library x1380,Spindrift - Sparkling Water  Grapefruit,Carbonated,1.5,1,1.5,1.5
GuttenPlans,GuttenPlans x1367,Chesters Fries Flaming hot,Food,1.5,1,1.5,1.5
GuttenPlans,GuttenPlans x1367,Coca Cola - Regular,Carbonated,1.5,1,1.5,1.5
GuttenPlans,GuttenPlans x1367,SunChips Multigrain - Harvest Cheddar,Food,1.5,1,1.5,1.5
GuttenPlans,GuttenPlans x1367,Coca Cola - Regular,Carbonated,1.5,1,1.5,1.5
GuttenPlans,GuttenPlans x1367,SunChips Multigrain - Original,Food,1.5,1,1.5,1.5
Brunswick Sq Mall,BSQ Mall x1366 - ATT,Bai Antioxidant - Zambia Bingcherry,Non Carbonated,2.5,1,2.5,2.5
Earle Asphalt,Earle Asphalt x1371,Simply Protein - Lemon Coconut,Food,2.0,1,2.0,2.0
EB Public Library,EB Public Library x1380,Starbucks Refresher - Real Coconut Water,Carbonated,3.0,1,3.0,3.0
Earle Asphalt,Earle Asphalt x1371,Popchips Potato - Sour Cream & Onion,Food,1.5,1,1.5,1.5
Earle Asphalt,Earle Asphalt x1371,Pop Corners - Kettle Corn,Food,1.5,1,1.5,1.5
Earle Asphalt,Earle Asphalt x1371,Lindens - Chocolate Chippers,Food,2.0,1,2.0,2.0
Earle Asphalt,Earle Asphalt x1371,Fritos - Original,Food,1.5,1,1.5,3.0
Earle Asphalt,Earle Asphalt x1371,Newtons Fig Bar,Food,1.5,1,1.5,3.0
Brunswick Sq Mall,BSQ Mall x1366 - ATT,Starbucks Doubleshot Energy - Coffee,,3.5,1,3.5,3.5
EB Public Library,EB Public Library x1380,RXBAR - Protein Bar - Peanut Butter,Food,2.0,1,2.0,2.0
EB Public Library,EB Public Library x1380,BodyArmor LYTE  - Peach Mango,Water,2.75,1,2.75,2.75
EB Public Library,EB Public Library x1380,RXBAR - Protein Bar - Peanut Butter,Food,2.0,1,2.0,2.0
Brunswick Sq Mall,BSQ Mall x1364 - Zales,Snapple Tea - Raspberry,Non Carbonated,2.5,1,2.5,2.5
EB Public Library,EB Public Library x1380,Iberia Coconut Water,Non Carbonated,2.0,1,2.0,2.0
EB Public Library,EB Public Library x1380,Robert Irvine's - Fit Crunch -  Chocolate Pea,Food,2.0,1,2.0,2.0
EB Public Library,EB Public Library x1380,Coca Cola - Zero Sugar,Carbonated,2.0,1,2.0,2.0
EB Public Library,EB Public Library x1380,Coca Cola - Zero Sugar,Carbonated,2.0,2,4.0,4.0
EB Public Library,EB Public Library x1380,Mini Chips Ahoy,Food,4.0,1,4.0,4.0
Brunswick Sq Mall,BSQ Mall x1364 - Zales,Iberia Coconut Water,Non Carbonated,2.0,1,2.0,2.0
Brunswick Sq Mall,BSQ Mall x1364 - Zales,Kinder - Bueno - Crispy Creamy Chocolate,Food,2.0,1,2.0,2.0
EB Public Library,EB Public Library x1380,Coca Cola - Zero Sugar,Carbonated,2.0,1,2.0,2.0
EB Public Library,EB Public Library x1380,Pringles - Cheddar Cheese,Food,3.0,1,3.0,3.0
EB Public Library,EB Public Library x1380,Oreo Mini - Go Paks,,4.0,1,4.0,4.0
EB Public Library,EB Public Library x1380,Goldfish Baked - Cheddar,Food,1.25,1,1.25,1.25
EB Public Library,EB Public Library x1380,CheezIt - White Cheddar,Food,1.5,1,1.5,5.0
EB Public Library,EB Public Library x1380,SunChips Multigrain - Salsa,Food,1.5,1,1.5,5.0
EB Public Library,EB Public Library x1380,Coca Cola - Zero Sugar,Carbonated,2.0,1,2.0,5.0
Brunswick Sq Mall,BSQ Mall x1366 - ATT,Coca Cola - Regular,Carbonated,2.0,1,2.0,2.0
EB Public Library,EB Public Library x1380,Poland Springs Water,Water,1.5,1,1.5,1.5
EB Public Library,EB Public Library x1380,Poland Springs Water,Water,1.5,2,3.0,7.0
EB Public Library,EB Public Library x1380,CheezIt - Go Paks,Food,4.0,1,4.0,7.0
EB Public Library,EB Public Library x1380,Starbucks Doubleshot Energy - Mocha,Non Carbonated,3.5,1,3.5,3.5
EB Public Library,EB Public Library x1380,CheezIt - Double Cheese,Food,1.5,1,1.5,1.5
Brunswick Sq Mall,BSQ Mall x1366 - ATT,RXBAR - Protein Bar - Chocolate Sea Salt,Food,2.0,1,2.0,2.0
EB Public Library,EB Public Library x1380,Spindrift - Sparkling Water  Lime,Carbonated,1.5,1,1.5,1.5
EB Public Library,EB Public Library x1380,Pringles - Cheddar Cheese,Food,3.0,1,3.0,3.0
EB Public Library,EB Public Library x1380,Miss Vickie's Potato Chip - Sea Salt Original,Food,1.5,1,1.5,1.5
EB Public Library,EB Public Library x1380,BodyArmor LYTE  - Peach Mango,Water,2.75,1,2.75,2.75
Brunswick Sq Mall,BSQ Mall x1364 - Zales,Pop Corners - White Cheddar,Food,1.5,1,1.5,1.5
Brunswick Sq Mall,BSQ Mall x1364 - Zales,RXBAR - Protein Bar - Chocolate Sea Salt,Food,2.0,1,2.0,2.0
EB Public Library,EB Public Library x1380,Pringles - Original,Food,3.0,1,3.0,3.0
EB Public Library,EB Public Library x1380,CheezIt - Go Paks,Food,4.0,1,4.0,4.0
Brunswick Sq Mall,BSQ Mall x1364 - Zales,Coca Cola - Zero Sugar,Carbonated,1.5,1,1.5,1.5
Brunswick Sq Mall,BSQ Mall x1364 - Zales,Coca Cola - Zero Sugar,Carbonated,1.5,1,1.5,1.5
Brunswick Sq Mall,BSQ Mall x1364 - Zales,Coca Cola - Zero Sugar,Carbonated,1.5,1,1.5,1.5
GuttenPlans,GuttenPlans x1367,Monster Energy Original,Carbonated,3.0,1,3.0,3.0
GuttenPlans,GuttenPlans x1367,Snapple Tea - Peach,Non Carbonated,2.5,1,2.5,2.5
GuttenPlans,GuttenPlans x1367,Snapple Tea - Lemon,Non Carbonated,2.5,1,2.5,2.5
Earle Asphalt,Earle Asphalt x1371,Pop Corners - Kettle Corn,Food,1.5,1,1.5,1.5
Earle Asphalt,Earle Asphalt x1371,Nutter Butter Bites,Food,1.5,1,1.5,1.5
Brunswick Sq Mall,BSQ Mall x1366 - ATT,Spindrift - Sparkling Water - Pineapple,Carbonated,1.5,1,1.5,1.5
Earle Asphalt,Earle Asphalt x1371,Popchips Potato - Sea Salt,Food,1.5,1,1.5,1.5
EB Public Library,EB Public Library x1380,Starbucks Doubleshot Energy - Mocha,Non Carbonated,3.5,1,3.5,3.5
GuttenPlans,GuttenPlans x1367,Snapple Tea - Lemon,Non Carbonated,2.5,1,2.5,2.5
Earle Asphalt,Earle Asphalt x1371,Goldfish Baked - Cheddar,Food,1.25,1,1.25,1.25
Earle Asphalt,Earle Asphalt x1371,Snapple Diet Tea - Raspberry,Non Carbonated,2.5,1,2.5,2.5
Earle Asphalt,Earle Asphalt x1371,Coca Cola - Zero Sugar,Carbonated,1.5,1,1.5,3.5
Earle Asphalt,Earle Asphalt x1371,Keto Bar - Chocolate Dream,Food,2.0,1,2.0,3.5
EB Public Library,EB Public Library x1380,Bai Antioxidant - Tanzania Lemon Super Tea,Non Carbonated,2.75,1,2.75,2.75
Earle Asphalt,Earle Asphalt x1371,Fritos - Original,Food,1.5,1,1.5,1.5
GuttenPlans,GuttenPlans x1367,Snapple Tea - Peach,Non Carbonated,2.5,1,2.5,2.5
EB Public Library,EB Public Library x1380,CheezIt - Double Cheese,Food,1.5,1,1.5,1.5
EB Public Library,EB Public Library x1380,Wonderful Pistachios - Variety,Food,2.0,1,2.0,2.0
EB Public Library,EB Public Library x1380,Goldfish Baked - Cheddar,Food,1.25,1,1.25,1.25
Earle Asphalt,Earle Asphalt x1371,Pop Corners - Sea Salt,Food,1.5,1,1.5,1.5
Earle Asphalt,Earle Asphalt x1371,Goldfish Baked - Cheddar,Food,1.25,1,1.25,1.25
EB Public Library,EB Public Library x1380,CheezIt - Go Paks,Food,4.0,1,4.0,5.5
EB Public Library,EB Public Library x1380,SunChips Multigrain - Harvest Cheddar,Food,1.5,1,1.5,5.5
GuttenPlans,GuttenPlans x1367,Coca Cola - Regular,Carbonated,1.5,1,1.5,1.5
EB Public Library,EB Public Library x1380,CheezIt - Go Paks,Food,4.0,1,4.0,4.0
EB Public Library,EB Public Library x1380,Miss Vickie's Potato Chip - Sea Salt Original,Food,1.5,1,1.5,1.5
GuttenPlans,GuttenPlans x1367,Coca Cola - Regular,Carbonated,1.5,1,1.5,1.5
EB Public Library,EB Public Library x1380,SunChips Multigrain - Harvest Cheddar,Food,1.5,1,1.5,1.5
EB Public Library,EB Public Library x1380,CheezIt - Original,Food,1.5,1,1.5,1.5
EB Public Library,EB Public Library x1380,Starbucks Doubleshot Energy - Mocha,Non Carbonated,3.5,1,3.5,3.5
GuttenPlans,GuttenPlans x1367,Chesters Fries Flaming hot,Food,1.5,1,1.5,1.5
GuttenPlans,GuttenPlans x1367,Monster Energy Original,Carbonated,3.0,1,3.0,3.0
GuttenPlans,GuttenPlans x1367,Coca Cola - Regular,Carbonated,1.5,1,1.5,1.5
EB Public Library,EB Public Library x1380,Coca Cola - Zero Sugar,Carbonated,2.0,1,2.0,2.0
Earle Asphalt,Earle Asphalt x1371,Popchips Potato - Barbeque,Food,1.5,1,1.5,1.5
Earle Asphalt,Earle Asphalt x1371,Wonderful Pistachios - Variety,Food,2.0,1,2.0,2.0
Earle Asphalt,Earle Asphalt x1371,Wonderful Pistachios - Variety,Food,2.0,1,2.0,2.0
EB Public Library,EB Public Library x1380,Goldfish Baked - Cheddar,Food,1.25,1,1.25,1.25
EB Public Library,EB Public Library x1380,Goldfish Baked - Cheddar,Food,1.25,1,1.25,1.25
EB Public Library,EB Public Library x1380,SunChips Multigrain - Salsa,Food,1.5,1,1.5,1.5
GuttenPlans,GuttenPlans x1367,Coca Cola - Regular,Carbonated,1.5,1,1.5,1.5
EB Public Library,EB Public Library x1380,Miss Vickie's Potato Chip - Smokehouse BBQ,Food,1.5,1,1.5,1.5
EB Public Library,EB Public Library x1380,Miss Vickie's Potato Chip - Smokehouse BBQ,Food,1.5,1,1.5,1.5
EB Public Library,EB Public Library x1380,Miss Vickie's Potato Chip - Smokehouse BBQ,Food,1.5,1,1.5,1.5
EB Public Library,EB Public Library x1380,Miss Vickie's Potato Chip - Smokehouse BBQ,Food,1.5,1,1.5,1.5
EB Public Library,EB Public Library x1380,SunChips Multigrain - Harvest Cheddar,Food,1.5,1,1.5,1.5
EB Public Library,EB Public Library x1380,Miss Vickie's Potato Chip - Smokehouse BBQ,Food,1.5,1,1.5,1.5
Earle Asphalt,Earle Asphalt x1371,Robert Irvine's - Fit Crunch -  Chocolate Pea,Food,2.0,1,2.0,2.0
EB Public Library,EB Public Library x1380,Robert Irvine's - Fit Crunch -  Chocolate Pea,Food,2.0,1,2.0,3.5
EB Public Library,EB Public Library x1380,SunChips Multigrain - Original,Food,1.5,1,1.5,3.5
EB Public Library,EB Public Library x1380,Poland Springs Water,Water,1.5,1,1.5,1.5
EB Public Library,EB Public Library x1380,RXBAR - Protein Bar - Chocolate Sea Salt,Food,2.0,1,2.0,2.0
EB Public Library,EB Public Library x1380,Poland Springs Water,Water,1.5,1,1.5,1.5
EB Public Library,EB Public Library x1380,RXBAR - Protein Bar - Chocolate Sea Salt,Food,2.0,1,2.0,2.0
Brunswick Sq Mall,BSQ Mall x1366 - ATT,Starbucks Refresher - Real Coconut Water,Carbonated,3.0,1,3.0,3.0
Brunswick Sq Mall,BSQ Mall x1366 - ATT,Coca Cola - Regular,Carbonated,2.0,1,2.0,2.0
Brunswick Sq Mall,BSQ Mall x1366 - ATT,Coca Cola - Regular,Carbonated,2.0,1,2.0,2.0
Brunswick Sq Mall,BSQ Mall x1364 - Zales,Lindens - Chocolate Chippers,Food,2.0,1,2.0,2.0
EB Public Library,EB Public Library x1380,Pringles - Cheddar Cheese,Food,3.0,1,3.0,3.0
EB Public Library,EB Public Library x1380,Pringles - Cheddar Cheese,Food,3.0,1,3.0,3.0
EB Public Library,EB Public Library x1380,Pringles - Cheddar Cheese,Food,3.0,1,3.0,3.0
GuttenPlans,GuttenPlans x1367,Coca Cola - Regular,Carbonated,1.5,1,1.5,1.5
Brunswick Sq Mall,BSQ Mall x1364 - Zales,Coca Cola - Zero Sugar,Carbonated,1.5,1,1.5,1.5
GuttenPlans,GuttenPlans x1367,Snapple Tea - Raspberry,Non Carbonated,2.5,1,2.5,2.5
GuttenPlans,GuttenPlans x1367,Monster Energy Original,Carbonated,3.0,1,3.0,3.0
Earle Asphalt,Earle Asphalt x1371,Wonderful Pistachios - Variety,Food,2.0,1,2.0,2.0
EB Public Library,EB Public Library x1380,SunChips Multigrain - Salsa,Food,1.5,1,1.5,1.5
Earle Asphalt,Earle Asphalt x1371,Popchips Potato - Sour Cream & Onion,Food,1.5,1,1.5,1.5
Earle Asphalt,Earle Asphalt x1371,Wonderful Pistachios - Variety,Food,2.0,1,2.0,2.0
EB Public Library,EB Public Library x1380,Poland Springs Water,Water,1.5,1,1.5,1.5
Earle Asphalt,Earle Asphalt x1371,Wonderful Pistachios - Variety,Food,2.0,1,2.0,2.0
Earle Asphalt,Earle Asphalt x1371,Newtons Fig Bar,Food,1.5,1,1.5,1.5
EB Public Library,EB Public Library x1380,Starbucks Refresher - Real Coconut Water,Carbonated,3.0,1,3.0,3.0
EB Public Library,EB Public Library x1380,CheezIt - Cheddar Sour Cream and Onion,Food,1.5,1,1.5,1.5
Earle Asphalt,Earle Asphalt x1371,Pop Corners - Kettle Corn,Food,1.5,1,1.5,3.5
Earle Asphalt,Earle Asphalt x1371,Wonderful Pistachios - Variety,Food,2.0,1,2.0,3.5
Earle Asphalt,Earle Asphalt x1371,Robert Irvine's - Fit Crunch -  Chocolate Pea,Food,2.0,1,2.0,2.0
EB Public Library,EB Public Library x1380,Wonderful Pistachios - Variety,Food,2.0,1,2.0,2.0
EB Public Library,EB Public Library x1380,Pringles - Cheddar Cheese,Food,3.0,1,3.0,3.0
Earle Asphalt,Earle Asphalt x1371,Popchips Potato - Sour Cream & Onion,Food,1.5,1,1.5,2.75
Earle Asphalt,Earle Asphalt x1371,Goldfish Baked - Cheddar,Food,1.25,1,1.25,2.75
EB Public Library,EB Public Library x1380,Miss Vickie's Potato Chip - Sea Salt Original,Food,1.5,1,1.5,1.5
EB Public Library,EB Public Library x1380,SunChips Multigrain - Original,Food,1.5,1,1.5,1.5
EB Public Library,EB Public Library x1380,Pringles - Cheddar Cheese,Food,3.0,1,3.0,3.0
EB Public Library,EB Public Library x1380,BodyArmor LYTE  - Peach Mango,Water,2.75,1,2.75,2.75
EB Public Library,EB Public Library x1380,Coca Cola - Zero Sugar,Carbonated,2.0,1,2.0,2.0
GuttenPlans,GuttenPlans x1367,Chesters Fries Flaming hot,Food,1.5,1,1.5,1.5
EB Public Library,EB Public Library x1380,Oreo Mini - Go Paks,,4.0,1,4.0,4.0
EB Public Library,EB Public Library x1380,Ice Breakers Ice Cubes - PepperMint,Food,5.0,1,5.0,5.0
EB Public Library,EB Public Library x1380,CheezIt - Go Paks,Food,4.0,1,4.0,4.0
EB Public Library,EB Public Library x1380,SunChips Multigrain - Harvest Cheddar,Food,1.5,1,1.5,1.5
EB Public Library,EB Public Library x1380,CheezIt - Original,Food,1.5,1,1.5,1.5
EB Public Library,EB Public Library x1380,Oreo Mini - Go Paks,,4.0,1,4.0,4.0
GuttenPlans,GuttenPlans x1367,Snapple Tea - Raspberry,Non Carbonated,2.5,1,2.5,2.5
GuttenPlans,GuttenPlans x1367,Chesters Fries Flaming hot,Food,1.5,1,1.5,1.5
GuttenPlans,GuttenPlans x1367,Chesters Fries Flaming hot,Food,1.5,1,1.5,1.5
GuttenPlans,GuttenPlans x1367,Chesters Fries Flaming hot,Food,1.5,1,1.5,1.5
GuttenPlans,GuttenPlans x1367,SunChips Multigrain - Harvest Cheddar,Food,1.5,1,1.5,1.5
Earle Asphalt,Earle Asphalt x1371,Simply Protein - Lemon Coconut,Food,2.0,1,2.0,2.0
Earle Asphalt,Earle Asphalt x1371,Wonderful Pistachios - Variety,Food,2.0,1,2.0,2.0
Earle Asphalt,Earle Asphalt x1371,Robert Irvine's - Fit Crunch -  Chocolate Pea,Food,2.0,1,2.0,2.0
EB Public Library,EB Public Library x1380,Coca Cola - Zero Sugar,Carbonated,2.0,1,2.0,2.0
Earle Asphalt,Earle Asphalt x1371,Wonderful Pistachios - Variety,Food,2.0,1,2.0,2.0
Earle Asphalt,Earle Asphalt x1371,Pop Corners - Sea Salt,Food,1.5,1,1.5,1.5
EB Public Library,EB Public Library x1380,Starbucks Doubleshot Energy - Mocha,Non Carbonated,3.5,1,3.5,3.5
Brunswick Sq Mall,BSQ Mall x1364 - Zales,Robert Irvine's - Fit Crunch -  Chocolate Pea,Food,2.0,1,2.0,2.0
EB Public Library,EB Public Library x1380,Simply Protein - Peanut Butter Chocolate,Food,2.0,1,2.0,2.0
EB Public Library,EB Public Library x1380,Coca Cola - Zero Sugar,Carbonated,2.0,1,2.0,2.0
EB Public Library,EB Public Library x1380,Miss Vickie's Potato Chip - Sea Salt Original,Food,1.5,1,1.5,1.5
EB Public Library,EB Public Library x1380,Starbucks Doubleshot Energy - Mocha,Non Carbonated,3.5,1,3.5,3.5
EB Public Library,EB Public Library x1380,Miss Vickie's Potato Chip - Smokehouse BBQ,Food,1.5,1,1.5,1.5
EB Public Library,EB Public Library x1380,Starbucks Doubleshot Energy - Mocha,Non Carbonated,3.5,1,3.5,3.5
EB Public Library,EB Public Library x1380,Starbucks Refresher - Real Coconut Water,Carbonated,3.0,1,3.0,3.0
GuttenPlans,GuttenPlans x1367,Snapple Tea - Raspberry,Non Carbonated,2.5,1,2.5,2.5
GuttenPlans,GuttenPlans x1367,Cheetos Baked - Flaming Hot,Food,1.5,1,1.5,1.5
EB Public Library,EB Public Library x1380,Poland Springs Water,Water,1.5,1,1.5,1.5
EB Public Library,EB Public Library x1380,Bai Antioxidant - Tanzania Lemon Super Tea,Non Carbonated,2.75,1,2.75,2.75
EB Public Library,EB Public Library x1380,Snyder's of Hanover Pretzel Pieces - Cheddar,Food,2.5,1,2.5,2.5
GuttenPlans,GuttenPlans x1367,SunChips Multigrain - Harvest Cheddar,Food,1.5,1,1.5,1.5
GuttenPlans,GuttenPlans x1367,SunChips Multigrain - Harvest Cheddar,Food,1.5,1,1.5,1.5
GuttenPlans,GuttenPlans x1367,Monster Energy Original,Carbonated,3.0,1,3.0,3.0
GuttenPlans,GuttenPlans x1367,Cheetos Flaming Hot Limon Crunchy,Food,1.5,1,1.5,1.5
EB Public Library,EB Public Library x1380,SunChips Multigrain - Harvest Cheddar,Food,1.5,1,1.5,1.5
Earle Asphalt,Earle Asphalt x1371,Simply Protein - Lemon Coconut,Food,2.0,1,2.0,2.0
Earle Asphalt,Earle Asphalt x1371,Simply Protein - Lemon Coconut,Food,2.0,1,2.0,2.0
EB Public Library,EB Public Library x1380,SunChips Multigrain - Harvest Cheddar,Food,1.5,1,1.5,1.5
Brunswick Sq Mall,BSQ Mall x1364 - Zales,Snapple Diet Tea - Peach Tea,Non Carbonated,2.5,1,2.5,2.5
EB Public Library,EB Public Library x1380,Coca Cola - Zero Sugar,Carbonated,2.0,1,2.0,2.0
EB Public Library,EB Public Library x1380,SunChips Multigrain - Original,Food,1.5,1,1.5,1.5
GuttenPlans,GuttenPlans x1367,Pure Organic Fruit Bar - Raspberry Lemonade,Food,1.5,1,1.5,1.5
GuttenPlans,GuttenPlans x1367,Pure Organic Fruit Bar - Strawberry Banana,Food,1.5,1,1.5,1.5
EB Public Library,EB Public Library x1380,Goldfish Baked - Cheddar,Food,1.25,1,1.25,4.75
EB Public Library,EB Public Library x1380,Poland Springs Water,Water,1.5,1,1.5,4.75
EB Public Library,EB Public Library x1380,Wonderful Pistachios - Variety,Food,2.0,1,2.0,4.75
Brunswick Sq Mall,BSQ Mall x1364 - Zales,Newtons Fig Bar,Food,1.25,1,1.25,1.25
EB Public Library,EB Public Library x1380,Starbucks Refresher - Real Coconut Water,Carbonated,3.0,1,3.0,3.0
EB Public Library,EB Public Library x1380,SunChips Multigrain - Original,Food,1.5,1,1.5,1.5
EB Public Library,EB Public Library x1380,Bai Antioxidant - Tanzania Lemon Super Tea,Non Carbonated,2.75,1,2.75,2.75
EB Public Library,EB Public Library x1380,Mini Chips Ahoy,Food,4.0,1,4.0,4.0
EB Public Library,EB Public Library x1380,Pringles - Original,Food,3.0,1,3.0,3.0
EB Public Library,EB Public Library x1380,CheezIt - Original,Food,1.5,1,1.5,3.5
EB Public Library,EB Public Library x1380,Simply Protein - Peanut Butter Chocolate,Food,2.0,1,2.0,3.5
EB Public Library,EB Public Library x1380,Oreo Mini - Go Paks,,4.0,1,4.0,4.0
EB Public Library,EB Public Library x1380,Goldfish Baked - Cheddar,Food,1.25,1,1.25,2.75
EB Public Library,EB Public Library x1380,Spindrift - Sparkling Water  Lime,Carbonated,1.5,1,1.5,2.75
Brunswick Sq Mall,BSQ Mall x1366 - ATT,Coca Cola - Regular,Carbonated,2.0,1,2.0,2.0
Brunswick Sq Mall,BSQ Mall x1364 - Zales,Newtons Fig Bar,Food,1.25,1,1.25,1.25
Brunswick Sq Mall,BSQ Mall x1364 - Zales,Newtons Fig Bar,Food,1.25,1,1.25,1.25
Brunswick Sq Mall,BSQ Mall x1366 - ATT,Snapple Tea - Raspberry,Non Carbonated,2.75,1,2.75,2.75
GuttenPlans,GuttenPlans x1367,Cheetos Baked - Crunchy Cheese,Food,1.5,1,1.5,1.5
GuttenPlans,GuttenPlans x1367,Nature's Bakery Fig Bar - Blueberry,Food,1.5,1,1.5,1.5
GuttenPlans,GuttenPlans x1367,Cheetos Baked - Crunchy Cheese,Food,1.5,1,1.5,1.5
GuttenPlans,GuttenPlans x1367,SunChips Multigrain - Original,Food,1.5,1,1.5,1.5
Brunswick Sq Mall,BSQ Mall x1366 - ATT,Keep Healthy - Sea Salt Brownie,Food,2.0,1,2.0,2.0
GuttenPlans,GuttenPlans x1367,Monster Energy Original,Carbonated,3.0,1,3.0,3.0
GuttenPlans,GuttenPlans x1367,Cheetos Baked - Flaming Hot,Food,1.5,1,1.5,1.5
GuttenPlans,GuttenPlans x1367,Monster Energy Original,Carbonated,3.0,1,3.0,3.0
GuttenPlans,GuttenPlans x1367,Snapple Tea - Raspberry,Non Carbonated,2.5,1,2.5,2.5
GuttenPlans,GuttenPlans x1367,Snapple Tea - Raspberry,Non Carbonated,2.5,1,2.5,2.5
EB Public Library,EB Public Library x1380,Starbucks Refresher - Real Coconut Water,Carbonated,3.0,1,3.0,3.0
EB Public Library,EB Public Library x1380,SunChips Multigrain - Harvest Cheddar,Food,1.5,1,1.5,1.5
Brunswick Sq Mall,BSQ Mall x1364 - Zales,Robert Irvine's - Fit Crunch -  Chocolate Pea,Food,2.0,1,2.0,2.0
EB Public Library,EB Public Library x1380,RXBAR - Protein Bar - Peanut Butter,Food,2.0,1,2.0,2.0
EB Public Library,EB Public Library x1380,SunChips Multigrain - Salsa,Food,1.5,1,1.5,1.5
EB Public Library,EB Public Library x1380,CheezIt - White Cheddar,Food,1.5,1,1.5,1.5
EB Public Library,EB Public Library x1380,Starbucks Refresher - Real Coconut Water,Carbonated,3.0,1,3.0,3.0
EB Public Library,EB Public Library x1380,Coca Cola - Zero Sugar,Carbonated,2.0,1,2.0,2.0
EB Public Library,EB Public Library x1380,Poland Springs Water,Water,1.5,1,1.5,1.5
EB Public Library,EB Public Library x1380,Bai Antioxidant - Tanzania Lemon Super Tea,Non Carbonated,2.75,1,2.75,2.75
EB Public Library,EB Public Library x1380,Wonderful Pistachios - Variety,Food,2.0,1,2.0,2.0
Brunswick Sq Mall,BSQ Mall x1366 - ATT,CheezIt - Original,Food,1.25,1,1.25,1.25
EB Public Library,EB Public Library x1380,SunChips Multigrain - Harvest Cheddar,Food,1.5,1,1.5,1.5
EB Public Library,EB Public Library x1380,SunChips Multigrain - Harvest Cheddar,Food,1.5,1,1.5,1.5
EB Public Library,EB Public Library x1380,Goldfish Baked - Cheddar,Food,1.25,1,1.25,1.25
Brunswick Sq Mall,BSQ Mall x1364 - Zales,Robert Irvine's - Fit Crunch -  Chocolate Pea,Food,2.0,1,2.0,2.0
Brunswick Sq Mall,BSQ Mall x1366 - ATT,SunChips Multigrain - Harvest Cheddar,Food,1.5,1,1.5,1.5
EB Public Library,EB Public Library x1380,Iberia Coconut Water,Non Carbonated,2.0,1,2.0,2.0
EB Public Library,EB Public Library x1380,Iberia Coconut Water,Non Carbonated,2.0,1,2.0,2.0
EB Public Library,EB Public Library x1380,Pringles - Cheddar Cheese,Food,3.0,1,3.0,3.0
EB Public Library,EB Public Library x1380,Miss Vickie's Potato Chip - Sea Salt Original,Food,1.5,1,1.5,1.5
EB Public Library,EB Public Library x1380,CheezIt - White Cheddar,Food,1.5,1,1.5,1.5
GuttenPlans,GuttenPlans x1367,Nature's Bakery Fig Bar - Raspberry,Food,1.5,1,1.5,3.0
GuttenPlans,GuttenPlans x1367,Nature's Bakery Fig Bar - Blueberry,Food,1.5,1,1.5,3.0
GuttenPlans,GuttenPlans x1367,Cheetos Flaming Hot Limon Crunchy,Food,1.5,1,1.5,1.5
Earle Asphalt,Earle Asphalt x1371,Goldfish Baked - Cheddar,Food,1.25,1,1.25,1.25
EB Public Library,EB Public Library x1380,Goldfish Baked - Cheddar,Food,1.25,1,1.25,1.25
Brunswick Sq Mall,BSQ Mall x1366 - ATT,Bai Antioxidant - Zambia Bingcherry,Non Carbonated,2.5,1,2.5,2.5
Brunswick Sq Mall,BSQ Mall x1366 - ATT,Keep Healthy - Chocolate Coconut,Food,2.0,1,2.0,2.0
Earle Asphalt,Earle Asphalt x1371,Popchips Potato - Barbeque,Food,1.5,1,1.5,1.5
GuttenPlans,GuttenPlans x1367,Monster Energy Original,Carbonated,3.0,1,3.0,3.0
GuttenPlans,GuttenPlans x1367,Goldfish Baked - Cheddar,Food,1.5,1,1.5,1.5
GuttenPlans,GuttenPlans x1367,Goldfish Baked - Cheddar,Food,1.5,1,1.5,1.5
Brunswick Sq Mall,BSQ Mall x1364 - Zales,Pop Corners - Spicy Queso,Food,1.5,1,1.5,1.5
EB Public Library,EB Public Library x1380,Orchard Bar - Variety,Food,2.0,1,2.0,2.0
EB Public Library,EB Public Library x1380,SunChips Multigrain - Salsa,Food,1.5,1,1.5,1.5
GuttenPlans,GuttenPlans x1367,Monster Energy Original,Carbonated,3.0,1,3.0,3.0
EB Public Library,EB Public Library x1380,Bai Antioxidant - Tanzania Lemon Super Tea,Non Carbonated,2.75,1,2.75,6.75
EB Public Library,EB Public Library x1380,CheezIt - Go Paks,Food,4.0,1,4.0,6.75
EB Public Library,EB Public Library x1380,Poland Springs Water,Water,1.5,1,1.5,1.5
GuttenPlans,GuttenPlans x1367,Cheetos Baked - Flaming Hot,Food,1.5,1,1.5,1.5
GuttenPlans,GuttenPlans x1367,Monster Energy Original,Carbonated,3.0,1,3.0,3.0
GuttenPlans,GuttenPlans x1367,Cheetos Flaming Hot Limon Crunchy,Food,1.5,1,1.5,1.5
EB Public Library,EB Public Library x1380,Coca Cola - Zero Sugar,Carbonated,2.0,1,2.0,2.0
Brunswick Sq Mall,BSQ Mall x1364 - Zales,Monster Energy Original,Carbonated,3.0,1,3.0,3.0
EB Public Library,EB Public Library x1380,Miss Vickie's Potato Chip - Jalapeno,Food,1.5,1,1.5,1.5
EB Public Library,EB Public Library x1380,RXBAR - Protein Bar - Chocolate Sea Salt,Food,2.0,1,2.0,2.0
EB Public Library,EB Public Library x1380,Orchard Bar - Variety,Food,2.0,1,2.0,2.0
EB Public Library,EB Public Library x1380,Simply Protein - Lemon Coconut,Food,2.0,1,2.0,2.0
Earle Asphalt,Earle Asphalt x1371,Goldfish Baked - Cheddar,Food,1.25,1,1.25,1.25
Earle Asphalt,Earle Asphalt x1371,Goldfish Baked - Cheddar,Food,1.25,1,1.25,1.25
EB Public Library,EB Public Library x1380,Miss Vickie's Potato Chip - Sea Salt Original,Food,1.5,1,1.5,1.5
EB Public Library,EB Public Library x1380,Wonderful Pistachios - Variety,Food,2.0,1,2.0,2.0
EB Public Library,EB Public Library x1380,SunChips Multigrain - Original,Food,1.5,1,1.5,1.5
EB Public Library,EB Public Library x1380,Bai Antioxidant - Tanzania Lemon Super Tea,Non Carbonated,2.75,1,2.75,2.75
EB Public Library,EB Public Library x1380,Miss Vickie's Potato Chip - Sea Salt Original,Food,1.5,1,1.5,1.5
EB Public Library,EB Public Library x1380,Snyder's of Hanover Pretzel - Cheddar Cheese,Food,2.5,1,2.5,2.5
EB Public Library,EB Public Library x1380,Poland Springs Water,Water,1.5,1,1.5,1.5
Brunswick Sq Mall,BSQ Mall x1366 - ATT,RXBAR - Protein Bar - Chocolate Sea Salt,Food,2.0,1,2.0,2.0
EB Public Library,EB Public Library x1380,Poland Springs Water,Water,1.5,1,1.5,1.5
GuttenPlans,GuttenPlans x1367,Nature's Bakery Fig Bar - Raspberry,Food,1.5,1,1.5,3.0
GuttenPlans,GuttenPlans x1367,Nature's Bakery Fig Bar - Blueberry,Food,1.5,1,1.5,3.0
Earle Asphalt,Earle Asphalt x1371,Hungry Buddha - Chocolate Chip,Food,2.0,1,2.0,2.0
GuttenPlans,GuttenPlans x1367,Monster Energy Original,Carbonated,3.0,1,3.0,3.0
GuttenPlans,GuttenPlans x1367,Chesters Fries Flaming hot,Food,1.5,1,1.5,1.5
GuttenPlans,GuttenPlans x1367,Monster Energy Original,Carbonated,3.0,1,3.0,3.0
Earle Asphalt,Earle Asphalt x1371,Fritos - Original,Food,1.5,1,1.5,1.5
EB Public Library,EB Public Library x1380,Coca Cola - Zero Sugar,Carbonated,2.0,1,2.0,2.0
EB Public Library,EB Public Library x1380,Coca Cola - Zero Sugar,Carbonated,2.0,1,2.0,2.0
EB Public Library,EB Public Library x1380,Kinder - Bueno - Crispy Creamy Chocolate,Food,2.0,1,2.0,2.0
EB Public Library,EB Public Library x1380,Pringles - Sour Cream & Onion,Food,4.0,1,4.0,4.0
GuttenPlans,GuttenPlans x1367,Monster Energy Original,Carbonated,3.0,1,3.0,3.0
Earle Asphalt,Earle Asphalt x1371,Robert Irvine's - Fit Crunch -  Chocolate Pea,Food,2.0,1,2.0,2.0
EB Public Library,EB Public Library x1380,CheezIt - White Cheddar,Food,1.5,1,1.5,1.5
EB Public Library,EB Public Library x1380,Poland Springs Water,Water,1.5,1,1.5,1.5
EB Public Library,EB Public Library x1380,Oreo Mini - Go Paks,,4.0,1,4.0,4.0
Brunswick Sq Mall,BSQ Mall x1366 - ATT,CheezIt - Original,Food,1.5,1,1.5,1.5
Brunswick Sq Mall,BSQ Mall x1366 - ATT,Coca Cola - Regular,Carbonated,2.0,1,2.0,2.0
Brunswick Sq Mall,BSQ Mall x1366 - ATT,Coca Cola - Regular,Carbonated,2.0,1,2.0,2.0
EB Public Library,EB Public Library x1380,Poland Springs Water,Water,1.5,1,1.5,1.5
Earle Asphalt,Earle Asphalt x1371,Nutter Butter Bites,Food,1.5,1,1.5,1.5
EB Public Library,EB Public Library x1380,Pringles - Cheddar Cheese,Food,3.0,1,3.0,3.0
GuttenPlans,GuttenPlans x1367,Nature's Bakery Fig Bar - Raspberry,Food,1.5,1,1.5,1.5
GuttenPlans,GuttenPlans x1367,Nature's Bakery Fig Bar - Blueberry,Food,1.5,1,1.5,1.5
EB Public Library,EB Public Library x1380,Bai Antioxidant - Tanzania Lemon Super Tea,Non Carbonated,2.75,1,2.75,2.75
EB Public Library,EB Public Library x1380,Simply Protein - Dark Chocolate Sea Salt,Food,2.0,1,2.0,2.0
Brunswick Sq Mall,BSQ Mall x1364 - Zales,Coca Cola - Zero Sugar,Carbonated,1.5,1,1.5,3.0
Brunswick Sq Mall,BSQ Mall x1364 - Zales,Poland Springs Water,Water,1.5,1,1.5,3.0
EB Public Library,EB Public Library x1380,Pringles - Cheddar Cheese,Food,3.0,1,3.0,3.0
GuttenPlans,GuttenPlans x1367,Popchips Potato - Barbeque,Food,1.5,1,1.5,1.5
GuttenPlans,GuttenPlans x1367,Sunkist Soda - Orange,Carbonated,1.5,1,1.5,1.5
GuttenPlans,GuttenPlans x1367,SunChips Multigrain - Salsa,Food,1.5,1,1.5,1.5
GuttenPlans,GuttenPlans x1367,SunChips Multigrain - Harvest Cheddar,Food,1.5,1,1.5,1.5
GuttenPlans,GuttenPlans x1367,SunChips Multigrain - Harvest Cheddar,Food,1.5,1,1.5,1.5
GuttenPlans,GuttenPlans x1367,SunChips Multigrain - French Onion,Food,1.5,1,1.5,1.5
GuttenPlans,GuttenPlans x1367,Doritos Famin Hot Nacho,Food,1.5,1,1.5,1.5
GuttenPlans,GuttenPlans x1367,Cheetos Baked - Flaming Hot,Food,1.5,1,1.5,1.5
GuttenPlans,GuttenPlans x1367,Coca Cola - Regular,Carbonated,1.5,1,1.5,1.5
EB Public Library,EB Public Library x1380,Robert Irvine's - Fit Crunch -  Chocolate Pea,Food,2.0,1,2.0,2.0
GuttenPlans,GuttenPlans x1367,Red Bull - Original,Carbonated,3.5,1,3.5,3.5
GuttenPlans,GuttenPlans x1367,Cheetos Flaming Hot Limon Crunchy,Food,1.5,1,1.5,1.5
EB Public Library,EB Public Library x1380,Poland Springs Water,Water,1.5,1,1.5,1.5
GuttenPlans,GuttenPlans x1367,Doritos Famin Hot Nacho,Food,1.5,1,1.5,1.5
EB Public Library,EB Public Library x1380,SunChips Multigrain - Harvest Cheddar,Food,1.5,1,1.5,1.5
EB Public Library,EB Public Library x1380,Poland Springs Water,Water,1.5,1,1.5,1.5
Earle Asphalt,Earle Asphalt x1371,Simply Protein - Lemon Coconut,Food,2.0,1,2.0,2.0
EB Public Library,EB Public Library x1380,Lenny & Larrys - Chocolate Chip,Food,2.5,1,2.5,2.5
EB Public Library,EB Public Library x1380,Lenny & Larrys - Chocolate Chip,Food,2.5,1,2.5,2.5
Brunswick Sq Mall,BSQ Mall x1366 - ATT,Newtons Fig Bar,Food,2.0,1,2.0,2.0
Brunswick Sq Mall,BSQ Mall x1364 - Zales,Snapple Diet Tea - Peach Tea,Non Carbonated,2.5,1,2.5,2.5
Brunswick Sq Mall,BSQ Mall x1364 - Zales,SunChips Multigrain - Original,Food,1.5,1,1.5,1.5
EB Public Library,EB Public Library x1380,Coca Cola - Zero Sugar,Carbonated,2.0,1,2.0,2.0
Brunswick Sq Mall,BSQ Mall x1366 - ATT,Poland Springs Water,Water,2.0,1,2.0,2.0
Brunswick Sq Mall,BSQ Mall x1366 - ATT,Keep Healthy - Chocolate Coconut,Food,2.0,1,2.0,2.0
Earle Asphalt,Earle Asphalt x1371,Robert Irvine's - Fit Crunch -  Chocolate Pea,Food,2.0,1,2.0,2.0
GuttenPlans,GuttenPlans x1367,Red Bull - Original,Carbonated,3.5,1,3.5,3.5
GuttenPlans,GuttenPlans x1367,Red Bull - Original,Carbonated,3.5,1,3.5,3.5
GuttenPlans,GuttenPlans x1367,Coca Cola - Regular,Carbonated,1.5,1,1.5,1.5
EB Public Library,EB Public Library x1380,BodyArmor LYTE  - Peach Mango,Water,2.75,1,2.75,7.25
EB Public Library,EB Public Library x1380,Starbucks Refresher - Real Coconut Water,Carbonated,3.0,1,3.0,7.25
EB Public Library,EB Public Library x1380,Miss Vickie's Potato Chip - Sea Salt Original,Food,1.5,1,1.5,7.25
GuttenPlans,GuttenPlans x1367,Monster Energy Original,Carbonated,3.0,1,3.0,3.0
GuttenPlans,GuttenPlans x1367,Sunkist Soda - Orange,Carbonated,1.5,1,1.5,1.5
GuttenPlans,GuttenPlans x1367,Popchips Potato - Barbeque,Food,1.5,1,1.5,1.5
EB Public Library,EB Public Library x1380,Pringles - Original,Food,3.0,1,3.0,3.0
Brunswick Sq Mall,BSQ Mall x1366 - ATT,Coca Cola - Regular,Carbonated,2.0,1,2.0,2.0
Brunswick Sq Mall,BSQ Mall x1366 - ATT,Poland Springs Water,Water,2.0,1,2.0,2.0
Brunswick Sq Mall,BSQ Mall x1364 - Zales,Kinder - Bueno - Crispy Creamy Chocolate,Food,2.0,1,2.0,2.0
GuttenPlans,GuttenPlans x1367,Popchips Potato - Barbeque,Food,1.5,1,1.5,1.5
GuttenPlans,GuttenPlans x1367,Coca Cola - Regular,Carbonated,1.5,1,1.5,1.5
GuttenPlans,GuttenPlans x1367,Coca Cola - Regular,Carbonated,1.5,1,1.5,1.5
GuttenPlans,GuttenPlans x1367,Snapple Tea - Lemon,Non Carbonated,2.5,1,2.5,2.5
GuttenPlans,GuttenPlans x1367,Doritos Famin Hot Nacho,Food,1.5,1,1.5,1.5
Earle Asphalt,Earle Asphalt x1371,Simply Protein - Lemon Coconut,Food,2.0,1,2.0,2.0
GuttenPlans,GuttenPlans x1367,Red Bull - Original,Carbonated,3.5,1,3.5,3.5
EB Public Library,EB Public Library x1380,Kinder - Bueno - Crispy Creamy Chocolate,Food,2.0,1,2.0,2.0
Earle Asphalt,Earle Asphalt x1371,Popchips Potato - Sour Cream & Onion,Food,1.5,1,1.5,1.5
GuttenPlans,GuttenPlans x1367,Sunkist Soda - Orange,Carbonated,1.5,1,1.5,1.5
Brunswick Sq Mall,BSQ Mall x1364 - Zales,Robert Irvine's - Fit Crunch -  Chocolate Pea,Food,2.0,1,2.0,2.0
Earle Asphalt,Earle Asphalt x1371,Fritos - Original,Food,1.5,1,1.5,1.5
EB Public Library,EB Public Library x1380,Simply Protein - Peanut Butter Chocolate,Food,2.0,1,2.0,2.0
EB Public Library,EB Public Library x1380,Starbucks Doubleshot Energy - Mocha,Non Carbonated,3.5,1,3.5,3.5
GuttenPlans,GuttenPlans x1367,Snapple Tea - Raspberry,Non Carbonated,2.5,1,2.5,2.5
GuttenPlans,GuttenPlans x1367,Cheetos Flaming Hot Limon Crunchy,Food,1.5,1,1.5,1.5
EB Public Library,EB Public Library x1380,Starbucks Doubleshot Energy - Mocha,Non Carbonated,3.5,1,3.5,3.5
Brunswick Sq Mall,BSQ Mall x1364 - Zales,Snapple Tea - Raspberry,Non Carbonated,2.5,1,2.5,2.5
GuttenPlans,GuttenPlans x1367,Coca Cola - Regular,Carbonated,1.5,1,1.5,1.5
GuttenPlans,GuttenPlans x1367,Sunkist Soda - Orange,Carbonated,1.5,1,1.5,1.5
EB Public Library,EB Public Library x1380,Pringles - Original,Food,3.0,1,3.0,3.0
EB Public Library,EB Public Library x1380,Pringles - Original,Food,3.0,2,6.0,6.0
Earle Asphalt,Earle Asphalt x1371,Fritos - Original,Food,1.5,1,1.5,1.5
EB Public Library,EB Public Library x1380,Pringles - Original,Food,3.0,1,3.0,3.0
GuttenPlans,GuttenPlans x1367,Coca Cola - Regular,Carbonated,1.5,1,1.5,1.5
GuttenPlans,GuttenPlans x1367,Doritos Famin Hot Nacho,Food,1.5,1,1.5,1.5
Brunswick Sq Mall,BSQ Mall x1364 - Zales,Poland Springs Water,Water,1.5,1,1.5,1.5
GuttenPlans,GuttenPlans x1367,Snapple Tea - Raspberry,Non Carbonated,2.5,1,2.5,2.5
GuttenPlans,GuttenPlans x1367,Monster Energy Original,Carbonated,3.0,1,3.0,3.0
GuttenPlans,GuttenPlans x1367,Popchips Potato - Barbeque,Food,1.5,1,1.5,1.5
GuttenPlans,GuttenPlans x1367,Monster Energy Original,Carbonated,3.0,1,3.0,3.0
GuttenPlans,GuttenPlans x1367,Mini Chips Ahoy,Food,1.5,1,1.5,1.5
GuttenPlans,GuttenPlans x1367,SunChips Multigrain - Salsa,Food,1.5,1,1.5,1.5
GuttenPlans,GuttenPlans x1367,SunChips Multigrain - Harvest Cheddar,Food,1.5,1,1.5,1.5
EB Public Library,EB Public Library x1380,Goldfish Baked - Cheddar,Food,1.25,1,1.25,1.25
EB Public Library,EB Public Library x1380,Lenny & Larrys - Chocolate Chip,Food,2.5,1,2.5,2.5
GuttenPlans,GuttenPlans x1367,Monster Energy Original,Carbonated,3.0,1,3.0,3.0
Brunswick Sq Mall,BSQ Mall x1366 - ATT,Poland Springs Water,Water,2.0,1,2.0,2.0
Brunswick Sq Mall,BSQ Mall x1364 - Zales,Poland Springs Water,Water,1.5,1,1.5,1.5
EB Public Library,EB Public Library x1380,Wonderful Pistachios - Variety,Food,2.0,1,2.0,2.0
EB Public Library,EB Public Library x1380,Coca Cola - Zero Sugar,Carbonated,2.0,1,2.0,2.0
Brunswick Sq Mall,BSQ Mall x1364 - Zales,Kinder - Bueno - Crispy Creamy Chocolate,Food,2.0,1,2.0,2.0
Brunswick Sq Mall,BSQ Mall x1364 - Zales,Kinder - Bueno - Crispy Creamy Chocolate,Food,2.0,1,2.0,2.0
Brunswick Sq Mall,BSQ Mall x1366 - ATT,Poland Springs Water,Water,2.0,1,2.0,2.0
EB Public Library,EB Public Library x1380,SunChips Multigrain - Original,Food,1.5,1,1.5,1.5
EB Public Library,EB Public Library x1380,Goldfish Baked - Cheddar,Food,1.25,1,1.25,1.25
Brunswick Sq Mall,BSQ Mall x1364 - Zales,Kinder - Bueno - Crispy Creamy Chocolate,Food,2.0,1,2.0,2.0
EB Public Library,EB Public Library x1380,Goldfish Baked - Cheddar,Food,1.25,1,1.25,1.25
EB Public Library,EB Public Library x1380,Starbucks Doubleshot Energy - Mocha,Non Carbonated,3.5,1,3.5,3.5
Brunswick Sq Mall,BSQ Mall x1366 - ATT,Coca Cola - Regular,Carbonated,2.0,1,2.0,2.0
EB Public Library,EB Public Library x1380,Coca Cola - Zero Sugar,Carbonated,2.0,1,2.0,2.0
Brunswick Sq Mall,BSQ Mall x1366 - ATT,Coca Cola - Regular,Carbonated,2.0,1,2.0,2.0
EB Public Library,EB Public Library x1380,Simply Protein - Dark Chocolate Sea Salt,Food,2.0,1,2.0,2.0
Brunswick Sq Mall,BSQ Mall x1366 - ATT,Goldfish Baked - Cheddar,Food,1.5,1,1.5,1.5
Brunswick Sq Mall,BSQ Mall x1366 - ATT,Goldfish Baked - Cheddar,Food,1.5,1,1.5,1.5
Brunswick Sq Mall,BSQ Mall x1366 - ATT,Snyder's of Hanover Pretzel Pieces - Honey Mu,Food,2.0,1,2.0,2.0
Brunswick Sq Mall,BSQ Mall x1364 - Zales,Snapple Tea - Raspberry,Non Carbonated,2.5,1,2.5,2.5
Brunswick Sq Mall,BSQ Mall x1364 - Zales,Robert Irvine's - Fit Crunch -  Chocolate Pea,Food,2.0,1,2.0,2.0
EB Public Library,EB Public Library x1380,Kinder - Bueno - Crispy Creamy Chocolate,Food,2.0,1,2.0,4.0
EB Public Library,EB Public Library x1380,Coca Cola - Zero Sugar,Carbonated,2.0,1,2.0,4.0
EB Public Library,EB Public Library x1380,SunChips Multigrain - Harvest Cheddar,Food,1.5,1,1.5,1.5
EB Public Library,EB Public Library x1380,Snyder's of Hanover Pretzel - Cheddar Cheese,Food,2.5,1,2.5,2.5
EB Public Library,EB Public Library x1380,Coca Cola - Zero Sugar,Carbonated,2.0,1,2.0,2.0
EB Public Library,EB Public Library x1380,Pringles - Cheddar Cheese,Food,3.0,1,3.0,3.0
EB Public Library,EB Public Library x1380,Goldfish Baked - Cheddar,Food,1.25,1,1.25,1.25
Brunswick Sq Mall,BSQ Mall x1366 - ATT,Goldfish Baked - Cheddar,Food,1.5,1,1.5,1.5
EB Public Library,EB Public Library x1380,Miss Vickie's Potato Chip - Sea Salt Original,Food,1.5,1,1.5,1.5
EB Public Library,EB Public Library x1380,Kinder - Bueno - Crispy Creamy Chocolate,Food,2.0,1,2.0,2.0
EB Public Library,EB Public Library x1380,Kinder - Bueno - Crispy Creamy Chocolate,Food,2.0,1,2.0,2.0
Brunswick Sq Mall,BSQ Mall x1366 - ATT,Coca Cola - Regular,Carbonated,2.0,1,2.0,2.0
GuttenPlans,GuttenPlans x1367,Nature's Bakery Fig Bar - Raspberry,Food,1.5,1,1.5,3.0
GuttenPlans,GuttenPlans x1367,Nature's Bakery Fig Bar - Blueberry,Food,1.5,1,1.5,3.0
Earle Asphalt,Earle Asphalt x1371,Simply Protein - Lemon Coconut,Food,2.0,1,2.0,2.0
EB Public Library,EB Public Library x1380,Starbucks Refresher - Real Coconut Water,Carbonated,3.0,1,3.0,3.0
Earle Asphalt,Earle Asphalt x1371,Newtons Fig Bar,Food,1.5,1,1.5,1.5
Brunswick Sq Mall,BSQ Mall x1366 - ATT,Coca Cola - Regular,Carbonated,2.0,1,2.0,2.0
Earle Asphalt,Earle Asphalt x1371,Popchips Potato - Barbeque,Food,1.5,1,1.5,1.5
EB Public Library,EB Public Library x1380,Miss Vickie's Potato Chip - Sea Salt Original,Food,1.5,1,1.5,1.5
EB Public Library,EB Public Library x1380,Miss Vickie's Potato Chip - Sea Salt Original,Food,1.5,1,1.5,1.5
EB Public Library,EB Public Library x1380,Starbucks Doubleshot Energy - Mocha,Non Carbonated,3.5,1,3.5,3.5
EB Public Library,EB Public Library x1380,Starbucks Doubleshot Energy - Mocha,Non Carbonated,3.5,1,3.5,3.5
EB Public Library,EB Public Library x1380,Miss Vickie's Potato Chip - Sea Salt Original,Food,1.5,1,1.5,1.5
EB Public Library,EB Public Library x1380,Kinder - Bueno - Crispy Creamy Chocolate,Food,2.0,1,2.0,2.0
EB Public Library,EB Public Library x1380,Starbucks Refresher - Real Coconut Water,Carbonated,3.0,1,3.0,3.0
EB Public Library,EB Public Library x1380,CheezIt - White Cheddar,Food,1.5,1,1.5,1.5
EB Public Library,EB Public Library x1380,SunChips Multigrain - Salsa,Food,1.5,1,1.5,1.5
EB Public Library,EB Public Library x1380,SunChips Multigrain - Salsa,Food,1.5,1,1.5,3.5
EB Public Library,EB Public Library x1380,Kinder - Bueno - Crispy Creamy Chocolate,Food,2.0,1,2.0,3.5
GuttenPlans,GuttenPlans x1367,Red Bull - Original,Carbonated,3.5,1,3.5,3.5
Brunswick Sq Mall,BSQ Mall x1364 - Zales,SunChips Multigrain - Salsa,Food,1.5,1,1.5,1.5
GuttenPlans,GuttenPlans x1367,Cheetos Flaming Hot Limon Crunchy,Food,1.5,1,1.5,1.5
Brunswick Sq Mall,BSQ Mall x1364 - Zales,SunChips Multigrain - Salsa,Food,1.5,1,1.5,1.5
Brunswick Sq Mall,BSQ Mall x1364 - Zales,SunChips Multigrain - Salsa,Food,1.5,1,1.5,1.5
Brunswick Sq Mall,BSQ Mall x1366 - ATT,Pop Corners - Sweet & Salty Kettle,Food,1.5,1,1.5,4.5
Brunswick Sq Mall,BSQ Mall x1366 - ATT,SunChips Multigrain - Salsa,Food,1.5,2,3.0,4.5
GuttenPlans,GuttenPlans x1367,Coca Cola - Regular,Carbonated,1.5,1,1.5,1.5
GuttenPlans,GuttenPlans x1367,Coca Cola - Regular,Carbonated,1.5,1,1.5,1.5
GuttenPlans,GuttenPlans x1367,Coca Cola - Regular,Carbonated,1.5,1,1.5,1.5
GuttenPlans,GuttenPlans x1367,Coca Cola - Regular,Carbonated,1.5,1,1.5,1.5
GuttenPlans,GuttenPlans x1367,Coca Cola - Regular,Carbonated,1.5,1,1.5,1.5
GuttenPlans,GuttenPlans x1367,Doritos Famin Hot Nacho,Food,1.5,1,1.5,1.5
GuttenPlans,GuttenPlans x1367,Mini Chips Ahoy,Food,1.5,1,1.5,1.5
EB Public Library,EB Public Library x1380,Miss Vickie's Potato Chip - Sea Salt Original,Food,1.5,1,1.5,1.5
EB Public Library,EB Public Library x1380,Goldfish Baked - Cheddar,Food,1.25,1,1.25,1.25
EB Public Library,EB Public Library x1380,CheezIt - Cheddar Sour Cream and Onion,Food,1.5,1,1.5,1.5
EB Public Library,EB Public Library x1380,Poland Springs Water,Water,1.5,1,1.5,1.5
EB Public Library,EB Public Library x1380,Poland Springs Water,Water,1.5,1,1.5,1.5
EB Public Library,EB Public Library x1380,Goldfish Baked - Cheddar,Food,1.25,1,1.25,1.25
GuttenPlans,GuttenPlans x1367,Sunkist Soda - Orange,Carbonated,1.5,1,1.5,1.5
GuttenPlans,GuttenPlans x1367,SunChips Multigrain - Salsa,Food,1.5,1,1.5,1.5
GuttenPlans,GuttenPlans x1367,Snapple Tea - Peach,Non Carbonated,2.5,1,2.5,5.5
GuttenPlans,GuttenPlans x1367,Nature's Bakery Fig Bar - Raspberry,Food,1.5,1,1.5,5.5
GuttenPlans,GuttenPlans x1367,Nature's Bakery Fig Bar - Blueberry,Food,1.5,1,1.5,5.5
GuttenPlans,GuttenPlans x1367,Red Bull - Original,Carbonated,3.5,1,3.5,3.5
GuttenPlans,GuttenPlans x1367,Mini Chips Ahoy,Food,1.5,1,1.5,1.5
GuttenPlans,GuttenPlans x1367,Coca Cola - Regular,Carbonated,1.5,2,3.0,3.0
EB Public Library,EB Public Library x1380,Coca Cola - Zero Sugar,Carbonated,2.0,1,2.0,2.0
EB Public Library,EB Public Library x1380,Simply Protein - Lemon Coconut,Food,2.0,1,2.0,4.0
EB Public Library,EB Public Library x1380,Coca Cola - Zero Sugar,Carbonated,2.0,1,2.0,4.0
EB Public Library,EB Public Library x1380,SunChips Multigrain - Harvest Cheddar,Food,1.5,1,1.5,1.5
Earle Asphalt,Earle Asphalt x1371,Popchips Potato - Sea Salt,Food,1.5,1,1.5,1.5
Earle Asphalt,Earle Asphalt x1371,Robert Irvine's - Fit Crunch -  Chocolate Pea,Food,2.0,1,2.0,2.0
GuttenPlans,GuttenPlans x1367,Mini Chips Ahoy,Food,1.5,1,1.5,3.0
GuttenPlans,GuttenPlans x1367,Pure Organic Fruit Bar - Raspberry Lemonade,Food,1.5,1,1.5,3.0
EB Public Library,EB Public Library x1380,CheezIt - Original,Food,1.5,1,1.5,1.5
EB Public Library,EB Public Library x1380,SunChips Multigrain - Salsa,Food,1.5,1,1.5,1.5
GuttenPlans,GuttenPlans x1367,Red Bull - Original,Carbonated,3.5,1,3.5,3.5
EB Public Library,EB Public Library x1380,SunChips Multigrain - Original,Food,1.5,1,1.5,1.5
EB Public Library,EB Public Library x1380,Miss Vickie's Potato Chip - Sea Salt Original,Food,1.5,1,1.5,1.5
EB Public Library,EB Public Library x1380,Coca Cola - Zero Sugar,Carbonated,2.0,1,2.0,2.0
EB Public Library,EB Public Library x1380,Mini Chips Ahoy,Food,4.0,1,4.0,4.0
EB Public Library,EB Public Library x1380,Pringles - Original,Food,3.0,1,3.0,3.0
Earle Asphalt,Earle Asphalt x1371,Fritos - Original,Food,1.5,1,1.5,1.5
EB Public Library,EB Public Library x1380,Mini Chips Ahoy,Food,4.0,1,4.0,4.0
EB Public Library,EB Public Library x1380,Mini Chips Ahoy,Food,4.0,1,4.0,4.0
EB Public Library,EB Public Library x1380,Poland Springs Water,Water,1.5,1,1.5,1.5
EB Public Library,EB Public Library x1380,SunChips Multigrain - Original,Food,1.5,1,1.5,1.5
EB Public Library,EB Public Library x1380,Starbucks Refresher - Real Coconut Water,Carbonated,3.0,1,3.0,3.0
GuttenPlans,GuttenPlans x1367,Monster Energy Original,Carbonated,3.0,1,3.0,3.0
EB Public Library,EB Public Library x1380,Pringles - Cheddar Cheese,Food,3.0,1,3.0,3.0
EB Public Library,EB Public Library x1380,Pringles - Cheddar Cheese,Food,3.0,1,3.0,3.0
EB Public Library,EB Public Library x1380,Ice Breakers Ice Cubes - PepperMint,Food,5.0,1,5.0,5.0
GuttenPlans,GuttenPlans x1367,Doritos Famin Hot Nacho,Food,1.5,1,1.5,1.5
EB Public Library,EB Public Library x1380,Coca Cola - Zero Sugar,Carbonated,2.0,1,2.0,2.0
EB Public Library,EB Public Library x1380,Ice Breakers Ice Cubes - PepperMint,Food,5.0,1,5.0,5.0
EB Public Library,EB Public Library x1380,Pringles - Original,Food,3.0,1,3.0,3.0
EB Public Library,EB Public Library x1380,Ice Breakers Ice Cubes - PepperMint,Food,5.0,1,5.0,5.0
EB Public Library,EB Public Library x1380,Ice Breakers Ice Cubes - PepperMint,Food,5.0,1,5.0,5.0
EB Public Library,EB Public Library x1380,Starbucks Refresher - Real Coconut Water,Carbonated,3.0,1,3.0,3.0
EB Public Library,EB Public Library x1380,Goldfish Baked - Cheddar,Food,1.25,1,1.25,1.25
EB Public Library,EB Public Library x1380,SunChips Multigrain - Harvest Cheddar,Food,1.5,1,1.5,1.5
GuttenPlans,GuttenPlans x1367,Mini Chips Ahoy,Food,1.5,1,1.5,1.5
GuttenPlans,GuttenPlans x1367,Snapple Tea - Raspberry,Non Carbonated,2.5,1,2.5,2.5
GuttenPlans,GuttenPlans x1367,Cheetos Flaming Hot Limon Crunchy,Food,1.5,1,1.5,1.5
GuttenPlans,GuttenPlans x1367,Monster Energy Original,Carbonated,3.0,1,3.0,3.0
GuttenPlans,GuttenPlans x1367,Funyuns - Flaming Hot,Food,1.5,1,1.5,1.5
GuttenPlans,GuttenPlans x1367,Red Bull - Original,Carbonated,3.5,1,3.5,3.5
GuttenPlans,GuttenPlans x1367,Sunkist Soda - Orange,Carbonated,1.5,1,1.5,1.5
GuttenPlans,GuttenPlans x1367,Red Bull - Original,Carbonated,3.5,1,3.5,3.5
Brunswick Sq Mall,BSQ Mall x1364 - Zales,SunChips Multigrain - Original,Food,1.5,1,1.5,5.0
Brunswick Sq Mall,BSQ Mall x1364 - Zales,Iberia Coconut Water,Non Carbonated,2.0,1,2.0,5.0
Brunswick Sq Mall,BSQ Mall x1364 - Zales,Pop Corners - Spicy Queso,Food,1.5,1,1.5,5.0
GuttenPlans,GuttenPlans x1367,Monster Energy Original,Carbonated,3.0,1,3.0,3.0
GuttenPlans,GuttenPlans x1367,SunChips Multigrain - French Onion,Food,1.5,1,1.5,1.5
GuttenPlans,GuttenPlans x1367,SunChips Multigrain - Harvest Cheddar,Food,1.5,1,1.5,1.5
EB Public Library,EB Public Library x1380,Coca Cola - Zero Sugar,Carbonated,2.0,1,2.0,2.0
GuttenPlans,GuttenPlans x1367,Doritos Famin Hot Nacho,Food,1.5,1,1.5,1.5
Brunswick Sq Mall,BSQ Mall x1364 - Zales,SunChips Multigrain - Salsa,Food,1.5,1,1.5,1.5
Brunswick Sq Mall,BSQ Mall x1364 - Zales,SunChips Multigrain - Salsa,Food,1.5,1,1.5,1.5
GuttenPlans,GuttenPlans x1367,Mini Chips Ahoy,Food,1.5,1,1.5,3.0
GuttenPlans,GuttenPlans x1367,Nature's Bakery Fig Bar - Raspberry,Food,1.5,1,1.5,3.0
EB Public Library,EB Public Library x1380,Keto Bar - Creamy Peanut Butter Chocolate,Food,2.0,1,2.0,2.0
GuttenPlans,GuttenPlans x1367,Monster Energy Original,Carbonated,3.0,1,3.0,3.0
GuttenPlans,GuttenPlans x1367,Cheetos Flaming Hot Limon Crunchy,Food,1.5,1,1.5,1.5
GuttenPlans,GuttenPlans x1367,Mini Chips Ahoy,Food,1.5,1,1.5,1.5
GuttenPlans,GuttenPlans x1367,Monster Energy Original,Carbonated,3.0,1,3.0,3.0
EB Public Library,EB Public Library x1380,Kinder - Bueno - Crispy Creamy Chocolate,Food,2.0,1,2.0,2.0
Earle Asphalt,Earle Asphalt x1371,Popchips Potato - Sea Salt,Food,1.5,1,1.5,1.5
EB Public Library,EB Public Library x1380,CheezIt - Cheddar Sour Cream and Onion,Food,1.5,1,1.5,1.5
EB Public Library,EB Public Library x1380,BodyArmor  LYTE - Blueberry Pomegranate,Non Carbonated,2.75,1,2.75,2.75
EB Public Library,EB Public Library x1380,BodyArmor  LYTE - Blueberry Pomegranate,Non Carbonated,2.75,1,2.75,2.75
EB Public Library,EB Public Library x1380,CheezIt - Cheddar Sour Cream and Onion,Food,1.5,1,1.5,1.5
EB Public Library,EB Public Library x1380,CheezIt - Cheddar Sour Cream and Onion,Food,1.5,1,1.5,1.5
EB Public Library,EB Public Library x1380,Starbucks Doubleshot Energy - Mocha,Non Carbonated,3.5,1,3.5,3.5
EB Public Library,EB Public Library x1380,Oreo Mini - Go Paks,,4.0,1,4.0,4.0
Brunswick Sq Mall,BSQ Mall x1366 - ATT,SunChips Multigrain - Salsa,Food,1.5,1,1.5,4.5
Brunswick Sq Mall,BSQ Mall x1366 - ATT,SunChips Multigrain - Harvest Cheddar,Food,1.5,2,3.0,4.5
Brunswick Sq Mall,BSQ Mall x1366 - ATT,Coca Cola - Regular,Carbonated,2.0,1,2.0,2.0
GuttenPlans,GuttenPlans x1367,Cheetos Baked - Flaming Hot,Food,1.5,1,1.5,1.5
EB Public Library,EB Public Library x1380,Kinder - Bueno - Crispy Creamy Chocolate,Food,2.0,1,2.0,2.0
GuttenPlans,GuttenPlans x1367,Sunkist Soda - Orange,Carbonated,1.5,1,1.5,1.5
GuttenPlans,GuttenPlans x1367,Coca Cola - Regular,Carbonated,1.5,1,1.5,1.5
GuttenPlans,GuttenPlans x1367,Nature's Bakery Fig Bar - Blueberry,Food,1.5,1,1.5,1.5
GuttenPlans,GuttenPlans x1367,SunChips Multigrain - Salsa,Food,1.5,1,1.5,1.5
GuttenPlans,GuttenPlans x1367,SunChips Multigrain - Salsa,Food,1.5,1,1.5,1.5
GuttenPlans,GuttenPlans x1367,SunChips Multigrain - Harvest Cheddar,Food,1.5,1,1.5,1.5
EB Public Library,EB Public Library x1380,SunChips Multigrain - Harvest Cheddar,Food,1.5,1,1.5,1.5
EB Public Library,EB Public Library x1380,Coca Cola - Zero Sugar,Carbonated,2.0,2,4.0,4.0
EB Public Library,EB Public Library x1380,Bai Antioxidant - Tanzania Lemon Super Tea,Non Carbonated,2.75,1,2.75,2.75
EB Public Library,EB Public Library x1380,Simply Protein - Lemon Coconut,Food,2.0,1,2.0,2.0
Earle Asphalt,Earle Asphalt x1371,Popchips Potato - Sea Salt,Food,1.5,1,1.5,1.5
Earle Asphalt,Earle Asphalt x1371,S. Pellegrino Essenza Mineral Water - Blood O,Carbonated,2.5,1,2.5,2.5
GuttenPlans,GuttenPlans x1367,Goldfish Baked - Cheddar,Food,1.5,1,1.5,1.5
Brunswick Sq Mall,BSQ Mall x1366 - ATT,Coca Cola - Regular,Carbonated,2.0,1,2.0,2.0
EB Public Library,EB Public Library x1380,Kinder - Bueno - Crispy Creamy Chocolate,Food,2.0,1,2.0,2.0
Brunswick Sq Mall,BSQ Mall x1364 - Zales,CheezIt - Original,Food,1.5,1,1.5,1.5
EB Public Library,EB Public Library x1380,CheezIt - Cheddar Sour Cream and Onion,Food,1.5,1,1.5,1.5
Brunswick Sq Mall,BSQ Mall x1364 - Zales,Iberia Coconut Water,Non Carbonated,2.0,1,2.0,2.0
GuttenPlans,GuttenPlans x1367,Sunkist Soda - Orange,Carbonated,1.5,1,1.5,1.5
EB Public Library,EB Public Library x1380,Wonderful Pistachios - Variety,Food,2.0,1,2.0,2.0
EB Public Library,EB Public Library x1380,CheezIt - Original,Food,1.5,1,1.5,1.5
GuttenPlans,GuttenPlans x1367,Cheetos Baked - Flaming Hot,Food,1.5,1,1.5,1.5
GuttenPlans,GuttenPlans x1367,Sunkist Soda - Orange,Carbonated,1.5,1,1.5,1.5
Brunswick Sq Mall,BSQ Mall x1364 - Zales,SunChips Multigrain - Salsa,Food,1.5,1,1.5,1.5
Brunswick Sq Mall,BSQ Mall x1366 - ATT,SunChips Multigrain - Salsa,Food,1.5,1,1.5,1.5
EB Public Library,EB Public Library x1380,Starbucks Doubleshot Energy - Mocha,Non Carbonated,3.5,1,3.5,3.5
EB Public Library,EB Public Library x1380,SunChips Multigrain - Original,Food,1.5,1,1.5,1.5
EB Public Library,EB Public Library x1380,CheezIt - Cheddar Sour Cream and Onion,Food,1.5,1,1.5,1.5
EB Public Library,EB Public Library x1380,SunChips Multigrain - Original,Food,1.5,1,1.5,1.5
GuttenPlans,GuttenPlans x1367,SunChips Multigrain - Salsa,Food,1.5,1,1.5,1.5
EB Public Library,EB Public Library x1380,Simply Protein - Lemon Coconut,Food,2.0,1,2.0,2.0
GuttenPlans,GuttenPlans x1367,Cheetos Flaming Hot Limon Crunchy,Food,1.5,1,1.5,1.5
GuttenPlans,GuttenPlans x1367,Nature's Bakery Fig Bar - Raspberry,Food,1.5,1,1.5,1.5
GuttenPlans,GuttenPlans x1367,Coca Cola - Regular,Carbonated,1.5,1,1.5,1.5
GuttenPlans,GuttenPlans x1367,Cheetos Flaming Hot Limon Crunchy,Food,1.5,1,1.5,1.5
GuttenPlans,GuttenPlans x1367,Cheetos Baked - Flaming Hot,Food,1.5,1,1.5,1.5
GuttenPlans,GuttenPlans x1367,Cheetos Baked - Flaming Hot,Food,1.5,1,1.5,1.5
GuttenPlans,GuttenPlans x1367,Pure Organic Fruit Bar - Strawberry Banana,Food,1.5,1,1.5,1.5
GuttenPlans,GuttenPlans x1367,Monster Energy Original,Carbonated,3.0,1,3.0,3.0
GuttenPlans,GuttenPlans x1367,Coca Cola - Regular,Carbonated,1.5,1,1.5,1.5
GuttenPlans,GuttenPlans x1367,Coca Cola - Regular,Carbonated,1.5,1,1.5,1.5
GuttenPlans,GuttenPlans x1367,Red Bull - Original,Carbonated,3.5,1,3.5,3.5
EB Public Library,EB Public Library x1380,SunChips Multigrain - Harvest Cheddar,Food,1.5,1,1.5,1.5
GuttenPlans,GuttenPlans x1367,Red Bull - Original,Carbonated,3.5,1,3.5,3.5
Earle Asphalt,Earle Asphalt x1371,Popchips Potato - Sea Salt,Food,1.5,1,1.5,1.5
Brunswick Sq Mall,BSQ Mall x1364 - Zales,Lindens - Chocolate Chippers,Food,2.0,1,2.0,2.0
GuttenPlans,GuttenPlans x1367,Sunkist Soda - Orange,Carbonated,1.5,1,1.5,1.5
Earle Asphalt,Earle Asphalt x1371,Popchips Potato - Barbeque,Food,1.5,1,1.5,1.5
GuttenPlans,GuttenPlans x1367,Monster Energy Original,Carbonated,3.0,1,3.0,3.0
Earle Asphalt,Earle Asphalt x1371,Fritos - Original,Food,1.5,1,1.5,1.5
EB Public Library,EB Public Library x1380,CheezIt - Original,Food,1.5,1,1.5,5.0
EB Public Library,EB Public Library x1380,Starbucks Doubleshot Energy - Mocha,Non Carbonated,3.5,1,3.5,5.0
GuttenPlans,GuttenPlans x1367,Nature's Bakery Fig Bar - Raspberry,Food,1.5,1,1.5,1.5
EB Public Library,EB Public Library x1380,Spindrift - Sparkling Water  Lime,Carbonated,1.5,1,1.5,1.5
EB Public Library,EB Public Library x1380,Starbucks Refresher - Real Coconut Water,Carbonated,3.0,1,3.0,3.0
GuttenPlans,GuttenPlans x1367,SunChips Multigrain - French Onion,Food,1.5,1,1.5,1.5
GuttenPlans,GuttenPlans x1367,Nature's Bakery Fig Bar - Raspberry,Food,1.5,1,1.5,1.5
GuttenPlans,GuttenPlans x1367,Nature's Bakery Fig Bar - Raspberry,Food,1.5,1,1.5,1.5
GuttenPlans,GuttenPlans x1367,Coca Cola - Regular,Carbonated,1.5,1,1.5,1.5
GuttenPlans,GuttenPlans x1367,Coca Cola - Regular,Carbonated,1.5,1,1.5,1.5
GuttenPlans,GuttenPlans x1367,Coca Cola - Regular,Carbonated,1.5,1,1.5,1.5
GuttenPlans,GuttenPlans x1367,Coca Cola - Regular,Carbonated,1.5,1,1.5,1.5
EB Public Library,EB Public Library x1380,CheezIt - White Cheddar,Food,1.5,1,1.5,1.5
EB Public Library,EB Public Library x1380,CheezIt - White Cheddar,Food,1.5,1,1.5,1.5
EB Public Library,EB Public Library x1380,SunChips Multigrain - Original,Food,1.5,1,1.5,1.5
EB Public Library,EB Public Library x1380,Poland Springs Water,Water,1.5,1,1.5,1.5
Brunswick Sq Mall,BSQ Mall x1366 - ATT,Kinder - Bueno - Crispy Creamy Chocolate,Food,2.0,1,2.0,2.0
EB Public Library,EB Public Library x1380,CheezIt - Cheddar Sour Cream and Onion,Food,1.5,1,1.5,1.5
EB Public Library,EB Public Library x1380,CheezIt - White Cheddar,Food,1.5,1,1.5,1.5
Brunswick Sq Mall,BSQ Mall x1366 - ATT,Coca Cola - Regular,Carbonated,2.0,1,2.0,2.0
Brunswick Sq Mall,BSQ Mall x1366 - ATT,Coca Cola - Regular,Carbonated,2.0,1,2.0,2.0
EB Public Library,EB Public Library x1380,CheezIt - Original,Food,1.5,1,1.5,1.5
Brunswick Sq Mall,BSQ Mall x1366 - ATT,Goldfish Baked - Cheddar,Food,1.5,1,1.5,1.5
Brunswick Sq Mall,BSQ Mall x1366 - ATT,Goldfish Baked - Cheddar,Food,1.5,1,1.5,1.5
Brunswick Sq Mall,BSQ Mall x1364 - Zales,Pop Corners - White Cheddar,Food,1.5,1,1.5,1.5
EB Public Library,EB Public Library x1380,Oreo Mini,Food,1.5,1,1.5,1.5
EB Public Library,EB Public Library x1380,SunChips Multigrain - Salsa,Food,1.5,1,1.5,1.5
EB Public Library,EB Public Library x1380,Starbucks Refresher - Real Coconut Water,Carbonated,3.0,1,3.0,3.0
EB Public Library,EB Public Library x1380,SunChips Multigrain - Salsa,Food,1.5,1,1.5,1.5
EB Public Library,EB Public Library x1380,SunChips Multigrain - Original,Food,1.5,1,1.5,1.5
EB Public Library,EB Public Library x1380,SunChips Multigrain - French Onion,Food,1.5,1,1.5,1.5
Brunswick Sq Mall,BSQ Mall x1366 - ATT,Coca Cola - Regular,Carbonated,2.0,1,2.0,2.0
Brunswick Sq Mall,BSQ Mall x1366 - ATT,CheezIt - Original,Food,1.5,1,1.5,1.5
Brunswick Sq Mall,BSQ Mall x1366 - ATT,Bai Antioxidant - Zambia Bingcherry,Non Carbonated,2.5,1,2.5,2.5
Brunswick Sq Mall,BSQ Mall x1366 - ATT,CheezIt - Original,Food,1.5,1,1.5,1.5
Brunswick Sq Mall,BSQ Mall x1366 - ATT,Pop Corners - Sweet & Salty Kettle,Food,1.5,1,1.5,1.5
Brunswick Sq Mall,BSQ Mall x1366 - ATT,Bai Antioxidant - Zambia Bingcherry,Non Carbonated,2.5,1,2.5,2.5
Brunswick Sq Mall,BSQ Mall x1366 - ATT,Kinder - Bueno - Crispy Creamy Chocolate,Food,2.0,1,2.0,2.0
Brunswick Sq Mall,BSQ Mall x1366 - ATT,Kinder - Bueno - Crispy Creamy Chocolate,Food,2.0,1,2.0,2.0
EB Public Library,EB Public Library x1380,Snyder's of Hanover Pretzel Pieces - Honey Mu,Food,2.5,1,2.5,2.5
Brunswick Sq Mall,BSQ Mall x1366 - ATT,Poland Springs Water,Water,2.0,1,2.0,2.0
EB Public Library,EB Public Library x1380,Starbucks Refresher - Real Coconut Water,Carbonated,3.0,1,3.0,3.0
Brunswick Sq Mall,BSQ Mall x1364 - Zales,Robert Irvine's - Fit Crunch -  Chocolate Pea,Food,2.0,1,2.0,2.0
Brunswick Sq Mall,BSQ Mall x1366 - ATT,Nature's Garden Trail Mix - Cranberry Healthy,Food,1.5,1,1.5,1.5
EB Public Library,EB Public Library x1380,Kinder - Bueno - Crispy Creamy Chocolate,Food,2.0,1,2.0,2.0
EB Public Library,EB Public Library x1380,Kinder - Bueno - Crispy Creamy Chocolate,Food,2.0,1,2.0,2.0
EB Public Library,EB Public Library x1380,Poland Springs Water,Water,1.5,1,1.5,1.5
GuttenPlans,GuttenPlans x1367,Snapple Tea - Lemon,Non Carbonated,2.5,1,2.5,2.5
Earle Asphalt,Earle Asphalt x1371,Simply Protein - Lemon Coconut,Food,2.0,1,2.0,2.0
GuttenPlans,GuttenPlans x1367,Monster Energy Original,Carbonated,3.0,1,3.0,3.0
GuttenPlans,GuttenPlans x1367,Funyuns - Flaming Hot,Food,1.5,1,1.5,1.5
GuttenPlans,GuttenPlans x1367,Nature's Bakery Fig Bar - Raspberry,Food,1.5,1,1.5,1.5
GuttenPlans,GuttenPlans x1367,SunChips Multigrain - Salsa,Food,1.5,1,1.5,1.5
GuttenPlans,GuttenPlans x1367,Coca Cola - Regular,Carbonated,1.5,1,1.5,1.5
Earle Asphalt,Earle Asphalt x1371,Popchips Potato - Sea Salt,Food,1.5,1,1.5,1.5
GuttenPlans,GuttenPlans x1367,Coca Cola - Regular,Carbonated,1.5,1,1.5,1.5
GuttenPlans,GuttenPlans x1367,Snapple Tea - Lemon,Non Carbonated,2.5,1,2.5,2.5
Brunswick Sq Mall,BSQ Mall x1364 - Zales,Robert Irvine's - Fit Crunch -  Chocolate Pea,Food,2.0,1,2.0,2.0
GuttenPlans,GuttenPlans x1367,Monster Energy Original,Carbonated,3.0,1,3.0,3.0
GuttenPlans,GuttenPlans x1367,Nature's Bakery Fig Bar - Blueberry,Food,1.5,1,1.5,1.5
Earle Asphalt,Earle Asphalt x1371,Ritz Bits Peanut Butter,Food,1.5,1,1.5,1.5
Earle Asphalt,Earle Asphalt x1371,Popchips Potato - Barbeque,Food,1.5,1,1.5,1.5
Earle Asphalt,Earle Asphalt x1371,Pop Corners - Sea Salt,Food,1.5,1,1.5,1.5
EB Public Library,EB Public Library x1380,CheezIt - White Cheddar,Food,1.5,1,1.5,1.5
GuttenPlans,GuttenPlans x1367,Nature's Bakery Fig Bar - Blueberry,Food,1.5,1,1.5,1.5
GuttenPlans,GuttenPlans x1367,Coca Cola - Regular,Carbonated,1.5,1,1.5,1.5
Brunswick Sq Mall,BSQ Mall x1366 - ATT,Canada Dry - Ginger Ale & Lemonde,,1.5,1,1.5,1.5
GuttenPlans,GuttenPlans x1367,Snapple Tea - Lemon,Non Carbonated,2.5,1,2.5,2.5
GuttenPlans,GuttenPlans x1367,Snapple Tea - Lemon,Non Carbonated,2.5,1,2.5,2.5
GuttenPlans,GuttenPlans x1367,Nature's Bakery Fig Bar - Blueberry,Food,1.5,1,1.5,1.5
GuttenPlans,GuttenPlans x1367,Coca Cola - Regular,Carbonated,1.5,1,1.5,1.5
GuttenPlans,GuttenPlans x1367,Sunkist Soda - Orange,Carbonated,1.5,1,1.5,1.5
EB Public Library,EB Public Library x1380,Goldfish Baked - Cheddar,Food,1.25,1,1.25,1.25
EB Public Library,EB Public Library x1380,Kinder - Bueno - Crispy Creamy Chocolate,Food,2.0,1,2.0,2.0
GuttenPlans,GuttenPlans x1367,Cheetos Baked - Flaming Hot,Food,1.5,1,1.5,1.5
GuttenPlans,GuttenPlans x1367,Sunkist Soda - Orange,Carbonated,1.5,1,1.5,1.5
GuttenPlans,GuttenPlans x1367,Coca Cola - Regular,Carbonated,1.5,1,1.5,1.5
GuttenPlans,GuttenPlans x1367,SunChips Multigrain - Original,Food,1.5,1,1.5,1.5
GuttenPlans,GuttenPlans x1367,Coca Cola - Regular,Carbonated,1.5,1,1.5,1.5
GuttenPlans,GuttenPlans x1367,Funyuns - Flaming Hot,Food,1.5,1,1.5,1.5
GuttenPlans,GuttenPlans x1367,Monster Energy Original,Carbonated,3.0,1,3.0,3.0
GuttenPlans,GuttenPlans x1367,Funyuns - Flaming Hot,Food,1.5,1,1.5,1.5
Brunswick Sq Mall,BSQ Mall x1366 - ATT,Poland Springs Water,Water,1.5,1,1.5,1.5
GuttenPlans,GuttenPlans x1367,Coca Cola - Regular,Carbonated,1.5,1,1.5,1.5
Earle Asphalt,Earle Asphalt x1371,Pop Corners - Spicy Queso,Food,1.5,1,1.5,1.5
EB Public Library,EB Public Library x1380,Mini Chips Ahoy,Food,4.0,1,4.0,4.0
EB Public Library,EB Public Library x1380,Pringles - Sour Cream & Onion,Food,3.0,1,3.0,3.0
EB Public Library,EB Public Library x1380,Starbucks Doubleshot Energy - Mocha,Non Carbonated,4.0,1,4.0,4.0
EB Public Library,EB Public Library x1380,Pringles - Cheddar Cheese,Food,3.0,1,3.0,3.0
EB Public Library,EB Public Library x1380,SunChips Multigrain - Salsa,Food,1.5,1,1.5,1.5
GuttenPlans,GuttenPlans x1367,Coca Cola - Regular,Carbonated,1.5,1,1.5,1.5
EB Public Library,EB Public Library x1380,Starbucks Doubleshot Energy - Mocha,Non Carbonated,4.0,1,4.0,4.0
GuttenPlans,GuttenPlans x1367,Cheetos Puffs,Food,1.5,1,1.5,1.5
GuttenPlans,GuttenPlans x1367,Sunkist Soda - Orange,Carbonated,1.5,1,1.5,1.5
GuttenPlans,GuttenPlans x1367,Cheetos Puffs,Food,1.5,1,1.5,1.5
EB Public Library,EB Public Library x1380,Mini Chips Ahoy,Food,4.0,1,4.0,4.0
EB Public Library,EB Public Library x1380,Simply Protein - Dark Chocolate Sea Salt,Food,2.0,1,2.0,2.0
GuttenPlans,GuttenPlans x1367,Takis FUGEO mini,Food,1.5,1,1.5,1.5
GuttenPlans,GuttenPlans x1367,Cheetos - Fleming Hot Crunchy,Food,1.5,1,1.5,1.5
EB Public Library,EB Public Library x1380,CheezIt - Original,Food,1.5,1,1.5,1.5
GuttenPlans,GuttenPlans x1367,Coca Cola - Regular,Carbonated,1.5,1,1.5,1.5
GuttenPlans,GuttenPlans x1367,Sunkist Soda - Orange,Carbonated,1.5,1,1.5,1.5
GuttenPlans,GuttenPlans x1367,Goldfish Baked - Cheddar,Food,1.5,1,1.5,1.5
GuttenPlans,GuttenPlans x1367,Funyuns - Flaming Hot,Food,1.5,1,1.5,1.5
GuttenPlans,GuttenPlans x1367,Funyuns - Flaming Hot,Food,1.5,1,1.5,1.5
GuttenPlans,GuttenPlans x1367,Snapple Tea - Lemon,Non Carbonated,2.5,1,2.5,6.0
GuttenPlans,GuttenPlans x1367,Red Bull - Original,Carbonated,3.5,1,3.5,6.0
EB Public Library,EB Public Library x1380,SunChips Multigrain - French Onion,Food,1.5,1,1.5,1.5
GuttenPlans,GuttenPlans x1367,Doritos Spicy Nacho,,1.5,1,1.5,1.5
GuttenPlans,GuttenPlans x1367,Snapple Tea - Peach,Non Carbonated,2.5,1,2.5,2.5
GuttenPlans,GuttenPlans x1367,Doritos Spicy Nacho,,1.5,1,1.5,1.5
GuttenPlans,GuttenPlans x1367,Doritos Spicy Nacho,,1.5,1,1.5,1.5
GuttenPlans,GuttenPlans x1367,Coca Cola - Regular,Carbonated,1.5,1,1.5,1.5
Earle Asphalt,Earle Asphalt x1371,Pop Corners - Spicy Queso,Food,1.5,1,1.5,1.5
Earle Asphalt,Earle Asphalt x1371,Pop Corners - Sea Salt,Food,1.5,1,1.5,1.5
Brunswick Sq Mall,BSQ Mall x1366 - ATT,Canada Dry - Ginger Ale & Lemonde,,1.5,1,1.5,1.5
GuttenPlans,GuttenPlans x1367,Snapple Tea - Lemon,Non Carbonated,2.5,1,2.5,2.5
GuttenPlans,GuttenPlans x1367,Snapple Tea - Lemon,Non Carbonated,2.5,1,2.5,2.5
GuttenPlans,GuttenPlans x1367,Red Bull - Original,Carbonated,3.5,1,3.5,3.5
GuttenPlans,GuttenPlans x1367,Coca Cola - Regular,Carbonated,1.5,1,1.5,1.5
Earle Asphalt,Earle Asphalt x1371,Snapple Diet Tea - Raspberry,Non Carbonated,2.5,1,2.5,2.5
GuttenPlans,GuttenPlans x1367,Coca Cola - Regular,Carbonated,1.5,1,1.5,1.5
GuttenPlans,GuttenPlans x1367,Red Bull - Original,Carbonated,3.5,1,3.5,3.5
Brunswick Sq Mall,BSQ Mall x1364 - Zales,Snapple Tea - Raspberry,Non Carbonated,2.5,1,2.5,2.5
Brunswick Sq Mall,BSQ Mall x1366 - ATT,Kinder - Bueno - Crispy Creamy Chocolate,Food,2.0,1,2.0,2.0
Earle Asphalt,Earle Asphalt x1371,Pop Corners - White Cheddar,Food,1.5,1,1.5,3.0
Earle Asphalt,Earle Asphalt x1371,CheezIt - White Cheddar,Food,1.5,1,1.5,3.0
EB Public Library,EB Public Library x1380,Coca Cola - Zero Sugar,Carbonated,2.0,1,2.0,2.0
EB Public Library,EB Public Library x1380,Coca Cola - Zero Sugar,Carbonated,2.0,1,2.0,2.0
Earle Asphalt,Earle Asphalt x1371,Doritos Spicy Nacho,,2.0,1,2.0,2.0
EB Public Library,EB Public Library x1380,Lenny & Larrys - Chocolate Chip,Food,2.5,1,2.5,2.5
GuttenPlans,GuttenPlans x1367,Coca Cola - Regular,Carbonated,1.5,1,1.5,1.5
GuttenPlans,GuttenPlans x1367,Sunkist Soda - Orange,Carbonated,1.5,1,1.5,1.5
GuttenPlans,GuttenPlans x1367,Coca Cola - Regular,Carbonated,1.5,1,1.5,1.5
EB Public Library,EB Public Library x1380,CheezIt - White Cheddar,Food,1.5,2,3.0,4.5
EB Public Library,EB Public Library x1380,Poland Springs Water,Water,1.5,1,1.5,4.5
EB Public Library,EB Public Library x1380,Starbucks Doubleshot Energy - Mocha,Non Carbonated,4.0,1,4.0,4.0
EB Public Library,EB Public Library x1380,Oreo Mini,Food,1.5,1,1.5,1.5
GuttenPlans,GuttenPlans x1367,Cheetos Cheddar Jalapeno,Food,1.5,1,1.5,1.5
GuttenPlans,GuttenPlans x1367,Nature's Bakery Fig Bar - Raspberry,Food,1.5,1,1.5,1.5
GuttenPlans,GuttenPlans x1367,Nature's Bakery Fig Bar - Raspberry,Food,1.5,1,1.5,1.5
GuttenPlans,GuttenPlans x1367,Coca Cola - Regular,Carbonated,1.5,1,1.5,1.5
GuttenPlans,GuttenPlans x1367,Funyuns - Flaming Hot,Food,1.5,1,1.5,1.5
GuttenPlans,GuttenPlans x1367,Monster Energy Original,Carbonated,3.0,1,3.0,3.0
GuttenPlans,GuttenPlans x1367,Funyuns - Flaming Hot,Food,1.5,1,1.5,1.5
GuttenPlans,GuttenPlans x1367,Funyuns - Flaming Hot,Food,1.5,1,1.5,1.5
GuttenPlans,GuttenPlans x1367,Snapple Tea - Raspberry,Non Carbonated,2.5,1,2.5,2.5
GuttenPlans,GuttenPlans x1367,Cheetos Cheddar Jalapeno,Food,1.5,1,1.5,1.5
GuttenPlans,GuttenPlans x1367,Lays - Classic,Food,1.5,1,1.5,1.5
GuttenPlans,GuttenPlans x1367,Coca Cola - Regular,Carbonated,1.5,1,1.5,1.5
GuttenPlans,GuttenPlans x1367,Sunkist Soda - Orange,Carbonated,1.5,1,1.5,1.5
GuttenPlans,GuttenPlans x1367,Sunkist Soda - Orange,Carbonated,1.5,1,1.5,1.5
GuttenPlans,GuttenPlans x1367,Cheetos Cheddar Jalapeno,Food,1.5,1,1.5,1.5
Earle Asphalt,Earle Asphalt x1371,Pop Corners - Sea Salt,Food,1.5,1,1.5,1.5
GuttenPlans,GuttenPlans x1367,Sunkist Soda - Orange,Carbonated,1.5,1,1.5,1.5
GuttenPlans,GuttenPlans x1367,Coca Cola - Regular,Carbonated,1.5,1,1.5,1.5
Earle Asphalt,Earle Asphalt x1371,Simply Protein - Lemon Coconut,Food,2.0,1,2.0,2.0
EB Public Library,EB Public Library x1380,Goldfish Baked - Cheddar,Food,1.25,1,1.25,1.25
Earle Asphalt,Earle Asphalt x1371,Pop Corners - Sea Salt,Food,1.5,1,1.5,1.5
Earle Asphalt,Earle Asphalt x1371,Lays - Classic,Food,2.5,1,2.5,2.5
GuttenPlans,GuttenPlans x1367,Red Bull - Original,Carbonated,3.5,1,3.5,3.5
Earle Asphalt,Earle Asphalt x1371,Pop Corners - White Cheddar,Food,1.5,1,1.5,3.0
Earle Asphalt,Earle Asphalt x1371,Takis FUGEO mini,Food,1.5,1,1.5,3.0
EB Public Library,EB Public Library x1380,CheezIt - Original,Food,1.5,1,1.5,1.5
EB Public Library,EB Public Library x1380,Bai Antioxidant - Tanzania Lemon Super Tea,Non Carbonated,2.75,1,2.75,2.75
EB Public Library,EB Public Library x1380,Pringles - Sour Cream & Onion,Food,3.0,1,3.0,3.0
EB Public Library,EB Public Library x1380,Coca Cola - Zero Sugar,Carbonated,2.0,1,2.0,2.0
EB Public Library,EB Public Library x1380,Oreo Mini,Food,1.5,1,1.5,1.5
EB Public Library,EB Public Library x1380,SunChips Multigrain - Salsa,Food,1.5,1,1.5,1.5
EB Public Library,EB Public Library x1380,Bai Antioxidant - Tanzania Lemon Super Tea,Non Carbonated,2.75,1,2.75,2.75
Earle Asphalt,Earle Asphalt x1371,Lays - Classic,Food,2.5,1,2.5,2.5
Earle Asphalt,Earle Asphalt x1371,Doritos Spicy Nacho,,2.0,1,2.0,2.0
GuttenPlans,GuttenPlans x1367,Monster Energy Original,Carbonated,3.0,1,3.0,3.0
EB Public Library,EB Public Library x1380,CheezIt - Double Cheese,Food,1.5,2,3.0,3.0
EB Public Library,EB Public Library x1380,Poland Springs Water,Water,1.5,1,1.5,1.5
Brunswick Sq Mall,BSQ Mall x1366 - ATT,Pop Corners - Sea Salt,Food,1.5,1,1.5,1.5
Brunswick Sq Mall,BSQ Mall x1366 - ATT,Pop Corners - Sea Salt,Food,1.5,1,1.5,1.5
GuttenPlans,GuttenPlans x1367,Coca Cola - Regular,Carbonated,1.5,1,1.5,1.5
GuttenPlans,GuttenPlans x1367,Takis FUGEO mini,Food,1.5,1,1.5,1.5
GuttenPlans,GuttenPlans x1367,Coca Cola - Regular,Carbonated,1.5,1,1.5,1.5
GuttenPlans,GuttenPlans x1367,Cheetos Cheddar Jalapeno,Food,1.5,1,1.5,1.5
GuttenPlans,GuttenPlans x1367,Snapple Tea - Raspberry,Non Carbonated,2.5,1,2.5,2.5
GuttenPlans,GuttenPlans x1367,Sunkist Soda - Orange,Carbonated,1.5,1,1.5,1.5
GuttenPlans,GuttenPlans x1367,Red Bull - Original,Carbonated,3.5,1,3.5,3.5
GuttenPlans,GuttenPlans x1367,Coca Cola - Regular,Carbonated,1.5,1,1.5,1.5
EB Public Library,EB Public Library x1380,Coca Cola - Zero Sugar,Carbonated,2.0,1,2.0,2.0
EB Public Library,EB Public Library x1380,SunChips Multigrain - Original,Food,1.5,1,1.5,1.5
EB Public Library,EB Public Library x1380,Poland Springs Water,Water,1.5,1,1.5,1.5
GuttenPlans,GuttenPlans x1367,Coca Cola - Regular,Carbonated,1.5,1,1.5,1.5
GuttenPlans,GuttenPlans x1367,Coca Cola - Regular,Carbonated,1.5,1,1.5,1.5
GuttenPlans,GuttenPlans x1367,Coca Cola - Regular,Carbonated,1.5,1,1.5,1.5
EB Public Library,EB Public Library x1380,SunChips Multigrain - Harvest Cheddar,Food,1.5,1,1.5,1.5
EB Public Library,EB Public Library x1380,Poland Springs Water,Water,1.5,1,1.5,1.5
EB Public Library,EB Public Library x1380,Lenny & Larrys - SnickerDoodle,Food,3.0,1,3.0,3.0
EB Public Library,EB Public Library x1380,Starbucks Doubleshot Energy - Mocha,Non Carbonated,4.0,1,4.0,4.0
Earle Asphalt,Earle Asphalt x1371,Fritos - Original,Food,2.5,1,2.5,2.5
GuttenPlans,GuttenPlans x1367,Red Bull - Original,Carbonated,3.5,1,3.5,3.5
GuttenPlans,GuttenPlans x1367,Coca Cola - Regular,Carbonated,1.5,1,1.5,1.5
GuttenPlans,GuttenPlans x1367,Monster Energy Original,Carbonated,3.0,1,3.0,3.0
GuttenPlans,GuttenPlans x1367,Monster Energy Original,Carbonated,3.0,1,3.0,3.0
GuttenPlans,GuttenPlans x1367,Coca Cola - Regular,Carbonated,1.5,1,1.5,1.5
Brunswick Sq Mall,BSQ Mall x1366 - ATT,Starbucks Doubleshot Energy - Coffee,,4.0,1,4.0,4.0
Brunswick Sq Mall,BSQ Mall x1364 - Zales,Mini Chips Ahoy,Food,1.5,1,1.5,1.5
GuttenPlans,GuttenPlans x1367,Snapple Tea - Raspberry,Non Carbonated,2.5,1,2.5,2.5
GuttenPlans,GuttenPlans x1367,Coca Cola - Regular,Carbonated,1.5,1,1.5,1.5
GuttenPlans,GuttenPlans x1367,Coca Cola - Regular,Carbonated,1.5,1,1.5,1.5
GuttenPlans,GuttenPlans x1367,Nature's Bakery Fig Bar - Blueberry,Food,1.5,1,1.5,1.5
GuttenPlans,GuttenPlans x1367,Funyuns - Flaming Hot,Food,1.5,1,1.5,1.5
GuttenPlans,GuttenPlans x1367,Sunkist Soda - Orange,Carbonated,1.5,1,1.5,1.5
GuttenPlans,GuttenPlans x1367,Funyuns - Flaming Hot,Food,1.5,1,1.5,1.5
GuttenPlans,GuttenPlans x1367,Coca Cola - Regular,Carbonated,1.5,1,1.5,1.5
GuttenPlans,GuttenPlans x1367,Snapple Tea - Raspberry,Non Carbonated,2.5,1,2.5,2.5
GuttenPlans,GuttenPlans x1367,Cheetos Cheddar Jalapeno,Food,1.5,1,1.5,1.5
Brunswick Sq Mall,BSQ Mall x1364 - Zales,SunChips Multigrain - Harvest Cheddar,Food,1.5,1,1.5,1.5
EB Public Library,EB Public Library x1380,Pringles - Cheddar Cheese,Food,3.0,1,3.0,3.0
Brunswick Sq Mall,BSQ Mall x1364 - Zales,SunChips Multigrain - Original,Food,1.5,1,1.5,1.5
Brunswick Sq Mall,BSQ Mall x1364 - Zales,Mini Chips Ahoy,Food,1.5,1,1.5,1.5
Brunswick Sq Mall,BSQ Mall x1364 - Zales,Poland Springs Water,Water,1.5,1,1.5,1.5
EB Public Library,EB Public Library x1380,Poland Springs Water,Water,1.5,1,1.5,1.5
EB Public Library,EB Public Library x1380,Poland Springs Water,Water,1.5,1,1.5,7.0
EB Public Library,EB Public Library x1380,Bai Antioxidant - Tanzania Lemon Super Tea,Non Carbonated,2.75,2,5.5,7.0
EB Public Library,EB Public Library x1380,Goldfish Baked - Cheddar,Food,1.25,1,1.25,1.25
Brunswick Sq Mall,BSQ Mall x1364 - Zales,Pop Corners - White Cheddar,Food,1.5,1,1.5,1.5
Brunswick Sq Mall,BSQ Mall x1366 - ATT,CheezIt - Cheddar Sour Cream and Onion,Food,1.5,1,1.5,3.5
Brunswick Sq Mall,BSQ Mall x1366 - ATT,Snyder's of Hanover Pretzel Pieces - Honey Mu,Food,2.0,1,2.0,3.5
Brunswick Sq Mall,BSQ Mall x1364 - Zales,Nature's Garden Trail Mix - Omega 3,Food,1.0,1,1.0,1.0
EB Public Library,EB Public Library x1380,Oreo Mini,Food,1.5,1,1.5,1.5
EB Public Library,EB Public Library x1380,Coca Cola - Zero Sugar,Carbonated,2.0,1,2.0,2.0
Brunswick Sq Mall,BSQ Mall x1366 - ATT,Snyder's of Hanover Pretzel Pieces - Honey Mu,Food,2.0,1,2.0,2.0
Brunswick Sq Mall,BSQ Mall x1366 - ATT,Wonderful Pistachios - Variety,Food,2.0,1,2.0,2.0
EB Public Library,EB Public Library x1380,SunChips Multigrain - Salsa,Food,1.5,1,1.5,3.0
EB Public Library,EB Public Library x1380,Oreo Mini,Food,1.5,1,1.5,3.0
EB Public Library,EB Public Library x1380,Poland Springs Water,Water,1.5,1,1.5,1.5
Brunswick Sq Mall,BSQ Mall x1364 - Zales,Mini Chips Ahoy,Food,1.5,1,1.5,1.5
EB Public Library,EB Public Library x1380,Goldfish Baked - Cheddar,Food,1.25,1,1.25,1.25
EB Public Library,EB Public Library x1380,Simply Protein - Dark Chocolate Sea Salt,Food,2.0,1,2.0,2.0
EB Public Library,EB Public Library x1380,SunChips Multigrain - Salsa,Food,1.5,1,1.5,1.5
Brunswick Sq Mall,BSQ Mall x1366 - ATT,Poland Springs Water,Water,1.5,1,1.5,1.5
EB Public Library,EB Public Library x1380,Goldfish Baked - Cheddar,Food,1.25,1,1.25,1.25
EB Public Library,EB Public Library x1380,Starbucks Refresher - Real Coconut Water,Carbonated,3.0,1,3.0,3.0
EB Public Library,EB Public Library x1380,Starbucks Doubleshot Energy - Mocha,Non Carbonated,4.0,1,4.0,4.0
EB Public Library,EB Public Library x1380,CheezIt - Original,Food,1.5,1,1.5,1.5
EB Public Library,EB Public Library x1380,Poland Springs Water,Water,1.5,1,1.5,1.5
GuttenPlans,GuttenPlans x1367,Red Bull - Original,Carbonated,3.5,1,3.5,3.5
GuttenPlans,GuttenPlans x1367,Sunkist Soda - Orange,Carbonated,1.5,1,1.5,1.5
Earle Asphalt,Earle Asphalt x1371,Lays - Classic,Food,2.5,1,2.5,2.5
EB Public Library,EB Public Library x1380,Coca Cola - Zero Sugar,Carbonated,2.0,1,2.0,2.0
Earle Asphalt,Earle Asphalt x1371,Pop Corners - White Cheddar,Food,1.5,1,1.5,1.5
Earle Asphalt,Earle Asphalt x1371,Hersheys Milk Chocolate,Food,2.0,1,2.0,2.0
EB Public Library,EB Public Library x1380,SunChips Multigrain - Salsa,Food,1.5,1,1.5,1.5
EB Public Library,EB Public Library x1380,Starbucks Refresher - Real Coconut Water,Carbonated,3.0,1,3.0,3.0
EB Public Library,EB Public Library x1380,SunChips Multigrain - Salsa,Food,1.5,1,1.5,1.5
Earle Asphalt,Earle Asphalt x1371,Robert Irvine's - Fit Crunch -  Chocolate Pea,Food,2.0,1,2.0,2.0
EB Public Library,EB Public Library x1380,SunChips Multigrain - Harvest Cheddar,Food,1.5,1,1.5,1.5
GuttenPlans,GuttenPlans x1367,Coca Cola - Regular,Carbonated,1.5,1,1.5,1.5
GuttenPlans,GuttenPlans x1367,Red Bull - Original,Carbonated,3.5,1,3.5,3.5
Earle Asphalt,Earle Asphalt x1371,Pop Corners - Sea Salt,Food,1.5,1,1.5,1.5
Earle Asphalt,Earle Asphalt x1371,Pop Corners - Sea Salt,Food,1.5,1,1.5,1.5
Brunswick Sq Mall,BSQ Mall x1366 - ATT,Keep Healthy - Sea Salt Brownie,Food,2.0,1,2.0,2.0
Earle Asphalt,Earle Asphalt x1371,Doritos Spicy Nacho,,2.0,1,2.0,2.0
GuttenPlans,GuttenPlans x1367,Monster Energy Original,Carbonated,3.0,1,3.0,3.0
GuttenPlans,GuttenPlans x1367,Cheetos Cheddar Jalapeno,Food,1.5,1,1.5,1.5
EB Public Library,EB Public Library x1380,CheezIt - White Cheddar,Food,1.5,1,1.5,1.5
EB Public Library,EB Public Library x1380,Starbucks Doubleshot Energy - Mocha,Non Carbonated,4.0,1,4.0,4.0
Earle Asphalt,Earle Asphalt x1371,Pop Corners - Spicy Queso,Food,1.5,1,1.5,1.5
GuttenPlans,GuttenPlans x1367,Red Bull - Original,Carbonated,3.5,1,3.5,3.5
Earle Asphalt,Earle Asphalt x1371,Hersheys Milk Chocolate,Food,2.0,1,2.0,2.0
EB Public Library,EB Public Library x1380,Spindrift - Sparkling Water  Lime,Carbonated,1.5,1,1.5,1.5
Brunswick Sq Mall,BSQ Mall x1366 - ATT,Snapple Tea - Raspberry,Non Carbonated,2.5,1,2.5,2.5
Earle Asphalt,Earle Asphalt x1371,Doritos Spicy Nacho,,2.0,1,2.0,2.0
GuttenPlans,GuttenPlans x1367,Coca Cola - Regular,Carbonated,1.5,1,1.5,1.5
EB Public Library,EB Public Library x1380,Bai Antioxidant - Tanzania Lemon Super Tea,Non Carbonated,2.75,1,2.75,2.75
GuttenPlans,GuttenPlans x1367,Coca Cola - Regular,Carbonated,1.5,1,1.5,1.5
GuttenPlans,GuttenPlans x1367,Sunkist Soda - Orange,Carbonated,1.5,1,1.5,1.5
EB Public Library,EB Public Library x1380,Pringles - Cheddar Cheese,Food,3.0,1,3.0,3.0
EB Public Library,EB Public Library x1380,SunChips Multigrain - Salsa,Food,1.5,1,1.5,3.0
EB Public Library,EB Public Library x1380,CheezIt - Original,Food,1.5,1,1.5,3.0
GuttenPlans,GuttenPlans x1367,Sunkist Soda - Orange,Carbonated,1.5,1,1.5,1.5
GuttenPlans,GuttenPlans x1367,Sunkist Soda - Orange,Carbonated,1.5,1,1.5,1.5
GuttenPlans,GuttenPlans x1367,Cheetos - Fleming Hot Crunchy,Food,1.5,1,1.5,1.5
EB Public Library,EB Public Library x1380,SunChips Multigrain - French Onion,Food,1.5,1,1.5,1.5
EB Public Library,EB Public Library x1380,Oreo Mini,Food,1.5,1,1.5,1.5
EB Public Library,EB Public Library x1380,Starbucks Doubleshot Energy - Mocha,Non Carbonated,4.0,1,4.0,4.0
EB Public Library,EB Public Library x1380,Goldfish Baked - Cheddar,Food,1.25,1,1.25,1.25
EB Public Library,EB Public Library x1380,CheezIt - Original,Food,1.5,1,1.5,1.5
EB Public Library,EB Public Library x1380,Oreo Mini,Food,1.5,1,1.5,1.5
EB Public Library,EB Public Library x1380,Pringles - Original,Food,3.0,1,3.0,3.0
GuttenPlans,GuttenPlans x1367,Sunkist Soda - Orange,Carbonated,1.5,1,1.5,1.5
GuttenPlans,GuttenPlans x1367,Coca Cola - Regular,Carbonated,1.5,1,1.5,1.5
GuttenPlans,GuttenPlans x1367,Coca Cola - Regular,Carbonated,1.5,1,1.5,1.5
GuttenPlans,GuttenPlans x1367,Cheetos Cheddar Jalapeno,Food,1.5,1,1.5,1.5
GuttenPlans,GuttenPlans x1367,Doritos Spicy Nacho,,1.5,1,1.5,1.5
GuttenPlans,GuttenPlans x1367,Sunkist Soda - Orange,Carbonated,1.5,1,1.5,1.5
GuttenPlans,GuttenPlans x1367,Red Bull - Original,Carbonated,3.5,1,3.5,3.5
GuttenPlans,GuttenPlans x1367,Coca Cola - Regular,Carbonated,1.5,1,1.5,1.5
GuttenPlans,GuttenPlans x1367,Red Bull - Original,Carbonated,3.5,1,3.5,3.5
EB Public Library,EB Public Library x1380,Coca Cola - Zero Sugar,Carbonated,2.0,1,2.0,4.5
EB Public Library,EB Public Library x1380,Goldfish Baked - Cheddar,Food,1.25,2,2.5,4.5
GuttenPlans,GuttenPlans x1367,Doritos Spicy Nacho,,1.5,1,1.5,1.5
EB Public Library,EB Public Library x1380,Coca Cola - Zero Sugar,Carbonated,2.0,1,2.0,2.0
EB Public Library,EB Public Library x1380,Poland Springs Water,Water,1.5,1,1.5,1.5
Earle Asphalt,Earle Asphalt x1371,Takis FUGEO mini,Food,1.5,1,1.5,1.5
EB Public Library,EB Public Library x1380,Oreo Mini - Go Paks,,4.0,1,4.0,4.0
EB Public Library,EB Public Library x1380,Oreo Mini - Go Paks,,4.0,1,4.0,4.0
EB Public Library,EB Public Library x1380,Pringles - Original,Food,3.0,1,3.0,3.0
Brunswick Sq Mall,BSQ Mall x1364 - Zales,Nature's Garden Trail Mix - Heart Healthy Mix,Food,1.0,1,1.0,1.0
EB Public Library,EB Public Library x1380,Coca Cola - Zero Sugar,Carbonated,2.0,1,2.0,2.0
EB Public Library,EB Public Library x1380,Poland Springs Water,Water,1.5,1,1.5,1.5
Earle Asphalt,Earle Asphalt x1371,Pop Corners - Spicy Queso,Food,1.5,1,1.5,1.5
Earle Asphalt,Earle Asphalt x1371,Pop Corners - Sea Salt,Food,1.5,1,1.5,1.5
EB Public Library,EB Public Library x1380,Bai Antioxidant - Tanzania Lemon Super Tea,Non Carbonated,2.75,1,2.75,2.75
EB Public Library,EB Public Library x1380,RXBAR - Protein Bar - Chocolate Sea Salt,Food,2.0,1,2.0,2.0
Earle Asphalt,Earle Asphalt x1371,Pop Corners - Spicy Queso,Food,1.5,1,1.5,1.5
Earle Asphalt,Earle Asphalt x1371,Pop Corners - Sea Salt,Food,1.5,1,1.5,1.5
Brunswick Sq Mall,BSQ Mall x1364 - Zales,Kinder - Bueno - Crispy Creamy Chocolate,Food,2.0,1,2.0,2.0
Brunswick Sq Mall,BSQ Mall x1366 - ATT,SunChips Multigrain - French Onion,Food,1.5,1,1.5,1.5
EB Public Library,EB Public Library x1380,Poland Springs Water,Water,1.5,1,1.5,1.5
GuttenPlans,GuttenPlans x1367,Red Bull - Original,Carbonated,3.5,1,3.5,3.5
GuttenPlans,GuttenPlans x1367,Monster Energy Original,Carbonated,3.0,1,3.0,3.0
Earle Asphalt,Earle Asphalt x1371,Hersheys Milk Chocolate,Food,2.0,1,2.0,2.0
Earle Asphalt,Earle Asphalt x1371,Robert Irvine's - Fit Crunch -  Chocolate Pea,Food,2.0,1,2.0,2.0
GuttenPlans,GuttenPlans x1367,Coca Cola - Regular,Carbonated,1.5,1,1.5,1.5
EB Public Library,EB Public Library x1380,SunChips Multigrain - Harvest Cheddar,Food,1.5,1,1.5,1.5
Earle Asphalt,Earle Asphalt x1371,Hersheys Milk Chocolate,Food,2.0,1,2.0,2.0
EB Public Library,EB Public Library x1380,Orchard Bar - Variety,Food,2.0,1,2.0,2.0
Earle Asphalt,Earle Asphalt x1371,Pop Corners - Sea Salt,Food,1.5,1,1.5,1.5
EB Public Library,EB Public Library x1380,Lenny & Larrys - SnickerDoodle,Food,3.0,1,3.0,3.0
EB Public Library,EB Public Library x1380,Simply Protein - Peanut Butter Chocolate,Food,2.0,1,2.0,2.0
EB Public Library,EB Public Library x1380,Robert Irvine's - Fit Crunch -  Chocolate Pea,Food,2.0,1,2.0,2.0
Brunswick Sq Mall,BSQ Mall x1364 - Zales,Pop Corners - White Cheddar,Food,1.5,1,1.5,1.5
EB Public Library,EB Public Library x1380,CheezIt - Double Cheese,Food,1.5,1,1.5,1.5
GuttenPlans,GuttenPlans x1367,Sunkist Soda - Orange,Carbonated,1.5,1,1.5,1.5
GuttenPlans,GuttenPlans x1367,Lays - Classic,Food,1.5,1,1.5,1.5
GuttenPlans,GuttenPlans x1367,Coca Cola - Regular,Carbonated,1.5,1,1.5,1.5
GuttenPlans,GuttenPlans x1367,Sunkist Soda - Orange,Carbonated,1.5,1,1.5,1.5
GuttenPlans,GuttenPlans x1367,Sunkist Soda - Orange,Carbonated,1.5,1,1.5,1.5
GuttenPlans,GuttenPlans x1367,Goldfish Baked - Cheddar,Food,1.5,1,1.5,1.5
GuttenPlans,GuttenPlans x1367,Cheetos - Fleming Hot Crunchy,Food,1.5,1,1.5,1.5
GuttenPlans,GuttenPlans x1367,Doritos Spicy Nacho,,1.5,1,1.5,1.5
GuttenPlans,GuttenPlans x1367,Red Bull - Original,Carbonated,3.5,1,3.5,3.5
GuttenPlans,GuttenPlans x1367,Cheetos - Fleming Hot Crunchy,Food,1.5,1,1.5,1.5
GuttenPlans,GuttenPlans x1367,Coca Cola - Regular,Carbonated,1.5,1,1.5,1.5
EB Public Library,EB Public Library x1380,Poland Springs Water,Water,1.5,1,1.5,1.5
GuttenPlans,GuttenPlans x1367,Goldfish Baked - Cheddar,Food,1.5,1,1.5,1.5
EB Public Library,EB Public Library x1380,Orchard Bar - Variety,Food,2.0,1,2.0,4.0
EB Public Library,EB Public Library x1380,Wonderful Pistachios - Variety,Food,2.0,1,2.0,4.0
Earle Asphalt,Earle Asphalt x1371,Doritos Spicy Nacho,,2.0,1,2.0,2.0
Earle Asphalt,Earle Asphalt x1371,Lays - Classic,Food,2.5,1,2.5,2.5
EB Public Library,EB Public Library x1380,SunChips Multigrain - Original,Food,1.5,1,1.5,1.5
Brunswick Sq Mall,BSQ Mall x1364 - Zales,SunChips Multigrain - Original,Food,1.5,1,1.5,1.5
Earle Asphalt,Earle Asphalt x1371,Snapple Diet Tea - Raspberry,Non Carbonated,2.5,1,2.5,2.5
Earle Asphalt,Earle Asphalt x1371,Robert Irvine's - Fit Crunch -  Chocolate Pea,Food,2.0,1,2.0,2.0
GuttenPlans,GuttenPlans x1367,Snapple Tea - Lemon,Non Carbonated,2.5,1,2.5,2.5
Earle Asphalt,Earle Asphalt x1371,Pop Corners - Spicy Queso,Food,1.5,1,1.5,1.5
GuttenPlans,GuttenPlans x1367,Coca Cola - Regular,Carbonated,1.5,1,1.5,1.5
Earle Asphalt,Earle Asphalt x1371,Hersheys Milk Chocolate,Food,2.0,1,2.0,2.0
GuttenPlans,GuttenPlans x1367,Red Bull - Original,Carbonated,3.5,1,3.5,3.5
EB Public Library,EB Public Library x1380,Wonderful Pistachios - Variety,Food,2.0,1,2.0,2.0
Earle Asphalt,Earle Asphalt x1371,Pop Corners - Sea Salt,Food,1.5,1,1.5,1.5
EB Public Library,EB Public Library x1380,Pringles - Original,Food,3.0,1,3.0,3.0
GuttenPlans,GuttenPlans x1367,Coca Cola - Regular,Carbonated,1.5,1,1.5,1.5
GuttenPlans,GuttenPlans x1367,Coca Cola - Regular,Carbonated,1.5,1,1.5,1.5
GuttenPlans,GuttenPlans x1367,Coca Cola - Regular,Carbonated,1.5,1,1.5,1.5
EB Public Library,EB Public Library x1380,Oreo Mini - Go Paks,,4.0,1,4.0,4.0
EB Public Library,EB Public Library x1380,Oreo Mini - Go Paks,,4.0,2,8.0,8.0
GuttenPlans,GuttenPlans x1367,Snapple Tea - Peach,Non Carbonated,2.5,1,2.5,2.5
EB Public Library,EB Public Library x1380,CheezIt - Original,Food,1.5,1,1.5,4.5
EB Public Library,EB Public Library x1380,CheezIt - White Cheddar,Food,1.5,1,1.5,4.5
EB Public Library,EB Public Library x1380,CheezIt - Double Cheese,Food,1.5,1,1.5,4.5
EB Public Library,EB Public Library x1380,CheezIt - Double Cheese,Food,1.5,1,1.5,1.5
EB Public Library,EB Public Library x1380,Pringles - Cheddar Cheese,Food,3.0,1,3.0,3.0
EB Public Library,EB Public Library x1380,Oreo Mini - Go Paks,,4.0,1,4.0,4.0
EB Public Library,EB Public Library x1380,Starbucks Refresher - Real Coconut Water,Carbonated,3.0,1,3.0,3.0
Brunswick Sq Mall,BSQ Mall x1366 - ATT,Kinder - Bueno - Crispy Creamy Chocolate,Food,2.0,1,2.0,2.0
GuttenPlans,GuttenPlans x1367,Coca Cola - Regular,Carbonated,1.5,1,1.5,1.5
GuttenPlans,GuttenPlans x1367,Cheetos Flaming Hot Limon Crunchy,Food,1.5,1,1.5,1.5
GuttenPlans,GuttenPlans x1367,Lays - Classic,Food,1.5,1,1.5,1.5
EB Public Library,EB Public Library x1380,SunChips Multigrain - Harvest Cheddar,Food,1.5,1,1.5,3.0
EB Public Library,EB Public Library x1380,SunChips Multigrain - French Onion,Food,1.5,1,1.5,3.0
GuttenPlans,GuttenPlans x1367,Doritos Spicy Nacho,,1.5,1,1.5,1.5
GuttenPlans,GuttenPlans x1367,Cheetos - Fleming Hot Crunchy,Food,1.5,1,1.5,1.5
GuttenPlans,GuttenPlans x1367,Snapple Tea - Raspberry,Non Carbonated,2.5,1,2.5,2.5
GuttenPlans,GuttenPlans x1367,Cheetos - Fleming Hot Crunchy,Food,1.5,1,1.5,1.5
GuttenPlans,GuttenPlans x1367,Monster Energy Original,Carbonated,3.0,1,3.0,3.0
GuttenPlans,GuttenPlans x1367,Cheetos - Fleming Hot Crunchy,Food,1.5,1,1.5,1.5
GuttenPlans,GuttenPlans x1367,Cheetos Flaming Hot Limon Crunchy,Food,1.5,1,1.5,1.5
GuttenPlans,GuttenPlans x1367,Nature's Bakery Fig Bar - Raspberry,Food,1.5,1,1.5,1.5
GuttenPlans,GuttenPlans x1367,Snapple Tea - Raspberry,Non Carbonated,2.5,1,2.5,2.5
GuttenPlans,GuttenPlans x1367,Nature's Bakery Fig Bar - Raspberry,Food,1.5,1,1.5,1.5
GuttenPlans,GuttenPlans x1367,Takis FUGEO mini,Food,1.5,1,1.5,1.5
GuttenPlans,GuttenPlans x1367,CheezIt - Double Cheese,Food,1.5,1,1.5,1.5
Earle Asphalt,Earle Asphalt x1371,CheezIt - White Cheddar,Food,1.5,1,1.5,1.5
Earle Asphalt,Earle Asphalt x1371,Fritos - Original,Food,2.5,1,2.5,2.5
Earle Asphalt,Earle Asphalt x1371,Pop Corners - White Cheddar,Food,1.5,1,1.5,1.5
GuttenPlans,GuttenPlans x1367,Snapple Tea - Raspberry,Non Carbonated,2.5,1,2.5,2.5
GuttenPlans,GuttenPlans x1367,Snapple Tea - Raspberry,Non Carbonated,2.5,1,2.5,2.5
Earle Asphalt,Earle Asphalt x1371,Lays - Classic,Food,2.5,1,2.5,2.5
Earle Asphalt,Earle Asphalt x1371,Takis FUGEO mini,Food,1.5,1,1.5,1.5
Earle Asphalt,Earle Asphalt x1371,CheezIt - White Cheddar,Food,1.5,1,1.5,1.5
Brunswick Sq Mall,BSQ Mall x1364 - Zales,RXBAR - Protein Bar - Chocolate Sea Salt,Food,2.0,1,2.0,2.0
GuttenPlans,GuttenPlans x1367,Snapple Tea - Raspberry,Non Carbonated,2.5,1,2.5,4.0
GuttenPlans,GuttenPlans x1367,Nature's Bakery Fig Bar - Blueberry,Food,1.5,1,1.5,4.0
EB Public Library,EB Public Library x1380,CheezIt - Original,Food,1.5,1,1.5,1.5
GuttenPlans,GuttenPlans x1367,Red Bull - Original,Carbonated,3.5,1,3.5,3.5
EB Public Library,EB Public Library x1380,Simply Protein - Lemon Coconut,Food,2.0,1,2.0,2.0
GuttenPlans,GuttenPlans x1367,Red Bull - Original,Carbonated,3.5,1,3.5,3.5
GuttenPlans,GuttenPlans x1367,Snapple Tea - Peach,Non Carbonated,2.5,1,2.5,2.5
EB Public Library,EB Public Library x1380,Starbucks Doubleshot Energy - Mocha,Non Carbonated,4.0,1,4.0,4.0
EB Public Library,EB Public Library x1380,Lenny & Larrys - Chocolate Chip,Food,2.5,2,5.0,5.0
EB Public Library,EB Public Library x1380,Starbucks Doubleshot Energy - Mocha,Non Carbonated,4.0,1,4.0,4.0
EB Public Library,EB Public Library x1380,Lenny & Larrys - SnickerDoodle,Food,3.0,1,3.0,3.0
Brunswick Sq Mall,BSQ Mall x1364 - Zales,Mini Chips Ahoy,Food,1.5,1,1.5,1.5
Brunswick Sq Mall,BSQ Mall x1364 - Zales,Pop Corners - Spicy Queso,Food,1.5,1,1.5,1.5
Earle Asphalt,Earle Asphalt x1371,Doritos Spicy Nacho,,2.0,1,2.0,2.0
GuttenPlans,GuttenPlans x1367,Snapple Tea - Lemon,Non Carbonated,2.5,1,2.5,2.5
EB Public Library,EB Public Library x1380,Coca Cola - Zero Sugar,Carbonated,2.0,1,2.0,2.0
EB Public Library,EB Public Library x1380,CheezIt - Double Cheese,Food,1.5,1,1.5,1.5
Brunswick Sq Mall,BSQ Mall x1366 - ATT,Autumns Granola Bar - Cinnamon Almond,Food,2.0,1,2.0,2.0
Brunswick Sq Mall,BSQ Mall x1366 - ATT,Autumns Granola Bar - Cinnamon Almond,Food,2.0,1,2.0,2.0
GuttenPlans,GuttenPlans x1367,Nature's Bakery Fig Bar - Blueberry,Food,1.5,1,1.5,1.5
GuttenPlans,GuttenPlans x1367,Nature's Bakery Fig Bar - Raspberry,Food,1.5,1,1.5,1.5
Brunswick Sq Mall,BSQ Mall x1366 - ATT,Snapple Diet Tea - Lemon,Non Carbonated,2.5,1,2.5,2.5
Earle Asphalt,Earle Asphalt x1371,Snapple Diet Tea - Raspberry,Non Carbonated,2.5,1,2.5,2.5
Brunswick Sq Mall,BSQ Mall x1366 - ATT,Kinder - Bueno - Crispy Creamy Chocolate,Food,2.0,1,2.0,2.0
EB Public Library,EB Public Library x1380,Coca Cola - Zero Sugar,Carbonated,2.0,1,2.0,2.0
GuttenPlans,GuttenPlans x1367,Nature's Bakery Fig Bar - Raspberry,Food,1.5,1,1.5,1.5
GuttenPlans,GuttenPlans x1367,Lays - Classic,Food,1.5,1,1.5,1.5
GuttenPlans,GuttenPlans x1367,Cheetos Flaming Hot Limon Crunchy,Food,1.5,1,1.5,1.5
GuttenPlans,GuttenPlans x1367,Lays - Classic,Food,1.5,1,1.5,1.5
GuttenPlans,GuttenPlans x1367,Lays - Classic,Food,1.5,1,1.5,1.5
GuttenPlans,GuttenPlans x1367,Snapple Tea - Lemon,Non Carbonated,2.5,1,2.5,2.5
GuttenPlans,GuttenPlans x1367,Snapple Tea - Peach,Non Carbonated,2.5,1,2.5,2.5
GuttenPlans,GuttenPlans x1367,Lays - Classic,Food,1.5,1,1.5,1.5
EB Public Library,EB Public Library x1380,SunChips Multigrain - Harvest Cheddar,Food,1.5,1,1.5,1.5
EB Public Library,EB Public Library x1380,SunChips Multigrain - Original,Food,1.5,1,1.5,1.5
EB Public Library,EB Public Library x1380,Pringles - Cheddar Cheese,Food,3.0,1,3.0,3.0
EB Public Library,EB Public Library x1380,Lenny & Larrys - Chocolate Chip,Food,2.5,1,2.5,5.5
EB Public Library,EB Public Library x1380,Lenny & Larrys - SnickerDoodle,Food,3.0,1,3.0,5.5
EB Public Library,EB Public Library x1380,Wonderful Pistachios - Variety,Food,2.0,1,2.0,2.0
EB Public Library,EB Public Library x1380,Starbucks Doubleshot Energy - Mocha,Non Carbonated,4.0,1,4.0,4.0
EB Public Library,EB Public Library x1380,Wonderful Pistachios - Variety,Food,2.0,1,2.0,2.0
EB Public Library,EB Public Library x1380,Robert Irvine's - Fit Crunch -  Chocolate Pea,Food,2.0,1,2.0,4.75
EB Public Library,EB Public Library x1380,BodyArmor  LYTE - Blueberry Pomegranate,Non Carbonated,2.75,1,2.75,4.75
EB Public Library,EB Public Library x1380,Starbucks Refresher - Real Coconut Water,Carbonated,3.0,1,3.0,3.0
EB Public Library,EB Public Library x1380,Coca Cola - Zero Sugar,Carbonated,2.0,1,2.0,2.0
EB Public Library,EB Public Library x1380,Coca Cola - Zero Sugar,Carbonated,2.0,1,2.0,2.0
EB Public Library,EB Public Library x1380,SunChips Multigrain - Harvest Cheddar,Food,1.5,1,1.5,1.5
EB Public Library,EB Public Library x1380,Oreo Mini - Go Paks,,4.0,1,4.0,4.0
EB Public Library,EB Public Library x1380,Snyder's of Hanover Pretzel Pieces - Honey Mu,Food,2.5,1,2.5,2.5
EB Public Library,EB Public Library x1380,Wonderful Pistachios - Variety,Food,2.0,1,2.0,2.0
EB Public Library,EB Public Library x1380,Mini Chips Ahoy,Food,4.0,1,4.0,4.0
EB Public Library,EB Public Library x1380,Bai Antioxidant - Tanzania Lemon Super Tea,Non Carbonated,2.75,1,2.75,2.75
EB Public Library,EB Public Library x1380,SunChips Multigrain - Original,Food,1.5,1,1.5,1.5
EB Public Library,EB Public Library x1380,Simply Protein - Peanut Butter Chocolate,Food,2.0,1,2.0,2.0
EB Public Library,EB Public Library x1380,Lenny & Larrys - Chocolate Chip,Food,2.5,1,2.5,2.5
EB Public Library,EB Public Library x1380,Snyder's of Hanover Pretzel - Cheddar Cheese,Food,2.5,1,2.5,2.5
Earle Asphalt,Earle Asphalt x1371,Takis FUGEO mini,Food,1.5,1,1.5,1.5
Earle Asphalt,Earle Asphalt x1371,Takis FUGEO mini,Food,1.5,1,1.5,1.5
Earle Asphalt,Earle Asphalt x1371,Pop Corners - Sea Salt,Food,1.5,1,1.5,1.5
Earle Asphalt,Earle Asphalt x1371,Pop Corners - Sea Salt,Food,1.5,1,1.5,1.5
GuttenPlans,GuttenPlans x1367,Snapple Tea - Lemon,Non Carbonated,2.5,1,2.5,2.5
Earle Asphalt,Earle Asphalt x1371,Robert Irvine's - Fit Crunch -  Chocolate Pea,Food,2.0,1,2.0,2.0
Earle Asphalt,Earle Asphalt x1371,Wonderful Pistachios - Variety,Food,2.0,1,2.0,2.0
GuttenPlans,GuttenPlans x1367,Cheetos Flaming Hot Limon Crunchy,Food,1.5,1,1.5,1.5
EB Public Library,EB Public Library x1380,CheezIt - Go Paks,Food,4.0,1,4.0,4.0
GuttenPlans,GuttenPlans x1367,Snapple Tea - Peach,Non Carbonated,2.5,1,2.5,2.5
GuttenPlans,GuttenPlans x1367,Takis FUGEO mini,Food,1.5,1,1.5,1.5
EB Public Library,EB Public Library x1380,Coca Cola - Zero Sugar,Carbonated,2.0,1,2.0,2.0
GuttenPlans,GuttenPlans x1367,CheezIt - Double Cheese,Food,1.5,1,1.5,1.5
EB Public Library,EB Public Library x1380,Simply Protein - Peanut Butter Chocolate,Food,2.0,1,2.0,2.0
EB Public Library,EB Public Library x1380,Simply Protein - Dark Chocolate Sea Salt,Food,2.0,1,2.0,2.0
EB Public Library,EB Public Library x1380,Pringles - Sour Cream & Onion,Food,3.0,1,3.0,3.0
EB Public Library,EB Public Library x1380,Pringles - Original,Food,3.0,1,3.0,3.0
EB Public Library,EB Public Library x1380,SunChips Multigrain - Harvest Cheddar,Food,1.5,1,1.5,1.5
Earle Asphalt,Earle Asphalt x1371,Monster Energy  Zero Ultra,Carbonated,3.0,1,3.0,3.0
GuttenPlans,GuttenPlans x1367,Cheetos Puffs,Food,1.5,1,1.5,1.5
EB Public Library,EB Public Library x1380,SunChips Multigrain - French Onion,Food,1.5,1,1.5,1.5
Brunswick Sq Mall,BSQ Mall x1364 - Zales,RXBAR - Protein Bar - Chocolate Sea Salt,Food,2.0,1,2.0,2.0
EB Public Library,EB Public Library x1380,Wonderful Pistachios - Variety,Food,2.0,1,2.0,2.0
EB Public Library,EB Public Library x1380,Orchard Bar - Variety,Food,2.0,1,2.0,2.0
Earle Asphalt,Earle Asphalt x1371,Pop Corners - Sea Salt,Food,1.5,1,1.5,1.5
Earle Asphalt,Earle Asphalt x1371,Doritos Spicy Nacho,,2.0,1,2.0,2.0
Earle Asphalt,Earle Asphalt x1371,Pop Corners - White Cheddar,Food,1.5,1,1.5,1.5
Earle Asphalt,Earle Asphalt x1371,Takis FUGEO mini,Food,1.5,1,1.5,1.5
Earle Asphalt,Earle Asphalt x1371,Simply Protein - Lemon Coconut,Food,2.0,1,2.0,2.0
EB Public Library,EB Public Library x1380,SunChips Multigrain - Original,Food,1.5,1,1.5,1.5
Earle Asphalt,Earle Asphalt x1371,Simply Protein - Lemon Coconut,Food,2.0,1,2.0,2.0
Earle Asphalt,Earle Asphalt x1371,Pop Corners - White Cheddar,Food,1.5,1,1.5,1.5
GuttenPlans,GuttenPlans x1367,Monster Energy Original,Carbonated,3.0,1,3.0,3.0
GuttenPlans,GuttenPlans x1367,Nature's Bakery Fig Bar - Blueberry,Food,1.5,1,1.5,1.5
EB Public Library,EB Public Library x1380,Starbucks Refresher - Real Coconut Water,Carbonated,3.0,1,3.0,3.0
EB Public Library,EB Public Library x1380,Ice Breakers Ice Cubes - PepperMint,Food,5.0,1,5.0,5.0
EB Public Library,EB Public Library x1380,Starbucks Refresher - Real Coconut Water,Carbonated,3.0,1,3.0,3.0
EB Public Library,EB Public Library x1380,Simply Protein - Dark Chocolate Sea Salt,Food,2.0,1,2.0,2.0
EB Public Library,EB Public Library x1380,SunChips Multigrain - Original,Food,1.5,1,1.5,1.5
EB Public Library,EB Public Library x1380,Simply Protein - Lemon Coconut,Food,2.0,1,2.0,2.0
EB Public Library,EB Public Library x1380,Keto Bar - Creamy Peanut Butter Chocolate,Food,2.0,1,2.0,2.0
EB Public Library,EB Public Library x1380,CheezIt - Double Cheese,Food,1.5,1,1.5,1.5
EB Public Library,EB Public Library x1380,Bai Antioxidant - Tanzania Lemon Super Tea,Non Carbonated,2.75,1,2.75,2.75
EB Public Library,EB Public Library x1380,CheezIt - Double Cheese,Food,1.5,1,1.5,1.5
EB Public Library,EB Public Library x1380,CheezIt - White Cheddar,Food,1.5,1,1.5,1.5
EB Public Library,EB Public Library x1380,Wonderful Pistachios - Variety,Food,2.0,1,2.0,2.0
GuttenPlans,GuttenPlans x1367,Takis FUGEO mini,Food,1.5,1,1.5,1.5
EB Public Library,EB Public Library x1380,Starbucks Refresher - Real Coconut Water,Carbonated,3.0,1,3.0,5.0
EB Public Library,EB Public Library x1380,Wonderful Pistachios - Variety,Food,2.0,1,2.0,5.0
EB Public Library,EB Public Library x1380,SunChips Multigrain - Original,Food,1.5,1,1.5,1.5
EB Public Library,EB Public Library x1380,Mini Chips Ahoy,Food,4.0,1,4.0,4.0
EB Public Library,EB Public Library x1380,Snyder's of Hanover Pretzel - Cheddar Cheese,Food,2.5,1,2.5,2.5
GuttenPlans,GuttenPlans x1367,Snapple Tea - Raspberry,Non Carbonated,2.5,1,2.5,2.5
EB Public Library,EB Public Library x1380,Spindrift - Sparkling Water  Lime,Carbonated,1.5,1,1.5,3.5
EB Public Library,EB Public Library x1380,RXBAR - Protein Bar - Chocolate Sea Salt,Food,2.0,1,2.0,3.5
Earle Asphalt,Earle Asphalt x1371,Kinder - Bueno - Crispy Creamy Chocolate,Food,2.0,1,2.0,2.0
Earle Asphalt,Earle Asphalt x1371,Pop Corners - White Cheddar,Food,1.5,1,1.5,1.5
GuttenPlans,GuttenPlans x1367,Lays - Classic,Food,1.5,1,1.5,1.5
EB Public Library,EB Public Library x1380,RXBAR - Protein Bar - Chocolate Sea Salt,Food,2.0,1,2.0,3.5
EB Public Library,EB Public Library x1380,Spindrift - Sparkling Water  Lime,Carbonated,1.5,1,1.5,3.5
EB Public Library,EB Public Library x1380,Starbucks Refresher - Real Coconut Water,Carbonated,3.0,1,3.0,3.0
EB Public Library,EB Public Library x1380,Robert Irvine's - Fit Crunch -  Chocolate Pea,Food,2.0,1,2.0,2.0
EB Public Library,EB Public Library x1380,Iberia Coconut Water,Non Carbonated,2.0,1,2.0,2.0
Earle Asphalt,Earle Asphalt x1371,Pop Corners - Sea Salt,Food,1.5,1,1.5,1.5
EB Public Library,EB Public Library x1380,Robert Irvine's - Fit Crunch -  Chocolate Pea,Food,2.0,1,2.0,2.0
Earle Asphalt,Earle Asphalt x1371,Pop Corners - Kettle Corn,Food,1.5,1,1.5,1.5
Earle Asphalt,Earle Asphalt x1371,S. Pellegrino Essenza Mineral Water - Blood O,Carbonated,2.5,1,2.5,2.5
Brunswick Sq Mall,BSQ Mall x1366 - ATT,Poland Springs Water,Water,1.5,1,1.5,1.5
GuttenPlans,GuttenPlans x1367,Snapple Tea - Lemon,Non Carbonated,2.5,1,2.5,2.5
GuttenPlans,GuttenPlans x1367,Cheetos Puffs,Food,1.5,1,1.5,1.5
EB Public Library,EB Public Library x1380,Bai Antioxidant - Tanzania Lemon Super Tea,Non Carbonated,2.75,1,2.75,2.75
EB Public Library,EB Public Library x1380,CheezIt - Go Paks,Food,4.0,1,4.0,7.0
EB Public Library,EB Public Library x1380,Lenny & Larrys - SnickerDoodle,Food,3.0,1,3.0,7.0
Brunswick Sq Mall,BSQ Mall x1366 - ATT,Poland Springs Water,Water,1.5,1,1.5,1.5
Earle Asphalt,Earle Asphalt x1371,Pop Corners - Spicy Queso,Food,1.5,1,1.5,3.0
Earle Asphalt,Earle Asphalt x1371,Pop Corners - Kettle Corn,Food,1.5,1,1.5,3.0
EB Public Library,EB Public Library x1380,Snyder's of Hanover Pretzel - Cheddar Cheese,Food,2.5,1,2.5,2.5
Earle Asphalt,Earle Asphalt x1371,Pop Corners - Sea Salt,Food,1.5,1,1.5,1.5
Earle Asphalt,Earle Asphalt x1371,Snapple Diet Tea - Raspberry,Non Carbonated,2.5,1,2.5,2.5
Earle Asphalt,Earle Asphalt x1371,Coca Cola - Zero Sugar,Carbonated,1.5,1,1.5,1.5
GuttenPlans,GuttenPlans x1367,Red Bull - Original,Carbonated,3.5,1,3.5,3.5
Earle Asphalt,Earle Asphalt x1371,CheezIt - White Cheddar,Food,1.5,1,1.5,1.5
Earle Asphalt,Earle Asphalt x1371,CheezIt - White Cheddar,Food,1.5,1,1.5,1.5
EB Public Library,EB Public Library x1380,Pringles - Cheddar Cheese,Food,3.0,1,3.0,3.0
EB Public Library,EB Public Library x1380,CheezIt - Go Paks,Food,4.0,1,4.0,4.0
EB Public Library,EB Public Library x1380,Pringles - Sour Cream & Onion,Food,3.0,1,3.0,3.0
EB Public Library,EB Public Library x1380,Oreo Mini - Go Paks,,4.0,1,4.0,4.0
Brunswick Sq Mall,BSQ Mall x1366 - ATT,SunChips Multigrain - Salsa,Food,1.5,1,1.5,1.5
GuttenPlans,GuttenPlans x1367,Red Bull - Original,Carbonated,3.5,1,3.5,3.5
GuttenPlans,GuttenPlans x1367,Coca Cola - Regular,Carbonated,1.5,1,1.5,1.5
EB Public Library,EB Public Library x1380,Bai Antioxidant - Tanzania Lemon Super Tea,Non Carbonated,2.75,1,2.75,2.75
EB Public Library,EB Public Library x1380,SunChips Multigrain - French Onion,Food,1.5,1,1.5,1.5
EB Public Library,EB Public Library x1380,Ice Breakers Ice Cubes - PepperMint,Food,5.0,1,5.0,5.0
GuttenPlans,GuttenPlans x1367,Sunkist Soda - Orange,Carbonated,1.5,1,1.5,1.5
EB Public Library,EB Public Library x1380,RXBAR - Protein Bar - Chocolate Sea Salt,Food,2.0,1,2.0,3.5
EB Public Library,EB Public Library x1380,Spindrift - Sparkling Water  Lime,Carbonated,1.5,1,1.5,3.5
GuttenPlans,GuttenPlans x1367,Cheetos Puffs,Food,1.5,1,1.5,1.5
GuttenPlans,GuttenPlans x1367,Doritos Spicy Nacho,,1.5,1,1.5,1.5
GuttenPlans,GuttenPlans x1367,Lays - Classic,Food,1.5,1,1.5,1.5
GuttenPlans,GuttenPlans x1367,Red Bull - Original,Carbonated,3.5,1,3.5,3.5
GuttenPlans,GuttenPlans x1367,CheezIt - Double Cheese,Food,1.5,1,1.5,1.5
GuttenPlans,GuttenPlans x1367,Doritos Spicy Nacho,,1.5,1,1.5,1.5
GuttenPlans,GuttenPlans x1367,Doritos Spicy Nacho,,1.5,1,1.5,4.0
GuttenPlans,GuttenPlans x1367,Snapple Tea - Raspberry,Non Carbonated,2.5,1,2.5,4.0
GuttenPlans,GuttenPlans x1367,Doritos Spicy Nacho,,1.5,1,1.5,1.5
GuttenPlans,GuttenPlans x1367,Coca Cola - Regular,Carbonated,1.5,1,1.5,1.5
GuttenPlans,GuttenPlans x1367,Snapple Tea - Peach,Non Carbonated,2.5,1,2.5,4.0
GuttenPlans,GuttenPlans x1367,Pure Organic Fruit Bar - Strawberry Banana,Food,1.5,1,1.5,4.0
GuttenPlans,GuttenPlans x1367,Doritos Spicy Nacho,,1.5,1,1.5,1.5
GuttenPlans,GuttenPlans x1367,Doritos Spicy Nacho,,1.5,1,1.5,1.5
GuttenPlans,GuttenPlans x1367,Monster Energy Original,Carbonated,3.0,1,3.0,3.0
GuttenPlans,GuttenPlans x1367,Snapple Tea - Raspberry,Non Carbonated,2.5,1,2.5,2.5
GuttenPlans,GuttenPlans x1367,Coca Cola - Regular,Carbonated,1.5,1,1.5,1.5
EB Public Library,EB Public Library x1380,Orchard Bar - Variety,Food,2.0,1,2.0,2.0
Earle Asphalt,Earle Asphalt x1371,Pop Corners - Spicy Queso,Food,1.5,1,1.5,1.5
Earle Asphalt,Earle Asphalt x1371,Pop Corners - Kettle Corn,Food,1.5,1,1.5,1.5
Earle Asphalt,Earle Asphalt x1371,Hersheys Milk Chocolate,Food,2.0,1,2.0,2.0
EB Public Library,EB Public Library x1380,Starbucks Doubleshot Energy - Mocha,Non Carbonated,4.0,1,4.0,6.5
EB Public Library,EB Public Library x1380,Snyder's of Hanover Pretzel - Cheddar Cheese,Food,2.5,1,2.5,6.5
Earle Asphalt,Earle Asphalt x1371,Fritos - Original,Food,1.5,1,1.5,1.5
GuttenPlans,GuttenPlans x1367,Cheetos - Fleming Hot Crunchy,Food,1.5,1,1.5,1.5
GuttenPlans,GuttenPlans x1367,Cheetos Puffs,Food,1.5,1,1.5,1.5
EB Public Library,EB Public Library x1380,RXBAR - Protein Bar - Chocolate Sea Salt,Food,2.0,1,2.0,3.5
EB Public Library,EB Public Library x1380,Spindrift - Sparkling Water  Lime,Carbonated,1.5,1,1.5,3.5
GuttenPlans,GuttenPlans x1367,Cheetos Flaming Hot Limon Crunchy,Food,1.5,1,1.5,1.5
EB Public Library,EB Public Library x1380,SunChips Multigrain - Original,Food,1.5,1,1.5,3.0
EB Public Library,EB Public Library x1380,SunChips Multigrain - Harvest Cheddar,Food,1.5,1,1.5,3.0
EB Public Library,EB Public Library x1380,Poland Springs Water,Water,1.5,1,1.5,1.5
GuttenPlans,GuttenPlans x1367,Red Bull - Original,Carbonated,3.5,1,3.5,3.5
GuttenPlans,GuttenPlans x1367,Coca Cola - Regular,Carbonated,1.5,1,1.5,1.5
GuttenPlans,GuttenPlans x1367,Coca Cola - Regular,Carbonated,1.5,1,1.5,1.5
EB Public Library,EB Public Library x1380,Nature's Bakery Fig Bar - Blueberry,Food,1.5,1,1.5,1.5
EB Public Library,EB Public Library x1380,Oreo Mini,Food,4.0,1,4.0,4.0
EB Public Library,EB Public Library x1380,CheezIt - Original,Food,4.0,1,4.0,4.0
EB Public Library,EB Public Library x1380,Coca Cola - Zero Sugar,Carbonated,2.0,1,2.0,2.0
EB Public Library,EB Public Library x1380,Coca Cola - Zero Sugar,Carbonated,2.0,1,2.0,2.0
EB Public Library,EB Public Library x1380,Spindrift - Sparkling Water  Lime,Carbonated,1.5,1,1.5,3.0
EB Public Library,EB Public Library x1380,Nature's Bakery Fig Bar - Blueberry,Food,1.5,1,1.5,3.0
Brunswick Sq Mall,BSQ Mall x1366 - ATT,Poland Springs Water,Water,1.5,1,1.5,1.5
GuttenPlans,GuttenPlans x1367,Doritos Spicy Nacho,,1.5,1,1.5,1.5
GuttenPlans,GuttenPlans x1367,Cheetos Puffs,Food,1.5,1,1.5,1.5
GuttenPlans,GuttenPlans x1367,Coca Cola - Regular,Carbonated,1.5,1,1.5,1.5
Brunswick Sq Mall,BSQ Mall x1366 - ATT,CheezIt - Original,Food,1.5,1,1.5,1.5
Brunswick Sq Mall,BSQ Mall x1366 - ATT,Goldfish Baked - Cheddar,Food,1.5,1,1.5,1.5
Brunswick Sq Mall,BSQ Mall x1366 - ATT,Snapple Tea - Raspberry,Non Carbonated,2.5,1,2.5,2.5
Brunswick Sq Mall,BSQ Mall x1366 - ATT,SunChips Multigrain - French Onion,Food,1.5,1,1.5,1.5
GuttenPlans,GuttenPlans x1367,Coca Cola - Regular,Carbonated,1.5,1,1.5,1.5
GuttenPlans,GuttenPlans x1367,Sunkist Soda - Orange,Carbonated,1.5,1,1.5,1.5
GuttenPlans,GuttenPlans x1367,Cheetos Flaming Hot Limon Crunchy,Food,1.5,1,1.5,1.5
GuttenPlans,GuttenPlans x1367,Monster Energy Original,Carbonated,3.0,1,3.0,3.0
GuttenPlans,GuttenPlans x1367,Monster Energy Original,Carbonated,3.0,1,3.0,3.0
GuttenPlans,GuttenPlans x1367,Lays - Classic,Food,1.5,1,1.5,1.5
GuttenPlans,GuttenPlans x1367,Coca Cola - Regular,Carbonated,1.5,1,1.5,1.5
GuttenPlans,GuttenPlans x1367,Coca Cola - Regular,Carbonated,1.5,1,1.5,1.5
GuttenPlans,GuttenPlans x1367,Coca Cola - Regular,Carbonated,1.5,1,1.5,1.5
EB Public Library,EB Public Library x1380,Poland Springs Water,Water,1.5,1,1.5,1.5
EB Public Library,EB Public Library x1380,Poland Springs Water,Water,1.5,1,1.5,1.5
EB Public Library,EB Public Library x1380,Poland Springs Water,Water,1.5,1,1.5,1.5
Brunswick Sq Mall,BSQ Mall x1364 - Zales,Poland Springs Water,Water,1.5,1,1.5,1.5
Brunswick Sq Mall,BSQ Mall x1366 - ATT,Snyder's of Hanover Pretzel Pieces - Honey Mu,Food,2.0,1,2.0,2.0
Brunswick Sq Mall,BSQ Mall x1364 - Zales,Poland Springs Water,Water,1.5,1,1.5,1.5
EB Public Library,EB Public Library x1380,Poland Springs Water,Water,1.5,1,1.5,1.5
EB Public Library,EB Public Library x1380,Poland Springs Water,Water,1.5,1,1.5,1.5
GuttenPlans,GuttenPlans x1367,Monster Energy Original,Carbonated,3.0,1,3.0,3.0
Brunswick Sq Mall,BSQ Mall x1364 - Zales,Poland Springs Water,Water,1.5,1,1.5,1.5
EB Public Library,EB Public Library x1380,Miss Vickie's Potato Chip - Lime & Cracked Pe,Food,1.5,1,1.5,1.5
EB Public Library,EB Public Library x1380,Bai Antioxidant - Tanzania Lemon Super Tea,Non Carbonated,2.75,1,2.75,2.75
EB Public Library,EB Public Library x1380,Spindrift - Sparkling Water  Lime,Carbonated,1.5,1,1.5,1.5
EB Public Library,EB Public Library x1380,Miss Vickie's Potato Chip - Lime & Cracked Pe,Food,1.5,1,1.5,1.5
Brunswick Sq Mall,BSQ Mall x1366 - ATT,Coca Cola - Regular,Carbonated,2.0,1,2.0,2.0
Brunswick Sq Mall,BSQ Mall x1366 - ATT,Snapple Diet Tea - Lemon,Non Carbonated,2.5,2,5.0,5.0
Brunswick Sq Mall,BSQ Mall x1366 - ATT,SunChips Multigrain - French Onion,Food,1.5,1,1.5,5.5
Brunswick Sq Mall,BSQ Mall x1366 - ATT,Starbucks Doubleshot Energy - Coffee,,4.0,1,4.0,5.5
Brunswick Sq Mall,BSQ Mall x1366 - ATT,Coca Cola - Regular,Carbonated,2.0,1,2.0,2.0
Brunswick Sq Mall,BSQ Mall x1364 - Zales,Coca Cola - Zero Sugar,Carbonated,1.5,1,1.5,1.5
Brunswick Sq Mall,BSQ Mall x1364 - Zales,SunChips Multigrain - Original,Food,1.5,1,1.5,1.5
Brunswick Sq Mall,BSQ Mall x1364 - Zales,Poland Springs Water,Water,1.5,2,3.0,3.0
EB Public Library,EB Public Library x1380,SunChips Multigrain - Original,Food,1.5,1,1.5,1.5
EB Public Library,EB Public Library x1380,Oreo Mini - Go Paks,,4.0,1,4.0,4.0
EB Public Library,EB Public Library x1380,Oreo Mini,Food,4.0,1,4.0,4.0
Brunswick Sq Mall,BSQ Mall x1364 - Zales,Mini Chips Ahoy,Food,1.5,1,1.5,1.5
EB Public Library,EB Public Library x1380,SunChips Multigrain - Harvest Cheddar,Food,1.5,1,1.5,1.5
EB Public Library,EB Public Library x1380,BodyArmor LYTE  - Peach Mango,Water,2.75,1,2.75,2.75
EB Public Library,EB Public Library x1380,RXBAR - Protein Bar - Chocolate Sea Salt,Food,2.0,1,2.0,2.0
EB Public Library,EB Public Library x1380,Coca Cola - Zero Sugar,Carbonated,2.0,1,2.0,2.0
Brunswick Sq Mall,BSQ Mall x1364 - Zales,Poland Springs Water,Water,1.5,1,1.5,1.5
Brunswick Sq Mall,BSQ Mall x1366 - ATT,CheezIt - Cheddar Sour Cream and Onion,Food,1.5,1,1.5,1.5
Brunswick Sq Mall,BSQ Mall x1364 - Zales,Nature's Garden Trail Mix - Omega 3,Food,1.0,1,1.0,1.0
Brunswick Sq Mall,BSQ Mall x1364 - Zales,BodyArmor LYTE  - Peach Mango,Water,2.75,1,2.75,2.75
Brunswick Sq Mall,BSQ Mall x1366 - ATT,SunChips Multigrain - Harvest Cheddar,Food,1.5,1,1.5,1.5
EB Public Library,EB Public Library x1380,Poland Springs Water,Water,1.5,1,1.5,1.5
EB Public Library,EB Public Library x1380,Spindrift - Sparkling Water  Lime,Carbonated,1.5,1,1.5,1.5
EB Public Library,EB Public Library x1380,Lenny & Larrys - SnickerDoodle,Food,3.0,1,3.0,3.0
Brunswick Sq Mall,BSQ Mall x1366 - ATT,Snapple Tea - Raspberry,Non Carbonated,2.5,1,2.5,2.5
EB Public Library,EB Public Library x1380,CheezIt - Go Paks,Food,4.0,1,4.0,4.0
GuttenPlans,GuttenPlans x1367,Monster Energy Original,Carbonated,3.0,1,3.0,3.0
GuttenPlans,GuttenPlans x1367,Funyuns - Flaming Hot,Food,1.5,1,1.5,1.5
GuttenPlans,GuttenPlans x1367,Snapple Tea - Peach,Non Carbonated,2.5,1,2.5,2.5
GuttenPlans,GuttenPlans x1367,Red Bull - Original,Carbonated,3.5,1,3.5,3.5
EB Public Library,EB Public Library x1380,Coca Cola - Zero Sugar,Carbonated,2.0,1,2.0,2.0
GuttenPlans,GuttenPlans x1367,Red Bull - Original,Carbonated,3.5,1,3.5,3.5
GuttenPlans,GuttenPlans x1367,Funyuns - Flaming Hot,Food,1.5,1,1.5,1.5
EB Public Library,EB Public Library x1380,SunChips Multigrain - Original,Food,1.5,1,1.5,1.5
EB Public Library,EB Public Library x1380,Lenny & Larrys - Chocolate Chip,Food,2.5,1,2.5,2.5
EB Public Library,EB Public Library x1380,Bai Antioxidant - Tanzania Lemon Super Tea,Non Carbonated,2.75,1,2.75,2.75
EB Public Library,EB Public Library x1380,Wonderful Pistachios - Variety,Food,2.0,1,2.0,2.0
EB Public Library,EB Public Library x1380,Coca Cola - Zero Sugar,Carbonated,2.0,1,2.0,2.0
EB Public Library,EB Public Library x1380,Simply Protein - Lemon Coconut,Food,2.0,1,2.0,4.75
EB Public Library,EB Public Library x1380,Bai Antioxidant - Tanzania Lemon Super Tea,Non Carbonated,2.75,1,2.75,4.75
EB Public Library,EB Public Library x1380,Spindrift - Sparkling Water  Lime,Carbonated,1.5,2,3.0,3.0
Earle Asphalt,Earle Asphalt x1371,Snapple Diet Tea - Raspberry,Non Carbonated,2.5,1,2.5,2.5
GuttenPlans,GuttenPlans x1367,Red Bull - Original,Carbonated,3.5,1,3.5,3.5
EB Public Library,EB Public Library x1380,Miss Vickie's Potato Chip - Lime & Cracked Pe,Food,1.5,1,1.5,1.5
EB Public Library,EB Public Library x1380,Poland Springs Water,Water,1.5,1,1.5,1.5
EB Public Library,EB Public Library x1380,Miss Vickie's Potato Chip - Sea Salt & Vinega,Food,1.5,1,1.5,1.5
EB Public Library,EB Public Library x1380,Miss Vickie's Potato Chip - Sea Salt & Vinega,Food,1.5,1,1.5,1.5
EB Public Library,EB Public Library x1380,Miss Vickie's Potato Chip - Sea Salt & Vinega,Food,1.5,1,1.5,1.5
EB Public Library,EB Public Library x1380,BodyArmor LYTE  - Peach Mango,Water,2.75,1,2.75,2.75
EB Public Library,EB Public Library x1380,SunChips Multigrain - Harvest Cheddar,Food,1.5,1,1.5,1.5
EB Public Library,EB Public Library x1380,Miss Vickie's Potato Chip - Lime & Cracked Pe,Food,1.5,1,1.5,1.5
EB Public Library,EB Public Library x1380,SunChips Multigrain - Harvest Cheddar,Food,1.5,1,1.5,1.5
EB Public Library,EB Public Library x1380,Ritz Bits Cheese,Food,1.5,1,1.5,1.5
EB Public Library,EB Public Library x1380,Ritz Bits Cheese,Food,1.5,1,1.5,1.5
GuttenPlans,GuttenPlans x1367,Sunkist Soda - Orange,Carbonated,1.5,1,1.5,1.5
EB Public Library,EB Public Library x1380,Miss Vickie's Potato Chip - Lime & Cracked Pe,Food,1.5,1,1.5,1.5
EB Public Library,EB Public Library x1380,Spindrift - Sparkling Water  Lime,Carbonated,1.5,1,1.5,1.5
GuttenPlans,GuttenPlans x1367,Coca Cola - Regular,Carbonated,1.5,1,1.5,1.5
GuttenPlans,GuttenPlans x1367,Lays - Classic,Food,1.5,1,1.5,1.5
GuttenPlans,GuttenPlans x1367,Coca Cola - Regular,Carbonated,1.5,1,1.5,1.5
GuttenPlans,GuttenPlans x1367,Cheetos Puffs,Food,1.5,1,1.5,1.5
GuttenPlans,GuttenPlans x1367,Coca Cola - Regular,Carbonated,1.5,1,1.5,1.5
GuttenPlans,GuttenPlans x1367,Coca Cola - Regular,Carbonated,1.5,1,1.5,1.5
GuttenPlans,GuttenPlans x1367,Coca Cola - Regular,Carbonated,1.5,1,1.5,1.5
Earle Asphalt,Earle Asphalt x1371,Pop Corners - Sea Salt,Food,1.5,1,1.5,1.5
Earle Asphalt,Earle Asphalt x1371,Pop Corners - Sea Salt,Food,1.5,1,1.5,1.5
GuttenPlans,GuttenPlans x1367,Coca Cola - Regular,Carbonated,1.5,1,1.5,1.5
GuttenPlans,GuttenPlans x1367,Coca Cola - Regular,Carbonated,1.5,1,1.5,1.5
GuttenPlans,GuttenPlans x1367,Red Bull - Original,Carbonated,3.5,1,3.5,3.5
GuttenPlans,GuttenPlans x1367,Coca Cola - Regular,Carbonated,1.5,1,1.5,1.5
EB Public Library,EB Public Library x1380,Keto Bar - Creamy Peanut Butter Chocolate,Food,2.0,1,2.0,2.0
Brunswick Sq Mall,BSQ Mall x1364 - Zales,Robert Irvine's - Fit Crunch -  Chocolate Pea,Food,2.0,1,2.0,2.0
Brunswick Sq Mall,BSQ Mall x1364 - Zales,Keto Krisp - Almond Butter,Food,2.0,1,2.0,2.0
Earle Asphalt,Earle Asphalt x1371,Pop Corners - Sea Salt,Food,1.5,1,1.5,1.5
GuttenPlans,GuttenPlans x1367,Red Bull - Original,Carbonated,3.5,1,3.5,3.5
Earle Asphalt,Earle Asphalt x1371,Monster Energy  Zero Ultra,Carbonated,3.0,1,3.0,3.0
EB Public Library,EB Public Library x1380,Bai Antioxidant - Tanzania Lemon Super Tea,Non Carbonated,2.75,1,2.75,2.75
GuttenPlans,GuttenPlans x1367,Red Bull - Original,Carbonated,3.5,1,3.5,3.5
Brunswick Sq Mall,BSQ Mall x1366 - ATT,SunChips Multigrain - Salsa,Food,1.5,3,4.5,4.5
EB Public Library,EB Public Library x1380,Poland Springs Water,Water,1.5,1,1.5,1.5
EB Public Library,EB Public Library x1380,Mini Chips Ahoy,Food,4.0,1,4.0,4.0
EB Public Library,EB Public Library x1380,Starbucks Refresher - Real Coconut Water,Carbonated,3.0,1,3.0,3.0
EB Public Library,EB Public Library x1380,SunChips Multigrain - Original,Food,1.5,1,1.5,1.5
EB Public Library,EB Public Library x1380,Pringles - Original,Food,3.0,1,3.0,3.0
EB Public Library,EB Public Library x1380,SunChips Multigrain - Original,Food,1.5,1,1.5,1.5
EB Public Library,EB Public Library x1380,CheezIt - Original,Food,1.5,1,1.5,1.5
GuttenPlans,GuttenPlans x1367,Nature's Bakery Fig Bar - Raspberry,Food,1.5,1,1.5,1.5
Brunswick Sq Mall,BSQ Mall x1364 - Zales,Pop Corners - White Cheddar,Food,1.5,1,1.5,1.5
Brunswick Sq Mall,BSQ Mall x1364 - Zales,SunChips Multigrain - Original,Food,1.5,1,1.5,1.5
GuttenPlans,GuttenPlans x1367,Nature's Bakery Fig Bar - Raspberry,Food,1.5,1,1.5,1.5
GuttenPlans,GuttenPlans x1367,Nature's Bakery Fig Bar - Raspberry,Food,1.5,1,1.5,1.5
EB Public Library,EB Public Library x1380,Mini Chips Ahoy,Food,4.0,1,4.0,4.0
EB Public Library,EB Public Library x1380,RXBAR - Protein Bar - Chocolate Sea Salt,Food,2.0,1,2.0,2.0
GuttenPlans,GuttenPlans x1367,Red Bull - Original,Carbonated,3.5,1,3.5,3.5
GuttenPlans,GuttenPlans x1367,Coca Cola - Regular,Carbonated,1.5,1,1.5,1.5
GuttenPlans,GuttenPlans x1367,Coca Cola - Regular,Carbonated,1.5,1,1.5,1.5
GuttenPlans,GuttenPlans x1367,Cheetos Puffs,Food,1.5,1,1.5,1.5
GuttenPlans,GuttenPlans x1367,Snapple Tea - Raspberry,Non Carbonated,2.5,1,2.5,2.5
GuttenPlans,GuttenPlans x1367,Coca Cola - Regular,Carbonated,1.5,1,1.5,1.5
GuttenPlans,GuttenPlans x1367,Lays - Classic,Food,1.5,1,1.5,1.5
GuttenPlans,GuttenPlans x1367,Cheetos Puffs,Food,1.5,1,1.5,1.5
GuttenPlans,GuttenPlans x1367,Coca Cola - Regular,Carbonated,1.5,1,1.5,1.5
GuttenPlans,GuttenPlans x1367,Monster Energy Original,Carbonated,3.0,1,3.0,3.0
GuttenPlans,GuttenPlans x1367,Funyuns - Flaming Hot,Food,1.5,1,1.5,1.5
GuttenPlans,GuttenPlans x1367,Cheetos Flaming Hot Limon Crunchy,Food,1.5,1,1.5,1.5
GuttenPlans,GuttenPlans x1367,CheezIt - Double Cheese,Food,1.5,1,1.5,1.5
GuttenPlans,GuttenPlans x1367,Coca Cola - Regular,Carbonated,1.5,1,1.5,1.5
GuttenPlans,GuttenPlans x1367,Funyuns - Flaming Hot,Food,1.5,1,1.5,1.5
Earle Asphalt,Earle Asphalt x1371,Pop Corners - Kettle Corn,Food,1.5,1,1.5,1.5
GuttenPlans,GuttenPlans x1367,Coca Cola - Regular,Carbonated,1.5,1,1.5,1.5
Earle Asphalt,Earle Asphalt x1371,Fritos - Original,Food,1.5,1,1.5,1.5
GuttenPlans,GuttenPlans x1367,Coca Cola - Regular,Carbonated,1.5,1,1.5,1.5
EB Public Library,EB Public Library x1380,Poland Springs Water,Water,1.5,1,1.5,1.5
Brunswick Sq Mall,BSQ Mall x1366 - ATT,Snapple Diet Tea - Lemon,Non Carbonated,2.5,1,2.5,2.5
Earle Asphalt,Earle Asphalt x1371,Takis FUGEO mini,Food,1.5,1,1.5,1.5
GuttenPlans,GuttenPlans x1367,Coca Cola - Regular,Carbonated,1.5,1,1.5,1.5
EB Public Library,EB Public Library x1380,Pringles - Original,Food,3.0,1,3.0,3.0
GuttenPlans,GuttenPlans x1367,Coca Cola - Regular,Carbonated,1.5,1,1.5,1.5
GuttenPlans,GuttenPlans x1367,Sunkist Soda - Orange,Carbonated,1.5,1,1.5,1.5
GuttenPlans,GuttenPlans x1367,Sunkist Soda - Orange,Carbonated,1.5,1,1.5,1.5
GuttenPlans,GuttenPlans x1367,Nature's Bakery Fig Bar - Raspberry,Food,1.5,1,1.5,1.5
GuttenPlans,GuttenPlans x1367,Nature's Bakery Fig Bar - Raspberry,Food,1.5,1,1.5,1.5
Brunswick Sq Mall,BSQ Mall x1366 - ATT,Newtons Fig Bar,Food,2.0,1,2.0,2.0
EB Public Library,EB Public Library x1380,Starbucks Refresher - Real Coconut Water,Carbonated,3.0,1,3.0,3.0
EB Public Library,EB Public Library x1380,Simply Protein - Dark Chocolate Sea Salt,Food,2.0,1,2.0,2.0
EB Public Library,EB Public Library x1380,Oreo Mini - Go Paks,,4.0,1,4.0,4.0
EB Public Library,EB Public Library x1380,Starbucks Refresher - Real Coconut Water,Carbonated,3.0,1,3.0,3.0
EB Public Library,EB Public Library x1380,SunChips Multigrain - Salsa,Food,1.5,1,1.5,1.5
GuttenPlans,GuttenPlans x1367,Sunkist Soda - Orange,Carbonated,1.5,1,1.5,1.5
GuttenPlans,GuttenPlans x1367,Cheetos Puffs,Food,1.5,1,1.5,1.5
Brunswick Sq Mall,BSQ Mall x1364 - Zales,Monster Energy Original,Carbonated,3.0,1,3.0,3.0
Brunswick Sq Mall,BSQ Mall x1366 - ATT,Starbucks Doubleshot Energy - Coffee,,4.0,1,4.0,4.0
Brunswick Sq Mall,BSQ Mall x1364 - Zales,Monster Energy Original,Carbonated,3.0,1,3.0,3.0
GuttenPlans,GuttenPlans x1367,Monster Energy Original,Carbonated,3.0,1,3.0,3.0
GuttenPlans,GuttenPlans x1367,Monster Energy Original,Carbonated,3.0,1,3.0,3.0
GuttenPlans,GuttenPlans x1367,Monster Energy Original,Carbonated,3.0,1,3.0,3.0
Brunswick Sq Mall,BSQ Mall x1364 - Zales,Monster Energy Original,Carbonated,3.0,1,3.0,3.0
Brunswick Sq Mall,BSQ Mall x1364 - Zales,BodyArmor LYTE  - Peach Mango,Water,2.75,1,2.75,2.75
Brunswick Sq Mall,BSQ Mall x1364 - Zales,Snapple Tea - Raspberry,Non Carbonated,2.5,1,2.5,2.5
Brunswick Sq Mall,BSQ Mall x1366 - ATT,SunChips Multigrain - Salsa,Food,1.5,2,3.0,3.0
Brunswick Sq Mall,BSQ Mall x1366 - ATT,CheezIt - Original,Food,1.5,1,1.5,1.5
Brunswick Sq Mall,BSQ Mall x1366 - ATT,CheezIt - Original,Food,1.5,1,1.5,1.5
Brunswick Sq Mall,BSQ Mall x1366 - ATT,CheezIt - Original,Food,1.5,1,1.5,1.5
GuttenPlans,GuttenPlans x1367,Snapple Tea - Peach,Non Carbonated,2.5,1,2.5,2.5
Brunswick Sq Mall,BSQ Mall x1366 - ATT,CheezIt - Original,Food,1.5,1,1.5,1.5
Brunswick Sq Mall,BSQ Mall x1364 - Zales,Mini Chips Ahoy,Food,1.5,1,1.5,2.5
Brunswick Sq Mall,BSQ Mall x1364 - Zales,Nature's Garden Trail Mix - Omega 3,Food,1.0,1,1.0,2.5
Brunswick Sq Mall,BSQ Mall x1366 - ATT,Coca Cola - Regular,Carbonated,2.0,1,2.0,2.0
Brunswick Sq Mall,BSQ Mall x1366 - ATT,Coca Cola - Regular,Carbonated,2.0,1,2.0,2.0
Brunswick Sq Mall,BSQ Mall x1364 - Zales,Ritz Bits Peanut Butter,Food,1.5,1,1.5,1.5
Brunswick Sq Mall,BSQ Mall x1364 - Zales,BodyArmor LYTE  - Peach Mango,Water,2.75,1,2.75,2.75
Brunswick Sq Mall,BSQ Mall x1366 - ATT,Wonderful Pistachios - Variety,Food,2.0,1,2.0,2.0
Brunswick Sq Mall,BSQ Mall x1364 - Zales,Monster Energy Original,Carbonated,3.0,1,3.0,3.0
EB Public Library,EB Public Library x1380,Nutter Butter Bites,Food,1.5,1,1.5,1.5
Brunswick Sq Mall,BSQ Mall x1366 - ATT,Coca Cola - Regular,Carbonated,2.0,1,2.0,2.0
Brunswick Sq Mall,BSQ Mall x1366 - ATT,Coca Cola - Regular,Carbonated,2.0,1,2.0,2.0
Brunswick Sq Mall,BSQ Mall x1366 - ATT,Coca Cola - Regular,Carbonated,2.0,1,2.0,2.0
Brunswick Sq Mall,BSQ Mall x1364 - Zales,SunChips Multigrain - Harvest Cheddar,Food,1.5,1,1.5,1.5
Brunswick Sq Mall,BSQ Mall x1364 - Zales,SunChips Multigrain - Harvest Cheddar,Food,1.5,1,1.5,1.5
Brunswick Sq Mall,BSQ Mall x1366 - ATT,Coca Cola - Regular,Carbonated,2.0,1,2.0,2.0
EB Public Library,EB Public Library x1380,CheezIt - White Cheddar,Food,1.5,1,1.5,1.5
EB Public Library,EB Public Library x1380,Miss Vickie's Potato Chip - Lime & Cracked Pe,Food,1.5,1,1.5,1.5
Brunswick Sq Mall,BSQ Mall x1364 - Zales,Poland Springs Water,Water,1.5,1,1.5,1.5
EB Public Library,EB Public Library x1380,CheezIt - Original,Food,1.5,1,1.5,1.5
EB Public Library,EB Public Library x1380,SunChips Multigrain - Original,Food,1.5,1,1.5,1.5
EB Public Library,EB Public Library x1380,SunChips Multigrain - Harvest Cheddar,Food,1.5,1,1.5,1.5
Brunswick Sq Mall,BSQ Mall x1364 - Zales,Poland Springs Water,Water,1.5,1,1.5,1.5
Brunswick Sq Mall,BSQ Mall x1364 - Zales,Ritz Bits Peanut Butter,Food,1.5,1,1.5,1.5
Brunswick Sq Mall,BSQ Mall x1364 - Zales,Ritz Bits Peanut Butter,Food,1.5,1,1.5,1.5
GuttenPlans,GuttenPlans x1367,Sunkist Soda - Orange,Carbonated,1.5,1,1.5,1.5
GuttenPlans,GuttenPlans x1367,Sunkist Soda - Orange,Carbonated,1.5,1,1.5,1.5
GuttenPlans,GuttenPlans x1367,Monster Energy Original,Carbonated,3.0,1,3.0,3.0
GuttenPlans,GuttenPlans x1367,Red Bull - Original,Carbonated,3.5,1,3.5,3.5
GuttenPlans,GuttenPlans x1367,Monster Energy Original,Carbonated,3.0,1,3.0,3.0
GuttenPlans,GuttenPlans x1367,Cheetos Cheddar Jalapeno,Food,1.5,1,1.5,1.5
GuttenPlans,GuttenPlans x1367,Snapple Tea - Peach,Non Carbonated,2.5,1,2.5,2.5
Earle Asphalt,Earle Asphalt x1371,Coca Cola - Zero Sugar,Carbonated,1.5,1,1.5,1.5
Earle Asphalt,Earle Asphalt x1371,Lays - Classic,Food,1.5,1,1.5,1.5
Earle Asphalt,Earle Asphalt x1371,Pop Corners - Sea Salt,Food,1.5,1,1.5,1.5
Earle Asphalt,Earle Asphalt x1371,Pop Corners - Sea Salt,Food,1.5,1,1.5,1.5
EB Public Library,EB Public Library x1380,Robert Irvine's - Fit Crunch -  Chocolate Pea,Food,2.0,1,2.0,2.0
GuttenPlans,GuttenPlans x1367,Monster Energy Original,Carbonated,3.0,1,3.0,3.0
Earle Asphalt,Earle Asphalt x1371,S. Pellegrino Essenza Mineral Water - Blood O,Carbonated,2.5,1,2.5,2.5
Earle Asphalt,Earle Asphalt x1371,Robert Irvine's - Fit Crunch -  Chocolate Pea,Food,2.0,1,2.0,2.0
Earle Asphalt,Earle Asphalt x1371,Robert Irvine's - Fit Crunch -  Chocolate Pea,Food,2.0,1,2.0,2.0
Brunswick Sq Mall,BSQ Mall x1366 - ATT,CheezIt - Original,Food,1.5,1,1.5,1.5
GuttenPlans,GuttenPlans x1367,Sunkist Soda - Orange,Carbonated,1.5,1,1.5,1.5
GuttenPlans,GuttenPlans x1367,Sunkist Soda - Orange,Carbonated,1.5,1,1.5,1.5
GuttenPlans,GuttenPlans x1367,Funyuns - Flaming Hot,Food,1.5,1,1.5,1.5
GuttenPlans,GuttenPlans x1367,Lays - Classic,Food,1.5,1,1.5,1.5
EB Public Library,EB Public Library x1380,SunChips Multigrain - Original,Food,1.5,1,1.5,3.0
EB Public Library,EB Public Library x1380,SunChips Multigrain - Salsa,Food,1.5,1,1.5,3.0
Brunswick Sq Mall,BSQ Mall x1366 - ATT,Snapple Diet Tea - Lemon,Non Carbonated,2.5,2,5.0,5.0
Brunswick Sq Mall,BSQ Mall x1366 - ATT,Coca Cola - Regular,Carbonated,2.0,1,2.0,2.0
Brunswick Sq Mall,BSQ Mall x1364 - Zales,Monster Energy Original,Carbonated,3.0,1,3.0,3.0
GuttenPlans,GuttenPlans x1367,Cheetos - Fleming Hot Crunchy,Food,1.5,1,1.5,1.5
Brunswick Sq Mall,BSQ Mall x1364 - Zales,Coca Cola - Zero Sugar,Carbonated,1.5,1,1.5,1.5
GuttenPlans,GuttenPlans x1367,Sunkist Soda - Orange,Carbonated,1.5,1,1.5,1.5
GuttenPlans,GuttenPlans x1367,Monster Energy Original,Carbonated,3.0,1,3.0,3.0
GuttenPlans,GuttenPlans x1367,Hersheys Milk Chocolate,Food,2.5,1,2.5,2.5
GuttenPlans,GuttenPlans x1367,Takis FUGEO mini,Food,1.5,1,1.5,1.5
GuttenPlans,GuttenPlans x1367,Sunkist Soda - Orange,Carbonated,1.5,1,1.5,1.5
Earle Asphalt,Earle Asphalt x1371,Monster Energy  Zero Ultra,Carbonated,3.0,1,3.0,3.0
EB Public Library,EB Public Library x1380,Simply Protein - Peanut Butter Chocolate,Food,2.0,1,2.0,2.0
EB Public Library,EB Public Library x1380,Oreo Mini,Food,4.0,2,8.0,8.0
EB Public Library,EB Public Library x1380,Oreo Mini - Go Paks,,4.0,1,4.0,4.0
EB Public Library,EB Public Library x1380,Poland Springs Water,Water,1.5,1,1.5,1.5
EB Public Library,EB Public Library x1380,Mini Chips Ahoy,Food,4.0,1,4.0,4.0
EB Public Library,EB Public Library x1380,Poland Springs Water,Water,1.5,1,1.5,1.5
EB Public Library,EB Public Library x1380,Poland Springs Water,Water,1.5,1,1.5,1.5
GuttenPlans,GuttenPlans x1367,Lays - Classic,Food,1.5,1,1.5,1.5
GuttenPlans,GuttenPlans x1367,Lays - Classic,Food,1.5,1,1.5,1.5
Brunswick Sq Mall,BSQ Mall x1366 - ATT,Snapple Diet Tea - Lemon,Non Carbonated,2.5,1,2.5,4.5
Brunswick Sq Mall,BSQ Mall x1366 - ATT,Coca Cola - Regular,Carbonated,2.0,1,2.0,4.5
GuttenPlans,GuttenPlans x1367,Sunkist Soda - Orange,Carbonated,1.5,1,1.5,1.5
GuttenPlans,GuttenPlans x1367,Nature's Bakery Fig Bar - Raspberry,Food,1.5,1,1.5,1.5
GuttenPlans,GuttenPlans x1367,Coca Cola - Regular,Carbonated,1.5,1,1.5,1.5
GuttenPlans,GuttenPlans x1367,CheezIt - White Cheddar,Food,1.5,1,1.5,1.5
GuttenPlans,GuttenPlans x1367,Monster Energy Original,Carbonated,3.0,1,3.0,3.0
GuttenPlans,GuttenPlans x1367,Cheetos - Fleming Hot Crunchy,Food,1.5,1,1.5,1.5
GuttenPlans,GuttenPlans x1367,Nature's Bakery Fig Bar - Blueberry,Food,1.5,1,1.5,1.5
GuttenPlans,GuttenPlans x1367,Cheetos Baked - Flaming Hot,Food,1.5,1,1.5,1.5
Earle Asphalt,Earle Asphalt x1371,CheezIt - White Cheddar,Food,1.5,1,1.5,1.5
Earle Asphalt,Earle Asphalt x1371,Pop Corners - Kettle Corn,Food,1.5,1,1.5,1.5
Brunswick Sq Mall,BSQ Mall x1366 - ATT,Belvita Breakfast Biscuit Bites - Blueberry,Food,1.5,1,1.5,1.5
Brunswick Sq Mall,BSQ Mall x1366 - ATT,SunChips Multigrain - Salsa,Food,1.5,1,1.5,1.5
GuttenPlans,GuttenPlans x1367,Monster Energy Original,Carbonated,3.0,1,3.0,3.0
EB Public Library,EB Public Library x1380,SunChips Multigrain - Salsa,Food,1.5,1,1.5,1.5
EB Public Library,EB Public Library x1380,Simply Protein - Dark Chocolate Sea Salt,Food,2.0,1,2.0,2.0
Earle Asphalt,Earle Asphalt x1371,Robert Irvine's - Fit Crunch -  Chocolate Pea,Food,2.0,1,2.0,2.0
GuttenPlans,GuttenPlans x1367,Red Bull - Original,Carbonated,3.5,1,3.5,3.5
GuttenPlans,GuttenPlans x1367,Sunkist Soda - Orange,Carbonated,1.5,1,1.5,1.5
GuttenPlans,GuttenPlans x1367,Nature's Bakery Fig Bar - Raspberry,Food,1.5,1,1.5,1.5
GuttenPlans,GuttenPlans x1367,Sunkist Soda - Orange,Carbonated,1.5,1,1.5,1.5
GuttenPlans,GuttenPlans x1367,Sunkist Soda - Orange,Carbonated,1.5,1,1.5,1.5
Brunswick Sq Mall,BSQ Mall x1366 - ATT,Coca Cola - Regular,Carbonated,2.0,1,2.0,2.0
GuttenPlans,GuttenPlans x1367,Coca Cola - Regular,Carbonated,1.5,1,1.5,1.5
EB Public Library,EB Public Library x1380,Nutter Butter Bites,Food,1.5,1,1.5,1.5
EB Public Library,EB Public Library x1380,Poland Springs Water,Water,1.5,1,1.5,1.5
GuttenPlans,GuttenPlans x1367,Coca Cola - Regular,Carbonated,1.5,1,1.5,1.5
GuttenPlans,GuttenPlans x1367,Sunkist Soda - Orange,Carbonated,1.5,1,1.5,1.5
Brunswick Sq Mall,BSQ Mall x1366 - ATT,Robert Irvine's - Fit Crunch -  Chocolate Pea,Food,2.0,1,2.0,2.0
EB Public Library,EB Public Library x1380,Starbucks Refresher - Real Coconut Water,Carbonated,3.0,1,3.0,3.0
EB Public Library,EB Public Library x1380,SunChips Multigrain - Salsa,Food,1.5,1,1.5,1.5
GuttenPlans,GuttenPlans x1367,Coca Cola - Regular,Carbonated,1.5,1,1.5,1.5
GuttenPlans,GuttenPlans x1367,Nature's Bakery Fig Bar - Blueberry,Food,1.5,1,1.5,1.5
GuttenPlans,GuttenPlans x1367,Coca Cola - Regular,Carbonated,1.5,1,1.5,1.5
GuttenPlans,GuttenPlans x1367,Cheetos Cheddar Jalapeno,Food,1.5,1,1.5,1.5
GuttenPlans,GuttenPlans x1367,Lays - Classic,Food,1.5,1,1.5,1.5
GuttenPlans,GuttenPlans x1367,Lays - Classic,Food,1.5,1,1.5,1.5
GuttenPlans,GuttenPlans x1367,Red Bull - Original,Carbonated,3.5,1,3.5,3.5
GuttenPlans,GuttenPlans x1367,Takis FUGEO mini,Food,1.5,1,1.5,1.5
GuttenPlans,GuttenPlans x1367,Sunkist Soda - Orange,Carbonated,1.5,1,1.5,1.5
GuttenPlans,GuttenPlans x1367,Monster Energy Original,Carbonated,3.0,1,3.0,3.0
EB Public Library,EB Public Library x1380,Coca Cola - Zero Sugar,Carbonated,2.0,1,2.0,2.0
Earle Asphalt,Earle Asphalt x1371,Fritos - Original,Food,1.5,1,1.5,1.5
EB Public Library,EB Public Library x1380,Coca Cola - Zero Sugar,Carbonated,2.0,1,2.0,2.0
EB Public Library,EB Public Library x1380,Orchard Bar - Variety,Food,2.0,1,2.0,2.0
Earle Asphalt,Earle Asphalt x1371,Pop Corners - Spicy Queso,Food,1.5,1,1.5,1.5
Earle Asphalt,Earle Asphalt x1371,Monster Energy  Zero Ultra,Carbonated,3.0,1,3.0,3.0
Earle Asphalt,Earle Asphalt x1371,Pop Corners - Sea Salt,Food,1.5,1,1.5,1.5
Earle Asphalt,Earle Asphalt x1371,CheezIt - White Cheddar,Food,1.5,1,1.5,3.5
Earle Asphalt,Earle Asphalt x1371,Wonderful Pistachios - Variety,Food,2.0,1,2.0,3.5
EB Public Library,EB Public Library x1380,Oreo Mini - Go Paks,,4.0,1,4.0,4.0
EB Public Library,EB Public Library x1380,SunChips Multigrain - Original,Food,1.5,1,1.5,1.5
EB Public Library,EB Public Library x1380,CheezIt - Original,Food,1.5,1,1.5,1.5
EB Public Library,EB Public Library x1380,Coca Cola - Zero Sugar,Carbonated,2.0,1,2.0,2.0
EB Public Library,EB Public Library x1380,Poland Springs Water,Water,1.5,1,1.5,1.5
EB Public Library,EB Public Library x1380,Poland Springs Water,Water,1.5,1,1.5,1.5
EB Public Library,EB Public Library x1380,Coca Cola - Zero Sugar,Carbonated,2.0,1,2.0,2.0
EB Public Library,EB Public Library x1380,Mini Chips Ahoy,Food,4.0,1,4.0,4.0
EB Public Library,EB Public Library x1380,SunChips Multigrain - Salsa,Food,1.5,1,1.5,1.5
EB Public Library,EB Public Library x1380,Robert Irvine's - Fit Crunch -  Chocolate Pea,Food,2.0,1,2.0,2.0
EB Public Library,EB Public Library x1380,CheezIt - Original,Food,1.5,1,1.5,1.5
EB Public Library,EB Public Library x1380,Coca Cola - Zero Sugar,Carbonated,2.0,1,2.0,2.0
EB Public Library,EB Public Library x1380,SunChips Multigrain - Harvest Cheddar,Food,1.5,1,1.5,1.5
EB Public Library,EB Public Library x1380,Lenny & Larrys - Chocolate Chip,Food,2.5,1,2.5,2.5
EB Public Library,EB Public Library x1380,Miss Vickie's Potato Chip - Sea Salt & Vinega,Food,1.5,1,1.5,1.5
EB Public Library,EB Public Library x1380,Miss Vickie's Potato Chip - Sea Salt & Vinega,Food,1.5,1,1.5,1.5
EB Public Library,EB Public Library x1380,Mini Chips Ahoy,Food,4.0,1,4.0,4.0
EB Public Library,EB Public Library x1380,Robert Irvine's - Fit Crunch -  Chocolate Pea,Food,2.0,1,2.0,2.0
EB Public Library,EB Public Library x1380,Robert Irvine's - Fit Crunch -  Chocolate Pea,Food,2.0,1,2.0,2.0
GuttenPlans,GuttenPlans x1367,Sunkist Soda - Orange,Carbonated,1.5,1,1.5,1.5
EB Public Library,EB Public Library x1380,SunChips Multigrain - Harvest Cheddar,Food,1.5,1,1.5,1.5
EB Public Library,EB Public Library x1380,Starbucks Refresher - Real Coconut Water,Carbonated,3.0,1,3.0,3.0
EB Public Library,EB Public Library x1380,Starbucks Refresher - Real Coconut Water,Carbonated,3.0,1,3.0,3.0
EB Public Library,EB Public Library x1380,CheezIt - Original,Food,1.5,1,1.5,1.5
GuttenPlans,GuttenPlans x1367,Coca Cola - Regular,Carbonated,1.5,1,1.5,1.5
GuttenPlans,GuttenPlans x1367,Takis FUGEO mini,Food,1.5,1,1.5,1.5
GuttenPlans,GuttenPlans x1367,Sunkist Soda - Orange,Carbonated,1.5,1,1.5,1.5
GuttenPlans,GuttenPlans x1367,Sunkist Soda - Orange,Carbonated,1.5,1,1.5,1.5
GuttenPlans,GuttenPlans x1367,Coca Cola - Regular,Carbonated,1.5,1,1.5,1.5
GuttenPlans,GuttenPlans x1367,Sunkist Soda - Orange,Carbonated,1.5,1,1.5,1.5
GuttenPlans,GuttenPlans x1367,Cheetos Cheddar Jalapeno,Food,1.5,1,1.5,1.5
GuttenPlans,GuttenPlans x1367,Cheetos Flaming Hot Limon Crunchy,Food,1.5,1,1.5,1.5
GuttenPlans,GuttenPlans x1367,Cheetos Cheddar Jalapeno,Food,1.5,1,1.5,1.5
GuttenPlans,GuttenPlans x1367,Nature's Bakery Fig Bar - Blueberry,Food,1.5,1,1.5,1.5
GuttenPlans,GuttenPlans x1367,Monster Energy Original,Carbonated,3.0,1,3.0,3.0
Earle Asphalt,Earle Asphalt x1371,Kinder - Bueno - Crispy Creamy Chocolate,Food,2.0,1,2.0,2.0
EB Public Library,EB Public Library x1380,SunChips Multigrain - Harvest Cheddar,Food,1.5,1,1.5,1.5
EB Public Library,EB Public Library x1380,BodyArmor LYTE  - Peach Mango,Water,2.75,1,2.75,2.75
Brunswick Sq Mall,BSQ Mall x1364 - Zales,Snapple Tea - Raspberry,Non Carbonated,2.5,1,2.5,2.5
EB Public Library,EB Public Library x1380,Wonderful Pistachios - Variety,Food,2.0,1,2.0,2.0
Earle Asphalt,Earle Asphalt x1371,Pop Corners - Spicy Queso,Food,1.5,1,1.5,1.5
Earle Asphalt,Earle Asphalt x1371,Pop Corners - Kettle Corn,Food,1.5,1,1.5,1.5
EB Public Library,EB Public Library x1380,Coca Cola - Zero Sugar,Carbonated,2.0,1,2.0,2.0
Earle Asphalt,Earle Asphalt x1371,S. Pellegrino Essenza Mineral Water - Blood O,Carbonated,2.5,1,2.5,2.5
Earle Asphalt,Earle Asphalt x1371,Coca Cola - Zero Sugar,Carbonated,1.5,1,1.5,1.5
Earle Asphalt,Earle Asphalt x1371,Doritos Spicy Nacho,,1.5,1,1.5,1.5
Earle Asphalt,Earle Asphalt x1371,Doritos Spicy Nacho,,1.5,1,1.5,1.5
EB Public Library,EB Public Library x1380,SunChips Multigrain - Salsa,Food,1.5,1,1.5,1.5
EB Public Library,EB Public Library x1380,Poland Springs Water,Water,1.5,1,1.5,1.5
EB Public Library,EB Public Library x1380,Mini Chips Ahoy,Food,4.0,1,4.0,4.0
EB Public Library,EB Public Library x1380,Lenny & Larrys - Chocolate Chip,Food,2.5,1,2.5,4.5
EB Public Library,EB Public Library x1380,Wonderful Pistachios - Variety,Food,2.0,1,2.0,4.5
EB Public Library,EB Public Library x1380,Mini Chips Ahoy,Food,4.0,1,4.0,4.0
EB Public Library,EB Public Library x1380,Mini Chips Ahoy,Food,4.0,1,4.0,4.0
EB Public Library,EB Public Library x1380,Coca Cola - Zero Sugar,Carbonated,2.0,2,4.0,4.0
GuttenPlans,GuttenPlans x1367,Coca Cola - Regular,Carbonated,1.5,1,1.5,1.5
GuttenPlans,GuttenPlans x1367,CheezIt - Double Cheese,Food,1.5,1,1.5,1.5
Brunswick Sq Mall,BSQ Mall x1364 - Zales,SunChips Multigrain - Harvest Cheddar,Food,1.5,1,1.5,1.5
GuttenPlans,GuttenPlans x1367,Red Bull - Original,Carbonated,3.5,1,3.5,3.5
Brunswick Sq Mall,BSQ Mall x1366 - ATT,Coca Cola - Regular,Carbonated,2.0,1,2.0,2.0
GuttenPlans,GuttenPlans x1367,Coca Cola - Regular,Carbonated,1.5,1,1.5,1.5
GuttenPlans,GuttenPlans x1367,Coca Cola - Regular,Carbonated,1.5,1,1.5,1.5
GuttenPlans,GuttenPlans x1367,Monster Energy Original,Carbonated,3.0,1,3.0,3.0
GuttenPlans,GuttenPlans x1367,Cheetos Flaming Hot Limon Crunchy,Food,1.5,1,1.5,1.5
EB Public Library,EB Public Library x1380,Nutter Butter Bites,Food,1.5,1,1.5,1.5
Brunswick Sq Mall,BSQ Mall x1366 - ATT,Newtons Fig Bar,Food,2.0,1,2.0,2.0
EB Public Library,EB Public Library x1380,SunChips Multigrain - Original,Food,1.5,1,1.5,1.5
Brunswick Sq Mall,BSQ Mall x1366 - ATT,Poland Springs Water,Water,1.5,1,1.5,1.5
EB Public Library,EB Public Library x1380,Nature's Bakery Fig Bar - Blueberry,Food,1.5,1,1.5,1.5
EB Public Library,EB Public Library x1380,SunChips Multigrain - Salsa,Food,1.5,1,1.5,4.25
EB Public Library,EB Public Library x1380,Bai Antioxidant - Tanzania Lemon Super Tea,Non Carbonated,2.75,1,2.75,4.25
EB Public Library,EB Public Library x1380,Miss Vickie's Potato Chip - Sea Salt & Vinega,Food,1.5,1,1.5,1.5
EB Public Library,EB Public Library x1380,Snyder's of Hanover Pretzel Pieces - Honey Mu,Food,2.5,1,2.5,2.5
EB Public Library,EB Public Library x1380,Poland Springs Water,Water,1.5,1,1.5,1.5
Brunswick Sq Mall,BSQ Mall x1366 - ATT,Starbucks Doubleshot Energy - Coffee,,4.0,1,4.0,4.0
Brunswick Sq Mall,BSQ Mall x1366 - ATT,Snapple Diet Tea - Lemon,Non Carbonated,2.5,1,2.5,2.5
EB Public Library,EB Public Library x1380,Miss Vickie's Potato Chip - Sea Salt & Vinega,Food,1.5,1,1.5,1.5
EB Public Library,EB Public Library x1380,Coca Cola - Zero Sugar,Carbonated,2.0,1,2.0,2.0
EB Public Library,EB Public Library x1380,Iberia Coconut Water,Non Carbonated,2.0,1,2.0,2.0
Brunswick Sq Mall,BSQ Mall x1364 - Zales,Poland Springs Water,Water,1.5,1,1.5,1.5
EB Public Library,EB Public Library x1380,Bai Antioxidant - Tanzania Lemon Super Tea,Non Carbonated,2.75,1,2.75,2.75
EB Public Library,EB Public Library x1380,Mini Chips Ahoy,Food,4.0,1,4.0,4.0
EB Public Library,EB Public Library x1380,Poland Springs Water,Water,1.5,1,1.5,1.5
EB Public Library,EB Public Library x1380,Coca Cola - Zero Sugar,Carbonated,2.0,1,2.0,2.0
EB Public Library,EB Public Library x1380,Coca Cola - Zero Sugar,Carbonated,2.0,1,2.0,2.0
EB Public Library,EB Public Library x1380,Poland Springs Water,Water,1.5,1,1.5,1.5
Brunswick Sq Mall,BSQ Mall x1364 - Zales,Iberia Coconut Water,Non Carbonated,2.0,1,2.0,2.0
Brunswick Sq Mall,BSQ Mall x1364 - Zales,Iberia Coconut Water,Non Carbonated,2.0,1,2.0,3.5
Brunswick Sq Mall,BSQ Mall x1364 - Zales,CheezIt - Double Cheese,Food,1.5,1,1.5,3.5
Brunswick Sq Mall,BSQ Mall x1366 - ATT,Poland Springs Water,Water,1.5,1,1.5,1.5
Brunswick Sq Mall,BSQ Mall x1366 - ATT,Snapple Diet Tea - Lemon,Non Carbonated,2.5,1,2.5,2.5
Brunswick Sq Mall,BSQ Mall x1366 - ATT,Belvita Breakfast Biscuit Bites - Blueberry,Food,1.5,1,1.5,3.5
Brunswick Sq Mall,BSQ Mall x1366 - ATT,Wonderful Pistachios - Variety,Food,2.0,1,2.0,3.5
GuttenPlans,GuttenPlans x1367,Red Bull - Original,Carbonated,3.5,1,3.5,3.5
GuttenPlans,GuttenPlans x1367,Monster Energy Original,Carbonated,3.0,1,3.0,3.0
GuttenPlans,GuttenPlans x1367,Sunkist Soda - Orange,Carbonated,1.5,1,1.5,1.5
GuttenPlans,GuttenPlans x1367,Red Bull - Original,Carbonated,3.5,1,3.5,3.5
Brunswick Sq Mall,BSQ Mall x1366 - ATT,SunChips Multigrain - Salsa,Food,1.5,2,3.0,3.0
Brunswick Sq Mall,BSQ Mall x1366 - ATT,Poland Springs Water,Water,1.5,1,1.5,1.5
Brunswick Sq Mall,BSQ Mall x1366 - ATT,Poland Springs Water,Water,1.5,1,1.5,1.5
Brunswick Sq Mall,BSQ Mall x1366 - ATT,Poland Springs Water,Water,1.5,1,1.5,1.5
Earle Asphalt,Earle Asphalt x1371,Pop Corners - Kettle Corn,Food,1.5,1,1.5,1.5
EB Public Library,EB Public Library x1380,Wonderful Pistachios - Variety,Food,2.0,1,2.0,3.5
EB Public Library,EB Public Library x1380,Spindrift - Sparkling Water  Lime,Carbonated,1.5,1,1.5,3.5
Earle Asphalt,Earle Asphalt x1371,Robert Irvine's - Fit Crunch -  Chocolate Pea,Food,2.0,1,2.0,2.0
GuttenPlans,GuttenPlans x1367,Coca Cola - Regular,Carbonated,1.5,1,1.5,1.5
GuttenPlans,GuttenPlans x1367,Monster Energy Original,Carbonated,3.0,1,3.0,3.0
GuttenPlans,GuttenPlans x1367,Nature's Bakery Fig Bar - Raspberry,Food,1.5,1,1.5,1.5
GuttenPlans,GuttenPlans x1367,Nature's Bakery Fig Bar - Raspberry,Food,1.5,1,1.5,1.5
GuttenPlans,GuttenPlans x1367,Sunkist Soda - Orange,Carbonated,1.5,1,1.5,1.5
GuttenPlans,GuttenPlans x1367,Snapple Tea - Peach,Non Carbonated,2.5,1,2.5,2.5
EB Public Library,EB Public Library x1380,SunChips Multigrain - Harvest Cheddar,Food,1.5,1,1.5,1.5
EB Public Library,EB Public Library x1380,SunChips Multigrain - Original,Food,1.5,1,1.5,1.5
EB Public Library,EB Public Library x1380,CheezIt - Original,Food,4.0,1,4.0,4.0
EB Public Library,EB Public Library x1380,Miss Vickie's Potato Chip - Lime & Cracked Pe,Food,1.5,1,1.5,1.5
Earle Asphalt,Earle Asphalt x1371,Fritos - Original,Food,1.5,1,1.5,3.0
Earle Asphalt,Earle Asphalt x1371,Takis FUGEO mini,Food,1.5,1,1.5,3.0
GuttenPlans,GuttenPlans x1367,Sunkist Soda - Orange,Carbonated,1.5,1,1.5,1.5
GuttenPlans,GuttenPlans x1367,Sunkist Soda - Orange,Carbonated,1.5,1,1.5,1.5
GuttenPlans,GuttenPlans x1367,Sunkist Soda - Orange,Carbonated,1.5,1,1.5,1.5
GuttenPlans,GuttenPlans x1367,Takis FUGEO mini,Food,1.5,2,3.0,3.0
GuttenPlans,GuttenPlans x1367,Goldfish Baked - Cheddar,Food,1.5,1,1.5,1.5
Brunswick Sq Mall,BSQ Mall x1366 - ATT,Ritz Bits Peanut Butter,Food,1.5,1,1.5,5.0
Brunswick Sq Mall,BSQ Mall x1366 - ATT,Belvita Breakfast Biscuit Bites - Blueberry,Food,1.5,1,1.5,5.0
Brunswick Sq Mall,BSQ Mall x1366 - ATT,Wonderful Pistachios - Variety,Food,2.0,1,2.0,5.0
GuttenPlans,GuttenPlans x1367,Sunkist Soda - Orange,Carbonated,1.5,1,1.5,1.5
GuttenPlans,GuttenPlans x1367,Red Bull - Original,Carbonated,3.5,1,3.5,3.5
GuttenPlans,GuttenPlans x1367,Monster Energy Original,Carbonated,3.0,1,3.0,3.0
EB Public Library,EB Public Library x1380,Coca Cola - Zero Sugar,Carbonated,2.0,2,4.0,4.0
GuttenPlans,GuttenPlans x1367,Snapple Tea - Raspberry,Non Carbonated,2.5,1,2.5,2.5
EB Public Library,EB Public Library x1380,SunChips Multigrain - Salsa,Food,1.5,1,1.5,1.5
Brunswick Sq Mall,BSQ Mall x1364 - Zales,Coca Cola - Zero Sugar,Carbonated,1.5,1,1.5,1.5
Brunswick Sq Mall,BSQ Mall x1364 - Zales,CheezIt - Original,Food,1.5,1,1.5,1.5
EB Public Library,EB Public Library x1380,Starbucks Refresher - Real Coconut Water,Carbonated,3.0,1,3.0,3.0
GuttenPlans,GuttenPlans x1367,Snapple Tea - Peach,Non Carbonated,2.5,1,2.5,2.5
Earle Asphalt,Earle Asphalt x1371,Robert Irvine's - Fit Crunch -  Chocolate Pea,Food,2.0,1,2.0,2.0
EB Public Library,EB Public Library x1380,Coca Cola - Zero Sugar,Carbonated,2.0,1,2.0,6.0
EB Public Library,EB Public Library x1380,CheezIt - Original,Food,4.0,1,4.0,6.0
EB Public Library,EB Public Library x1380,CheezIt - Original,Food,4.0,1,4.0,4.0
EB Public Library,EB Public Library x1380,Coca Cola - Zero Sugar,Carbonated,2.0,1,2.0,2.0
EB Public Library,EB Public Library x1380,SunChips Multigrain - Harvest Cheddar,Food,1.5,1,1.5,1.5
EB Public Library,EB Public Library x1380,CheezIt - Original,Food,4.0,1,4.0,4.0
EB Public Library,EB Public Library x1380,SunChips Multigrain - Harvest Cheddar,Food,1.5,2,3.0,3.0
EB Public Library,EB Public Library x1380,CheezIt - Original,Food,1.5,1,1.5,1.5
EB Public Library,EB Public Library x1380,Lenny & Larrys - Chocolate Chip,Food,2.5,1,2.5,2.5
EB Public Library,EB Public Library x1380,Simply Protein - Peanut Butter Chocolate,Food,2.0,1,2.0,2.0
EB Public Library,EB Public Library x1380,Nature's Bakery Fig Bar - Blueberry,Food,1.5,2,3.0,3.0
EB Public Library,EB Public Library x1380,Spindrift - Sparkling Water  Lime,Carbonated,1.5,1,1.5,1.5
EB Public Library,EB Public Library x1380,Ritz Bits Cheese,Food,1.5,1,1.5,1.5
GuttenPlans,GuttenPlans x1367,Sunkist Soda - Orange,Carbonated,1.5,1,1.5,1.5
GuttenPlans,GuttenPlans x1367,Snapple Tea - Raspberry,Non Carbonated,2.5,1,2.5,2.5
GuttenPlans,GuttenPlans x1367,Cheetos Cheddar Jalapeno,Food,1.5,1,1.5,1.5
EB Public Library,EB Public Library x1380,Ritz Bits Cheese,Food,1.5,1,1.5,1.5
EB Public Library,EB Public Library x1380,Miss Vickie's Potato Chip - Jalapeno,Food,1.5,1,1.5,1.5
EB Public Library,EB Public Library x1380,Oreo Mini,Food,1.5,1,1.5,1.5
GuttenPlans,GuttenPlans x1367,Snapple Tea - Peach,Non Carbonated,2.5,1,2.5,2.5
EB Public Library,EB Public Library x1380,Miss Vickie's Potato Chip - Jalapeno,Food,1.5,1,1.5,1.5
EB Public Library,EB Public Library x1380,Miss Vickie's Potato Chip - Jalapeno,Food,1.5,1,1.5,1.5
GuttenPlans,GuttenPlans x1367,Nature's Bakery Fig Bar - Raspberry,Food,1.5,1,1.5,1.5
GuttenPlans,GuttenPlans x1367,Monster Energy Original,Carbonated,3.0,1,3.0,3.0
GuttenPlans,GuttenPlans x1367,Takis FUGEO mini,Food,1.5,1,1.5,1.5
GuttenPlans,GuttenPlans x1367,Monster Energy Original,Carbonated,3.0,1,3.0,3.0
Brunswick Sq Mall,BSQ Mall x1364 - Zales,CheezIt - White Cheddar,Food,1.5,1,1.5,1.5
Brunswick Sq Mall,BSQ Mall x1364 - Zales,Snapple Tea - Raspberry,Non Carbonated,2.5,1,2.5,2.5
Earle Asphalt,Earle Asphalt x1371,Keto Bar - Creamy Peanut Butter Chocolate,Food,2.0,1,2.0,2.0
EB Public Library,EB Public Library x1380,Wonderful Pistachios - Variety,Food,2.0,1,2.0,2.0
EB Public Library,EB Public Library x1380,Poland Springs Water,Water,1.5,1,1.5,1.5
EB Public Library,EB Public Library x1380,Starbucks Refresher - Real Coconut Water,Carbonated,3.0,1,3.0,3.0
Brunswick Sq Mall,BSQ Mall x1366 - ATT,SunChips Multigrain - Original,Food,1.5,1,1.5,1.5
Brunswick Sq Mall,BSQ Mall x1366 - ATT,Poland Springs Water,Water,1.5,1,1.5,1.5
EB Public Library,EB Public Library x1380,Miss Vickie's Potato Chip - Lime & Cracked Pe,Food,1.5,1,1.5,1.5
EB Public Library,EB Public Library x1380,Miss Vickie's Potato Chip - Smokehouse BBQ,Food,1.5,1,1.5,1.5
Earle Asphalt,Earle Asphalt x1371,S. Pellegrino Essenza Mineral Water - Blood O,Carbonated,2.5,1,2.5,2.5
EB Public Library,EB Public Library x1380,Oreo Mini,Food,1.5,1,1.5,1.5
Brunswick Sq Mall,BSQ Mall x1366 - ATT,Snapple Tea - Raspberry,Non Carbonated,2.5,1,2.5,2.5
GuttenPlans,GuttenPlans x1367,Snapple Tea - Raspberry,Non Carbonated,2.5,1,2.5,2.5
EB Public Library,EB Public Library x1380,Nutter Butter Bites,Food,1.5,1,1.5,1.5
GuttenPlans,GuttenPlans x1367,Snapple Tea - Lemon,Non Carbonated,2.5,1,2.5,2.5
GuttenPlans,GuttenPlans x1367,Snapple Tea - Peach,Non Carbonated,2.5,1,2.5,2.5
GuttenPlans,GuttenPlans x1367,Cheetos - Fleming Hot Crunchy,Food,1.5,1,1.5,4.5
GuttenPlans,GuttenPlans x1367,Monster Energy Original,Carbonated,3.0,1,3.0,4.5
GuttenPlans,GuttenPlans x1367,Nature's Bakery Fig Bar - Raspberry,Food,1.5,1,1.5,1.5
GuttenPlans,GuttenPlans x1367,Cheetos Flaming Hot Limon Crunchy,Food,1.5,1,1.5,1.5
GuttenPlans,GuttenPlans x1367,Red Bull - Original,Carbonated,3.5,1,3.5,3.5
GuttenPlans,GuttenPlans x1367,Monster Energy Original,Carbonated,3.0,1,3.0,3.0
GuttenPlans,GuttenPlans x1367,Nature's Bakery Fig Bar - Raspberry,Food,1.5,1,1.5,1.5
Earle Asphalt,Earle Asphalt x1371,Pop Corners - Sea Salt,Food,1.5,1,1.5,1.5
Brunswick Sq Mall,BSQ Mall x1364 - Zales,CheezIt - Original,Food,1.5,1,1.5,1.5
EB Public Library,EB Public Library x1380,Wonderful Pistachios - Variety,Food,2.0,1,2.0,2.0
Earle Asphalt,Earle Asphalt x1371,Doritos Spicy Nacho,,1.5,1,1.5,3.0
Earle Asphalt,Earle Asphalt x1371,Fritos - Original,Food,1.5,1,1.5,3.0
EB Public Library,EB Public Library x1380,Coca Cola - Zero Sugar,Carbonated,2.0,1,2.0,3.5
EB Public Library,EB Public Library x1380,Oreo Mini,Food,1.5,1,1.5,3.5
EB Public Library,EB Public Library x1380,CheezIt - Original,Food,4.0,1,4.0,4.0
EB Public Library,EB Public Library x1380,CheezIt - Cheddar Sour Cream and Onion,Food,1.5,1,1.5,1.5
EB Public Library,EB Public Library x1380,Coca Cola - Zero Sugar,Carbonated,2.0,1,2.0,2.0
Earle Asphalt,Earle Asphalt x1371,Monster Energy  Zero Ultra,Carbonated,3.0,1,3.0,3.0
Earle Asphalt,Earle Asphalt x1371,Pop Corners - Sea Salt,Food,1.5,1,1.5,1.5
Earle Asphalt,Earle Asphalt x1371,Keto Bar - Creamy Peanut Butter Chocolate,Food,2.0,2,4.0,4.0
EB Public Library,EB Public Library x1380,Spindrift - Sparkling Water  Lime,Carbonated,1.5,1,1.5,1.5
GuttenPlans,GuttenPlans x1367,Red Bull - Original,Carbonated,3.5,1,3.5,3.5
Earle Asphalt,Earle Asphalt x1371,Pop Corners - Sea Salt,Food,1.5,1,1.5,1.5
Brunswick Sq Mall,BSQ Mall x1366 - ATT,Pop Corners - Sweet & Salty Kettle,Food,1.5,1,1.5,1.5
EB Public Library,EB Public Library x1380,CheezIt - White Cheddar,Food,1.5,1,1.5,1.5
EB Public Library,EB Public Library x1380,Miss Vickie's Potato Chip - Lime & Cracked Pe,Food,1.5,1,1.5,1.5
EB Public Library,EB Public Library x1380,Poland Springs Water,Water,1.5,1,1.5,1.5
EB Public Library,EB Public Library x1380,Coca Cola - Zero Sugar,Carbonated,2.0,1,2.0,2.0
GuttenPlans,GuttenPlans x1367,Snapple Tea - Peach,Non Carbonated,2.5,1,2.5,2.5
GuttenPlans,GuttenPlans x1367,Snapple Tea - Peach,Non Carbonated,2.5,1,2.5,2.5
GuttenPlans,GuttenPlans x1367,Monster Energy Original,Carbonated,3.0,1,3.0,3.0
EB Public Library,EB Public Library x1380,Snyder's of Hanover Pretzel - Cheddar Cheese,Food,2.5,1,2.5,2.5
GuttenPlans,GuttenPlans x1367,Monster Energy Original,Carbonated,3.0,1,3.0,3.0
GuttenPlans,GuttenPlans x1367,Monster Energy Original,Carbonated,3.0,1,3.0,3.0
GuttenPlans,GuttenPlans x1367,Monster Energy Original,Carbonated,3.0,1,3.0,3.0
GuttenPlans,GuttenPlans x1367,Cheetos Cheddar Jalapeno,Food,1.5,1,1.5,1.5
Earle Asphalt,Earle Asphalt x1371,V8 Vegetable Juice - Original,Non Carbonated,1.5,1,1.5,1.5
Brunswick Sq Mall,BSQ Mall x1366 - ATT,Snapple Tea - Raspberry,Non Carbonated,2.5,1,2.5,2.5
Earle Asphalt,Earle Asphalt x1371,S. Pellegrino Essenza Mineral Water - Blood O,Carbonated,2.5,1,2.5,2.5
Earle Asphalt,Earle Asphalt x1371,S. Pellegrino Essenza Mineral Water - Blood O,Carbonated,2.5,1,2.5,2.5
Earle Asphalt,Earle Asphalt x1371,Pop Corners - Spicy Queso,Food,1.5,1,1.5,1.5
EB Public Library,EB Public Library x1380,Poland Springs Water,Water,1.5,1,1.5,1.5
Earle Asphalt,Earle Asphalt x1371,Pop Corners - Sea Salt,Food,1.5,1,1.5,1.5
GuttenPlans,GuttenPlans x1367,Nature's Bakery Fig Bar - Raspberry,Food,1.5,1,1.5,1.5
GuttenPlans,GuttenPlans x1367,Cheetos - Fleming Hot Crunchy,Food,1.5,1,1.5,1.5
Earle Asphalt,Earle Asphalt x1371,Keto Bar - Creamy Peanut Butter Chocolate,Food,2.0,1,2.0,2.0
EB Public Library,EB Public Library x1380,Ritz Bits Cheese,Food,1.5,1,1.5,1.5
EB Public Library,EB Public Library x1380,SunChips Multigrain - Original,Food,1.5,1,1.5,1.5
EB Public Library,EB Public Library x1380,Poland Springs Water,Water,1.5,1,1.5,1.5
EB Public Library,EB Public Library x1380,SunChips Multigrain - Original,Food,1.5,1,1.5,1.5
Brunswick Sq Mall,BSQ Mall x1364 - Zales,Snapple Diet Tea - Peach Tea,Non Carbonated,2.5,1,2.5,2.5
GuttenPlans,GuttenPlans x1367,Nature's Bakery Fig Bar - Raspberry,Food,1.5,1,1.5,1.5
GuttenPlans,GuttenPlans x1367,Nature's Bakery Fig Bar - Raspberry,Food,1.5,1,1.5,1.5
GuttenPlans,GuttenPlans x1367,Takis FUGEO mini,Food,1.5,1,1.5,1.5
GuttenPlans,GuttenPlans x1367,Cheetos Cheddar Jalapeno,Food,1.5,1,1.5,1.5
Brunswick Sq Mall,BSQ Mall x1366 - ATT,Pop Corners - Sweet & Salty Kettle,Food,1.5,1,1.5,1.5
GuttenPlans,GuttenPlans x1367,Monster Energy Original,Carbonated,3.0,1,3.0,3.0
GuttenPlans,GuttenPlans x1367,Snapple Tea - Peach,Non Carbonated,2.5,1,2.5,2.5
GuttenPlans,GuttenPlans x1367,Snapple Tea - Peach,Non Carbonated,2.5,1,2.5,2.5
Brunswick Sq Mall,BSQ Mall x1364 - Zales,Iberia Coconut Water,Non Carbonated,2.0,1,2.0,2.0
GuttenPlans,GuttenPlans x1367,Snapple Tea - Peach,Non Carbonated,2.5,1,2.5,2.5
Brunswick Sq Mall,BSQ Mall x1364 - Zales,Wonderful Pistachios - Variety,Food,2.0,1,2.0,2.0
EB Public Library,EB Public Library x1380,Iberia Coconut Water,Non Carbonated,2.0,1,2.0,2.0
EB Public Library,EB Public Library x1380,SunChips Multigrain - Original,Food,1.5,1,1.5,1.5
EB Public Library,EB Public Library x1380,BodyArmor LYTE  - Peach Mango,Water,2.75,1,2.75,7.75
EB Public Library,EB Public Library x1380,Iberia Coconut Water,Non Carbonated,2.0,1,2.0,7.75
EB Public Library,EB Public Library x1380,Starbucks Refresher - Real Coconut Water,Carbonated,3.0,1,3.0,7.75
EB Public Library,EB Public Library x1380,Miss Vickie's Potato Chip - Lime & Cracked Pe,Food,1.5,1,1.5,1.5
EB Public Library,EB Public Library x1380,SunChips Multigrain - Original,Food,1.5,1,1.5,1.5
Brunswick Sq Mall,BSQ Mall x1364 - Zales,Pop Corners - Sea Salt,Food,1.5,1,1.5,1.5
Brunswick Sq Mall,BSQ Mall x1364 - Zales,Pop Corners - Sea Salt,Food,1.5,1,1.5,1.5
Brunswick Sq Mall,BSQ Mall x1366 - ATT,CheezIt - Double Cheese,Food,1.5,1,1.5,1.5
EB Public Library,EB Public Library x1380,Simply Protein - Peanut Butter Chocolate,Food,2.0,1,2.0,2.0
Earle Asphalt,Earle Asphalt x1371,Keto Bar - Creamy Peanut Butter Chocolate,Food,2.0,1,2.0,2.0
Earle Asphalt,Earle Asphalt x1371,Keto Bar - Creamy Peanut Butter Chocolate,Food,2.0,1,2.0,2.0
GuttenPlans,GuttenPlans x1367,Goldfish Baked - Cheddar,Food,1.5,1,1.5,1.5
EB Public Library,EB Public Library x1380,Nutter Butter Bites,Food,1.5,1,1.5,1.5
EB Public Library,EB Public Library x1380,Robert Irvine's - Fit Crunch -  Chocolate Pea,Food,2.0,1,2.0,2.0
GuttenPlans,GuttenPlans x1367,CheezIt - White Cheddar,Food,1.5,1,1.5,1.5
EB Public Library,EB Public Library x1380,Poland Springs Water,Water,1.5,1,1.5,1.5
EB Public Library,EB Public Library x1380,Poland Springs Water,Water,1.5,1,1.5,1.5
EB Public Library,EB Public Library x1380,SunChips Multigrain - Original,Food,1.5,1,1.5,1.5
EB Public Library,EB Public Library x1380,Miss Vickie's Potato Chip - Smokehouse BBQ,Food,1.5,1,1.5,1.5
EB Public Library,EB Public Library x1380,SunChips Multigrain - Original,Food,1.5,1,1.5,1.5
GuttenPlans,GuttenPlans x1367,Snapple Tea - Peach,Non Carbonated,2.5,1,2.5,2.5
Brunswick Sq Mall,BSQ Mall x1366 - ATT,Poland Springs Water,Water,1.5,1,1.5,1.5
EB Public Library,EB Public Library x1380,Keto Bar - Creamy Peanut Butter Chocolate,Food,2.0,1,2.0,3.5
EB Public Library,EB Public Library x1380,Spindrift - Sparkling Water  Lime,Carbonated,1.5,1,1.5,3.5
EB Public Library,EB Public Library x1380,Snyder's of Hanover Pretzel - Cheddar Cheese,Food,2.5,1,2.5,4.5
EB Public Library,EB Public Library x1380,Robert Irvine's - Fit Crunch -  Chocolate Pea,Food,2.0,1,2.0,4.5
GuttenPlans,GuttenPlans x1367,Red Bull - Original,Carbonated,3.5,1,3.5,3.5
GuttenPlans,GuttenPlans x1367,Monster Energy Original,Carbonated,3.0,1,3.0,3.0
GuttenPlans,GuttenPlans x1367,Red Bull - Original,Carbonated,3.5,1,3.5,3.5
Earle Asphalt,Earle Asphalt x1371,BodyArmor LYTE  - Berry Punch,Water,2.5,1,2.5,2.5
EB Public Library,EB Public Library x1380,Lenny & Larrys - SnickerDoodle,Food,3.0,1,3.0,3.0
Earle Asphalt,Earle Asphalt x1371,Takis FUGEO mini,Food,1.5,1,1.5,1.5
EB Public Library,EB Public Library x1380,Keto Bar - Creamy Peanut Butter Chocolate,Food,2.0,1,2.0,3.5
EB Public Library,EB Public Library x1380,Spindrift - Sparkling Water  Lime,Carbonated,1.5,1,1.5,3.5
Earle Asphalt,Earle Asphalt x1371,Pop Corners - White Cheddar,Food,1.5,1,1.5,1.5
Brunswick Sq Mall,BSQ Mall x1364 - Zales,Iberia Coconut Water,Non Carbonated,2.0,1,2.0,2.0
Brunswick Sq Mall,BSQ Mall x1364 - Zales,Spindrift - Sparkling Water  Lime,Carbonated,1.5,1,1.5,1.5
Earle Asphalt,Earle Asphalt x1371,Zevia Organic Tea - Peach,Non Carbonated,2.5,1,2.5,2.5
EB Public Library,EB Public Library x1380,SunChips Multigrain - Original,Food,1.5,1,1.5,1.5
EB Public Library,EB Public Library x1380,Snyder's of Hanover Pretzel - Cheddar Cheese,Food,2.5,1,2.5,2.5
EB Public Library,EB Public Library x1380,Starbucks Doubleshot Energy - Mocha,Non Carbonated,3.75,1,3.75,3.75
EB Public Library,EB Public Library x1380,Ritz Bits Cheese,Food,1.5,1,1.5,1.5
EB Public Library,EB Public Library x1380,Nutter Butter Bites,Food,1.5,1,1.5,1.5
Brunswick Sq Mall,BSQ Mall x1364 - Zales,Pop Corners - Sea Salt,Food,1.5,1,1.5,1.5
EB Public Library,EB Public Library x1380,Starbucks Refresher - Real Coconut Water,Carbonated,3.0,1,3.0,3.0
EB Public Library,EB Public Library x1380,Poland Springs Water,Water,1.5,1,1.5,1.5
EB Public Library,EB Public Library x1380,SunChips Multigrain - Original,Food,1.5,1,1.5,4.0
EB Public Library,EB Public Library x1380,Snyder's of Hanover Pretzel Pieces - Honey Mu,Food,2.5,1,2.5,4.0
EB Public Library,EB Public Library x1380,Poland Springs Water,Water,1.5,1,1.5,1.5
EB Public Library,EB Public Library x1380,Keto Bar - Creamy Peanut Butter Chocolate,Food,2.0,1,2.0,2.0
GuttenPlans,GuttenPlans x1367,Snapple Tea - Lemon,Non Carbonated,2.5,1,2.5,2.5
EB Public Library,EB Public Library x1380,Miss Vickie's Potato Chip - Lime & Cracked Pe,Food,1.5,1,1.5,1.5
EB Public Library,EB Public Library x1380,Miss Vickie's Potato Chip - Lime & Cracked Pe,Food,1.5,1,1.5,1.5
GuttenPlans,GuttenPlans x1367,Cheetos Baked - Flaming Hot,Food,1.5,1,1.5,1.5
GuttenPlans,GuttenPlans x1367,Takis FUGEO mini,Food,1.5,1,1.5,1.5
GuttenPlans,GuttenPlans x1367,Takis FUGEO mini,Food,1.5,1,1.5,1.5
GuttenPlans,GuttenPlans x1367,Snapple Tea - Lemon,Non Carbonated,2.5,1,2.5,2.5
GuttenPlans,GuttenPlans x1367,Pure Organic Fruit Bar - Strawberry Banana,Food,1.5,1,1.5,1.5
Earle Asphalt,Earle Asphalt x1371,Pop Corners - Kettle Corn,Food,1.5,1,1.5,1.5
GuttenPlans,GuttenPlans x1367,Nature's Bakery Fig Bar - Raspberry,Food,1.5,1,1.5,1.5
Earle Asphalt,Earle Asphalt x1371,Monster Energy  Zero Ultra,Carbonated,3.0,1,3.0,3.0
EB Public Library,EB Public Library x1380,Keto Bar - Creamy Peanut Butter Chocolate,Food,2.0,1,2.0,3.5
EB Public Library,EB Public Library x1380,Spindrift - Sparkling Water  Lime,Carbonated,1.5,1,1.5,3.5
Brunswick Sq Mall,BSQ Mall x1366 - ATT,Spindrift - Sparkling Water - Pineapple,Carbonated,1.5,2,3.0,3.0
GuttenPlans,GuttenPlans x1367,Red Bull - Original,Carbonated,3.5,1,3.5,3.5
EB Public Library,EB Public Library x1380,Nutter Butter Bites,Food,1.5,1,1.5,1.5
GuttenPlans,GuttenPlans x1367,Nature's Bakery Fig Bar - Raspberry,Food,1.5,1,1.5,1.5
GuttenPlans,GuttenPlans x1367,Nature's Bakery Fig Bar - Raspberry,Food,1.5,1,1.5,1.5
EB Public Library,EB Public Library x1380,Starbucks Doubleshot Energy - Mocha,Non Carbonated,3.75,1,3.75,3.75
EB Public Library,EB Public Library x1380,Nutter Butter Bites,Food,1.5,1,1.5,1.5
EB Public Library,EB Public Library x1380,CheezIt - Original,Food,4.0,1,4.0,4.0
Earle Asphalt,Earle Asphalt x1371,S. Pellegrino Essenza Mineral Water - Blood O,Carbonated,2.5,1,2.5,2.5
GuttenPlans,GuttenPlans x1367,Monster Energy Original,Carbonated,3.0,1,3.0,3.0
GuttenPlans,GuttenPlans x1367,Cheetos Flaming Hot Limon Crunchy,Food,1.5,1,1.5,1.5
GuttenPlans,GuttenPlans x1367,Monster Energy Original,Carbonated,3.0,1,3.0,3.0
GuttenPlans,GuttenPlans x1367,Snapple Tea - Lemon,Non Carbonated,2.5,1,2.5,2.5
GuttenPlans,GuttenPlans x1367,Cheetos - Fleming Hot Crunchy,Food,1.5,1,1.5,1.5
Earle Asphalt,Earle Asphalt x1371,BodyArmor LYTE  - Peach Mango,Water,2.5,1,2.5,2.5
GuttenPlans,GuttenPlans x1367,Red Bull - Original,Carbonated,3.5,1,3.5,3.5
GuttenPlans,GuttenPlans x1367,Snapple Tea - Lemon,Non Carbonated,2.5,1,2.5,2.5
EB Public Library,EB Public Library x1380,Bai Antioxidant - Tanzania Lemon Super Tea,Non Carbonated,2.75,1,2.75,2.75
EB Public Library,EB Public Library x1380,Poland Springs Water,Water,1.5,1,1.5,1.5
EB Public Library,EB Public Library x1380,Bai Antioxidant - Tanzania Lemon Super Tea,Non Carbonated,2.75,1,2.75,2.75
Earle Asphalt,Earle Asphalt x1371,Pop Corners - Kettle Corn,Food,1.5,1,1.5,1.5
Earle Asphalt,Earle Asphalt x1371,Keto Bar - Creamy Peanut Butter Chocolate,Food,2.0,1,2.0,2.0
GuttenPlans,GuttenPlans x1367,Cheetos Flaming Hot Limon Crunchy,Food,1.5,1,1.5,1.5
EB Public Library,EB Public Library x1380,Lenny & Larrys - SnickerDoodle,Food,3.0,1,3.0,3.0
Earle Asphalt,Earle Asphalt x1371,Zevia Organic Tea - Peach,Non Carbonated,2.5,1,2.5,2.5
Earle Asphalt,Earle Asphalt x1371,Simply Protein - Lemon Coconut,Food,2.0,1,2.0,2.0
GuttenPlans,GuttenPlans x1367,Monster Energy Original,Carbonated,3.0,1,3.0,3.0
Brunswick Sq Mall,BSQ Mall x1366 - ATT,CheezIt - Cheddar Sour Cream and Onion,Food,1.5,1,1.5,3.5
Brunswick Sq Mall,BSQ Mall x1366 - ATT,Wonderful Pistachios - Variety,Food,2.0,1,2.0,3.5
Brunswick Sq Mall,BSQ Mall x1364 - Zales,CheezIt - Double Cheese,Food,1.5,1,1.5,1.5
EB Public Library,EB Public Library x1380,Miss Vickie's Potato Chip - Lime & Cracked Pe,Food,1.5,1,1.5,1.5
EB Public Library,EB Public Library x1380,Starbucks Doubleshot Energy - Mocha,Non Carbonated,3.75,1,3.75,3.75
Brunswick Sq Mall,BSQ Mall x1366 - ATT,SunChips Multigrain - Salsa,Food,1.5,1,1.5,1.5
EB Public Library,EB Public Library x1380,Poland Springs Water,Water,1.5,1,1.5,1.5
GuttenPlans,GuttenPlans x1367,Cheetos Flaming Hot Limon Crunchy,Food,1.5,1,1.5,1.5
GuttenPlans,GuttenPlans x1367,Cheetos - Fleming Hot Crunchy,Food,1.5,1,1.5,1.5
GuttenPlans,GuttenPlans x1367,Nature's Bakery Fig Bar - Blueberry,Food,1.5,1,1.5,1.5
GuttenPlans,GuttenPlans x1367,Nature's Bakery Fig Bar - Blueberry,Food,1.5,1,1.5,1.5
GuttenPlans,GuttenPlans x1367,Snapple Tea - Lemon,Non Carbonated,2.5,1,2.5,2.5
GuttenPlans,GuttenPlans x1367,Nature's Bakery Fig Bar - Blueberry,Food,1.5,2,3.0,3.0
Brunswick Sq Mall,BSQ Mall x1364 - Zales,Nature's Garden Trail Mix - Heart Healthy Mix,Food,1.0,1,1.0,1.0
GuttenPlans,GuttenPlans x1367,Lays - Classic,Food,1.5,1,1.5,1.5
Earle Asphalt,Earle Asphalt x1371,Pop Corners - Sea Salt,Food,1.5,1,1.5,1.5
Earle Asphalt,Earle Asphalt x1371,Pop Corners - Sea Salt,Food,1.5,1,1.5,1.5
EB Public Library,EB Public Library x1380,Miss Vickie's Potato Chip - Jalapeno,Food,1.5,1,1.5,1.5
Brunswick Sq Mall,BSQ Mall x1364 - Zales,Monster Energy Original,Carbonated,3.0,1,3.0,3.0
Earle Asphalt,Earle Asphalt x1371,Keto Bar - Creamy Peanut Butter Chocolate,Food,2.0,1,2.0,2.0
EB Public Library,EB Public Library x1380,Starbucks Doubleshot Energy - Mocha,Non Carbonated,3.75,1,3.75,3.75
EB Public Library,EB Public Library x1380,CheezIt - White Cheddar,Food,1.5,1,1.5,1.5
Earle Asphalt,Earle Asphalt x1371,CheezIt - White Cheddar,Food,1.5,1,1.5,1.5
EB Public Library,EB Public Library x1380,CheezIt - Cheddar Sour Cream and Onion,Food,1.5,1,1.5,1.5
EB Public Library,EB Public Library x1380,Lenny & Larrys - SnickerDoodle,Food,3.0,1,3.0,3.0
EB Public Library,EB Public Library x1380,CheezIt - Original,Food,4.0,1,4.0,4.0
EB Public Library,EB Public Library x1380,CheezIt - Cheddar Sour Cream and Onion,Food,1.5,1,1.5,1.5
GuttenPlans,GuttenPlans x1367,Nature's Bakery Fig Bar - Blueberry,Food,1.5,1,1.5,1.5
GuttenPlans,GuttenPlans x1367,CheezIt - White Cheddar,Food,1.5,1,1.5,1.5
GuttenPlans,GuttenPlans x1367,Snapple Tea - Lemon,Non Carbonated,2.5,1,2.5,2.5
GuttenPlans,GuttenPlans x1367,Nature's Bakery Fig Bar - Raspberry,Food,1.5,1,1.5,1.5
GuttenPlans,GuttenPlans x1367,Takis FUGEO mini,Food,1.5,1,1.5,1.5
EB Public Library,EB Public Library x1380,Nutter Butter Bites,Food,1.5,1,1.5,1.5
EB Public Library,EB Public Library x1380,Starbucks Refresher - Real Coconut Water,Carbonated,3.0,1,3.0,3.0
GuttenPlans,GuttenPlans x1367,Nature's Bakery Fig Bar - Blueberry,Food,1.5,1,1.5,1.5
GuttenPlans,GuttenPlans x1367,Cheetos - Fleming Hot Crunchy,Food,1.5,1,1.5,1.5
GuttenPlans,GuttenPlans x1367,Takis FUGEO mini,Food,1.5,1,1.5,1.5
Brunswick Sq Mall,BSQ Mall x1364 - Zales,Monster Energy Original,Carbonated,3.0,1,3.0,3.0
Brunswick Sq Mall,BSQ Mall x1366 - ATT,Snyder's of Hanover Pretzel Pieces - Hot Buff,Food,2.0,1,2.0,2.0
EB Public Library,EB Public Library x1380,Orchard Bar - Pineapple Coconut & Macadamia,Food,2.0,1,2.0,2.0
Brunswick Sq Mall,BSQ Mall x1364 - Zales,Ritz Bits Peanut Butter,Food,1.5,1,1.5,1.5
EB Public Library,EB Public Library x1380,CheezIt - Original,Food,4.0,1,4.0,4.0
EB Public Library,EB Public Library x1380,Miss Vickie's Potato Chip - Lime & Cracked Pe,Food,1.5,1,1.5,1.5
Brunswick Sq Mall,BSQ Mall x1364 - Zales,Iberia Coconut Water,Non Carbonated,2.0,1,2.0,2.0
EB Public Library,EB Public Library x1380,Miss Vickie's Potato Chip - Jalapeno,Food,1.5,1,1.5,1.5
EB Public Library,EB Public Library x1380,Spindrift - Sparkling Water  Lime,Carbonated,1.5,1,1.5,1.5
Brunswick Sq Mall,BSQ Mall x1364 - Zales,Ritz Bits Peanut Butter,Food,1.5,1,1.5,1.5
Brunswick Sq Mall,BSQ Mall x1364 - Zales,CheezIt - Original,Food,1.5,1,1.5,1.5
Brunswick Sq Mall,BSQ Mall x1364 - Zales,Pop Corners - White Cheddar,Food,1.5,1,1.5,1.5
Brunswick Sq Mall,BSQ Mall x1364 - Zales,Snapple Diet Tea - Peach Tea,Non Carbonated,2.5,1,2.5,2.5
EB Public Library,EB Public Library x1380,Ritz Bits Cheese,Food,1.5,1,1.5,1.5
EB Public Library,EB Public Library x1380,Starbucks Refresher - Real Coconut Water,Carbonated,3.0,1,3.0,3.0
Brunswick Sq Mall,BSQ Mall x1364 - Zales,Coca Cola - Zero Sugar,Carbonated,1.5,1,1.5,1.5
GuttenPlans,GuttenPlans x1367,Snapple Tea - Lemon,Non Carbonated,2.5,1,2.5,2.5
Earle Asphalt,Earle Asphalt x1371,Lays - Classic,Food,1.5,1,1.5,1.5
Earle Asphalt,Earle Asphalt x1371,Pop Corners - Spicy Queso,Food,1.5,1,1.5,1.5
EB Public Library,EB Public Library x1380,Bai Antioxidant - Tanzania Lemon Super Tea,Non Carbonated,2.75,1,2.75,2.75
GuttenPlans,GuttenPlans x1367,Snapple Tea - Lemon,Non Carbonated,2.5,1,2.5,2.5
EB Public Library,EB Public Library x1380,Spindrift - Sparkling Water  Lime,Carbonated,1.5,1,1.5,1.5
EB Public Library,EB Public Library x1380,Miss Vickie's Potato Chip - Smokehouse BBQ,Food,1.5,1,1.5,1.5
EB Public Library,EB Public Library x1380,Iberia Coconut Water,Non Carbonated,2.0,1,2.0,2.0
EB Public Library,EB Public Library x1380,Starbucks Doubleshot Energy - Mocha,Non Carbonated,3.75,1,3.75,3.75
EB Public Library,EB Public Library x1380,CheezIt - Original,Food,4.0,1,4.0,4.0
EB Public Library,EB Public Library x1380,Simply Protein - Peanut Butter Chocolate,Food,2.0,1,2.0,2.0
EB Public Library,EB Public Library x1380,Starbucks Doubleshot Energy - Mocha,Non Carbonated,3.75,1,3.75,3.75
Brunswick Sq Mall,BSQ Mall x1364 - Zales,Snapple Diet Tea - Peach Tea,Non Carbonated,2.5,1,2.5,2.5
Brunswick Sq Mall,BSQ Mall x1364 - Zales,Nature's Garden Trail Mix - Heart Healthy Mix,Food,1.0,1,1.0,1.0
Brunswick Sq Mall,BSQ Mall x1364 - Zales,Nature's Garden Trail Mix - Cranberry Healthy,Food,1.5,1,1.5,1.5
EB Public Library,EB Public Library x1380,CheezIt - Cheddar Sour Cream and Onion,Food,1.5,1,1.5,1.5
EB Public Library,EB Public Library x1380,Miss Vickie's Potato Chip - Smokehouse BBQ,Food,1.5,1,1.5,1.5
Brunswick Sq Mall,BSQ Mall x1364 - Zales,Iberia Coconut Water,Non Carbonated,2.0,1,2.0,2.0
Brunswick Sq Mall,BSQ Mall x1364 - Zales,Iberia Coconut Water,Non Carbonated,2.0,1,2.0,2.0
GuttenPlans,GuttenPlans x1367,Nature's Bakery Fig Bar - Blueberry,Food,1.5,1,1.5,1.5
GuttenPlans,GuttenPlans x1367,Cheetos Flaming Hot Limon Crunchy,Food,1.5,1,1.5,1.5
Brunswick Sq Mall,BSQ Mall x1364 - Zales,SunChips Multigrain - Harvest Cheddar,Food,1.5,1,1.5,1.5
GuttenPlans,GuttenPlans x1367,Cheetos - Fleming Hot Crunchy,Food,1.5,1,1.5,1.5
GuttenPlans,GuttenPlans x1367,Snapple Tea - Lemon,Non Carbonated,2.5,1,2.5,2.5
GuttenPlans,GuttenPlans x1367,Cheetos Cheddar Jalapeno,Food,1.5,1,1.5,1.5
EB Public Library,EB Public Library x1380,CheezIt - Cheddar Sour Cream and Onion,Food,1.5,1,1.5,1.5
GuttenPlans,GuttenPlans x1367,Cheetos Baked - Flaming Hot,Food,1.5,1,1.5,1.5
Earle Asphalt,Earle Asphalt x1371,Pop Corners - Spicy Queso,Food,1.5,1,1.5,1.5
EB Public Library,EB Public Library x1380,Orchard Bar - Cranberry Orange & Walnut,Food,2.0,1,2.0,2.0
Earle Asphalt,Earle Asphalt x1371,Zevia Organic Tea - Peach,Non Carbonated,2.5,1,2.5,2.5
EB Public Library,EB Public Library x1380,Ice Breakers Ice Cubes - PepperMint,Food,5.0,1,5.0,5.0
EB Public Library,EB Public Library x1380,Poland Springs Water,Water,1.5,1,1.5,1.5
Brunswick Sq Mall,BSQ Mall x1364 - Zales,Coca Cola - Zero Sugar,Carbonated,1.5,1,1.5,1.5
Earle Asphalt,Earle Asphalt x1371,Lays - Classic,Food,1.5,1,1.5,1.5
EB Public Library,EB Public Library x1380,Simply Protein - Peanut Butter Chocolate,Food,2.0,1,2.0,2.0
EB Public Library,EB Public Library x1380,Oreo Mini - Go Paks,,4.0,2,8.0,8.0
EB Public Library,EB Public Library x1380,Oreo Mini - Go Paks,,4.0,1,4.0,4.0
Brunswick Sq Mall,BSQ Mall x1366 - ATT,Belvita Breakfast Biscuit Bites - Blueberry,Food,1.5,1,1.5,1.5
Brunswick Sq Mall,BSQ Mall x1366 - ATT,SunChips Multigrain - Salsa,Food,1.5,1,1.5,1.5
GuttenPlans,GuttenPlans x1367,Snapple Tea - Lemon,Non Carbonated,2.5,1,2.5,2.5
GuttenPlans,GuttenPlans x1367,Takis FUGEO mini,Food,1.5,1,1.5,1.5
EB Public Library,EB Public Library x1380,Keto Bar - Creamy Peanut Butter Chocolate,Food,2.0,1,2.0,2.0
EB Public Library,EB Public Library x1380,CheezIt - Cheddar Sour Cream and Onion,Food,1.5,1,1.5,1.5
EB Public Library,EB Public Library x1380,Miss Vickie's Potato Chip - Lime & Cracked Pe,Food,1.5,1,1.5,1.5
EB Public Library,EB Public Library x1380,Miss Vickie's Potato Chip - Sea Salt & Vinega,Food,1.5,1,1.5,1.5
EB Public Library,EB Public Library x1380,Spindrift - Sparkling Water  Lime,Carbonated,1.5,1,1.5,1.5
GuttenPlans,GuttenPlans x1367,Nature's Bakery Fig Bar - Raspberry,Food,1.5,1,1.5,1.5
GuttenPlans,GuttenPlans x1367,Doritos Nacho Cheese,Food,1.5,1,1.5,1.5
EB Public Library,EB Public Library x1380,Starbucks Refresher - Real Coconut Water,Carbonated,3.0,1,3.0,3.0
EB Public Library,EB Public Library x1380,Pop Corners - White Cheddar,Food,1.5,1,1.5,1.5
GuttenPlans,GuttenPlans x1367,Doritos Nacho Cheese,Food,1.5,1,1.5,1.5
GuttenPlans,GuttenPlans x1367,Doritos Nacho Cheese,Food,1.5,1,1.5,1.5
Brunswick Sq Mall,BSQ Mall x1366 - ATT,Goldfish Baked - Cheddar,Food,1.5,1,1.5,1.5
Brunswick Sq Mall,BSQ Mall x1366 - ATT,CheezIt - Original,Food,1.5,1,1.5,1.5
EB Public Library,EB Public Library x1380,Miss Vickie's Potato Chip - Sea Salt Original,Food,1.5,1,1.5,1.5
EB Public Library,EB Public Library x1380,CheezIt - Go Paks,Food,4.0,1,4.0,4.0
EB Public Library,EB Public Library x1380,Miss Vickie's Potato Chip - Sea Salt Original,Food,1.5,1,1.5,1.5
EB Public Library,EB Public Library x1380,CheezIt - Cheddar Sour Cream and Onion,Food,1.5,1,1.5,1.5
GuttenPlans,GuttenPlans x1367,Doritos Cool Ranch,Food,1.5,1,1.5,1.5
GuttenPlans,GuttenPlans x1367,Doritos Nacho Cheese,Food,1.5,1,1.5,1.5
GuttenPlans,GuttenPlans x1367,Doritos Nacho Cheese,Food,1.5,1,1.5,1.5
EB Public Library,EB Public Library x1380,Coca Cola - Zero Sugar,Carbonated,2.0,2,4.0,4.0
Earle Asphalt,Earle Asphalt x1371,Pop Corners - Sea Salt,Food,1.5,1,1.5,1.5
EB Public Library,EB Public Library x1380,BodyArmor LYTE  - Peach Mango,Water,2.75,1,2.75,2.75
Earle Asphalt,Earle Asphalt x1371,BodyArmor LYTE  - Berry Punch,Water,2.5,1,2.5,2.5
EB Public Library,EB Public Library x1380,Poland Springs Water,Water,1.5,1,1.5,1.5
Brunswick Sq Mall,BSQ Mall x1366 - ATT,SunChips Multigrain - Salsa,Food,1.5,2,3.0,3.0
Earle Asphalt,Earle Asphalt x1371,S. Pellegrino Essenza Mineral Water - Blood O,Carbonated,2.5,1,2.5,2.5
GuttenPlans,GuttenPlans x1367,Nature's Bakery Fig Bar - Raspberry,Food,1.5,1,1.5,1.5
GuttenPlans,GuttenPlans x1367,Nature's Bakery Fig Bar - Raspberry,Food,1.5,1,1.5,1.5
GuttenPlans,GuttenPlans x1367,Doritos Nacho Cheese,Food,1.5,1,1.5,1.5
GuttenPlans,GuttenPlans x1367,Lays - Barbecue,Food,1.5,1,1.5,1.5
GuttenPlans,GuttenPlans x1367,Doritos Cool Ranch,Food,1.5,1,1.5,1.5
EB Public Library,EB Public Library x1380,CheezIt - Original,Food,4.0,1,4.0,4.0
Brunswick Sq Mall,BSQ Mall x1364 - Zales,CheezIt - Original,Food,1.5,1,1.5,1.5
GuttenPlans,GuttenPlans x1367,Snapple Tea - Lemon,Non Carbonated,2.5,1,2.5,2.5
Earle Asphalt,Earle Asphalt x1371,BodyArmor LYTE  - Berry Punch,Water,2.5,1,2.5,2.5
GuttenPlans,GuttenPlans x1367,Lays - Classic,Food,1.5,1,1.5,1.5
GuttenPlans,GuttenPlans x1367,Doritos Nacho Cheese,Food,1.5,1,1.5,4.0
GuttenPlans,GuttenPlans x1367,Snapple Tea - Lemon,Non Carbonated,2.5,1,2.5,4.0
GuttenPlans,GuttenPlans x1367,Lays - Classic,Food,1.5,1,1.5,1.5
GuttenPlans,GuttenPlans x1367,Doritos Cool Ranch,Food,1.5,1,1.5,1.5
EB Public Library,EB Public Library x1380,Poland Springs Water,Water,1.5,1,1.5,1.5
GuttenPlans,GuttenPlans x1367,Snapple Tea - Lemon,Non Carbonated,2.5,1,2.5,2.5
GuttenPlans,GuttenPlans x1367,Doritos Cool Ranch,Food,1.5,1,1.5,1.5
GuttenPlans,GuttenPlans x1367,Snapple Tea - Lemon,Non Carbonated,2.5,1,2.5,2.5
Earle Asphalt,Earle Asphalt x1371,Pop Corners - Sea Salt,Food,1.5,1,1.5,1.5
GuttenPlans,GuttenPlans x1367,Snapple Tea - Lemon,Non Carbonated,2.5,1,2.5,2.5
GuttenPlans,GuttenPlans x1367,Snapple Tea - Lemon,Non Carbonated,2.5,1,2.5,2.5
EB Public Library,EB Public Library x1380,Poland Springs Water,Water,1.5,1,1.5,1.5
EB Public Library,EB Public Library x1380,Oreo Mini - Go Paks,,4.0,1,4.0,5.5
EB Public Library,EB Public Library x1380,Nature's Bakery Fig Bar - Raspberry,Food,1.5,1,1.5,5.5
GuttenPlans,GuttenPlans x1367,Snapple Tea - Lemon,Non Carbonated,2.5,1,2.5,2.5
GuttenPlans,GuttenPlans x1367,Doritos Cool Ranch,Food,1.5,1,1.5,1.5
Brunswick Sq Mall,BSQ Mall x1366 - ATT,Starbucks Doubleshot Energy - Coffee,,4.0,1,4.0,4.0
EB Public Library,EB Public Library x1380,Simply Protein - Peanut Butter Chocolate,Food,2.0,1,2.0,2.0
EB Public Library,EB Public Library x1380,Iberia Coconut Water,Non Carbonated,2.0,1,2.0,2.0
EB Public Library,EB Public Library x1380,Miss Vickie's Potato Chip - Lime & Cracked Pe,Food,1.5,1,1.5,5.5
EB Public Library,EB Public Library x1380,Mini Chips Ahoy,Food,4.0,1,4.0,5.5
EB Public Library,EB Public Library x1380,Miss Vickie's Potato Chip - Lime & Cracked Pe,Food,1.5,1,1.5,3.0
EB Public Library,EB Public Library x1380,CheezIt - White Cheddar,Food,1.5,1,1.5,3.0
EB Public Library,EB Public Library x1380,CheezIt - White Cheddar,Food,1.5,1,1.5,1.5
EB Public Library,EB Public Library x1380,Miss Vickie's Potato Chip - Lime & Cracked Pe,Food,1.5,1,1.5,1.5
EB Public Library,EB Public Library x1380,Coca Cola - Zero Sugar,Carbonated,2.0,1,2.0,2.0
EB Public Library,EB Public Library x1380,Coca Cola - Zero Sugar,Carbonated,2.0,1,2.0,2.0
GuttenPlans,GuttenPlans x1367,Snapple Tea - Lemon,Non Carbonated,2.5,1,2.5,2.5
GuttenPlans,GuttenPlans x1367,Takis FUGEO mini,Food,1.5,1,1.5,1.5
GuttenPlans,GuttenPlans x1367,Takis FUGEO mini,Food,1.5,1,1.5,1.5
GuttenPlans,GuttenPlans x1367,Takis FUGEO mini,Food,1.5,1,1.5,1.5
EB Public Library,EB Public Library x1380,Coca Cola - Zero Sugar,Carbonated,2.0,1,2.0,2.0
Brunswick Sq Mall,BSQ Mall x1364 - Zales,BodyArmor LYTE  - Peach Mango,Water,2.75,1,2.75,2.75
EB Public Library,EB Public Library x1380,Miss Vickie's Potato Chip - Lime & Cracked Pe,Food,1.5,1,1.5,1.5
EB Public Library,EB Public Library x1380,Coca Cola - Zero Sugar,Carbonated,2.0,1,2.0,2.0
EB Public Library,EB Public Library x1380,Snyder's of Hanover Pretzel Pieces - Hot Buff,Food,2.5,1,2.5,6.5
EB Public Library,EB Public Library x1380,Snyder's of Hanover Pretzel - Cheddar Cheese,Food,2.5,1,2.5,6.5
EB Public Library,EB Public Library x1380,Miss Vickie's Potato Chip - Sea Salt & Vinega,Food,1.5,1,1.5,6.5
EB Public Library,EB Public Library x1380,Miss Vickie's Potato Chip - Sea Salt & Vinega,Food,1.5,1,1.5,1.5
EB Public Library,EB Public Library x1380,Snyder's of Hanover Pretzel Pieces - Honey Mu,Food,2.5,1,2.5,5.0
EB Public Library,EB Public Library x1380,Snyder's of Hanover Pretzel - Cheddar Cheese,Food,2.5,1,2.5,5.0
EB Public Library,EB Public Library x1380,Coca Cola - Zero Sugar,Carbonated,2.0,1,2.0,2.0
EB Public Library,EB Public Library x1380,Miss Vickie's Potato Chip - Sea Salt & Vinega,Food,1.5,1,1.5,1.5
GuttenPlans,GuttenPlans x1367,Nature's Bakery Fig Bar - Blueberry,Food,1.5,1,1.5,1.5
GuttenPlans,GuttenPlans x1367,Doritos Cool Ranch,Food,1.5,1,1.5,1.5
GuttenPlans,GuttenPlans x1367,Lays - Barbecue,Food,1.5,1,1.5,1.5
GuttenPlans,GuttenPlans x1367,Lays - Classic,Food,1.5,1,1.5,1.5
GuttenPlans,GuttenPlans x1367,Takis FUGEO mini,Food,1.5,1,1.5,1.5
Brunswick Sq Mall,BSQ Mall x1366 - ATT,SunChips Multigrain - Original,Food,1.5,1,1.5,1.5
Brunswick Sq Mall,BSQ Mall x1364 - Zales,Monster Energy Original,Carbonated,3.0,1,3.0,3.0
EB Public Library,EB Public Library x1380,Snyder's of Hanover Pretzel Pieces - Hot Buff,Food,2.5,1,2.5,2.5
EB Public Library,EB Public Library x1380,Snyder's of Hanover Pretzel Pieces - Honey Mu,Food,2.5,1,2.5,2.5
EB Public Library,EB Public Library x1380,Pop Corners - Kettle Corn,Food,1.5,1,1.5,1.5
Brunswick Sq Mall,BSQ Mall x1364 - Zales,Ritz Bits Peanut Butter,Food,1.5,1,1.5,1.5
GuttenPlans,GuttenPlans x1367,Lays - Classic,Food,1.5,1,1.5,1.5
GuttenPlans,GuttenPlans x1367,Lays - Classic,Food,1.5,1,1.5,1.5
EB Public Library,EB Public Library x1380,Poland Springs Water,Water,1.5,2,3.0,5.0
EB Public Library,EB Public Library x1380,Coca Cola - Zero Sugar,Carbonated,2.0,1,2.0,5.0
EB Public Library,EB Public Library x1380,Lenny & Larrys - Chocolate Chip,Food,2.5,1,2.5,2.5
Brunswick Sq Mall,BSQ Mall x1364 - Zales,RXBAR - Protein Bar - Chocolate Sea Salt,Food,2.0,1,2.0,2.0
GuttenPlans,GuttenPlans x1367,Nature's Bakery Fig Bar - Blueberry,Food,1.5,1,1.5,1.5
GuttenPlans,GuttenPlans x1367,Cheetos - Fleming Hot Crunchy,Food,1.5,1,1.5,1.5
GuttenPlans,GuttenPlans x1367,Lays - Barbecue,Food,1.5,1,1.5,1.5
GuttenPlans,GuttenPlans x1367,Lays - Barbecue,Food,1.5,1,1.5,1.5
GuttenPlans,GuttenPlans x1367,Cheetos - Fleming Hot Crunchy,Food,1.5,1,1.5,1.5
GuttenPlans,GuttenPlans x1367,Cheetos - Fleming Hot Crunchy,Food,1.5,1,1.5,1.5
Brunswick Sq Mall,BSQ Mall x1366 - ATT,Bai Antioxidant - Kupang strawberry kiwi,Non Carbonated,2.75,1,2.75,2.75
GuttenPlans,GuttenPlans x1367,Cheetos Baked - Crunchy Cheese,Food,1.5,1,1.5,1.5
GuttenPlans,GuttenPlans x1367,Cheetos - Fleming Hot Crunchy,Food,1.5,1,1.5,1.5
GuttenPlans,GuttenPlans x1367,Lays - Classic,Food,1.5,1,1.5,4.0
GuttenPlans,GuttenPlans x1367,Snapple Tea - Lemon,Non Carbonated,2.5,1,2.5,4.0
GuttenPlans,GuttenPlans x1367,Nature's Bakery Fig Bar - Raspberry,Food,1.5,1,1.5,1.5
GuttenPlans,GuttenPlans x1367,Lays - Classic,Food,1.5,1,1.5,1.5
GuttenPlans,GuttenPlans x1367,Cheetos Baked - Crunchy Cheese,Food,1.5,1,1.5,1.5
GuttenPlans,GuttenPlans x1367,Cheetos - Fleming Hot Crunchy,Food,1.5,1,1.5,1.5
GuttenPlans,GuttenPlans x1367,Cheetos - Fleming Hot Crunchy,Food,1.5,1,1.5,1.5
GuttenPlans,GuttenPlans x1367,Cheetos Baked - Crunchy Cheese,Food,1.5,1,1.5,1.5
GuttenPlans,GuttenPlans x1367,Lays - Barbecue,Food,1.5,1,1.5,1.5
GuttenPlans,GuttenPlans x1367,Lays - Barbecue,Food,1.5,1,1.5,1.5
Brunswick Sq Mall,BSQ Mall x1366 - ATT,Bai Antioxidant - Kupang strawberry kiwi,Non Carbonated,2.75,1,2.75,2.75
Brunswick Sq Mall,BSQ Mall x1366 - ATT,Miss Vickie's Potato Chip - Sea Salt & Vinega,Food,1.5,2,3.0,3.0
Brunswick Sq Mall,BSQ Mall x1366 - ATT,Miss Vickie's Potato Chip - Sea Salt & Vinega,Food,1.5,1,1.5,1.5
Brunswick Sq Mall,BSQ Mall x1366 - ATT,Miss Vickie's Potato Chip - Sea Salt & Vinega,Food,1.5,1,1.5,1.5
Brunswick Sq Mall,BSQ Mall x1364 - Zales,Coca Cola - Zero Sugar,Carbonated,1.5,1,1.5,1.5
Brunswick Sq Mall,BSQ Mall x1364 - Zales,S. Pellegrino Sparkling Mineral Water,Water,2.0,1,2.0,2.0
Brunswick Sq Mall,BSQ Mall x1366 - ATT,Poland Springs Water,Water,1.5,1,1.5,1.5
Brunswick Sq Mall,BSQ Mall x1364 - Zales,Pop Corners - White Cheddar,Food,1.5,1,1.5,1.5
Brunswick Sq Mall,BSQ Mall x1366 - ATT,Goldfish Baked - Cheddar,Food,1.5,1,1.5,1.5
Brunswick Sq Mall,BSQ Mall x1366 - ATT,Poland Springs Water,Water,1.5,1,1.5,1.5
Brunswick Sq Mall,BSQ Mall x1364 - Zales,Snapple Diet Tea - Peach Tea,Non Carbonated,2.5,1,2.5,2.5
Brunswick Sq Mall,BSQ Mall x1366 - ATT,Poland Springs Water,Water,1.5,1,1.5,1.5
Brunswick Sq Mall,BSQ Mall x1366 - ATT,Poland Springs Water,Water,1.5,1,1.5,1.5
Brunswick Sq Mall,BSQ Mall x1366 - ATT,Bai Antioxidant - Kupang strawberry kiwi,Non Carbonated,2.75,1,2.75,2.75
Brunswick Sq Mall,BSQ Mall x1366 - ATT,Snapple Tea - Raspberry,Non Carbonated,2.5,1,2.5,2.5
Brunswick Sq Mall,BSQ Mall x1366 - ATT,Snapple Tea - Raspberry,Non Carbonated,2.5,1,2.5,2.5
Brunswick Sq Mall,BSQ Mall x1364 - Zales,Monster Energy Original,Carbonated,3.0,1,3.0,3.0
Brunswick Sq Mall,BSQ Mall x1364 - Zales,S. Pellegrino Sparkling Mineral Water,Water,2.0,1,2.0,2.0
Brunswick Sq Mall,BSQ Mall x1366 - ATT,Miss Vickie's Potato Chip - Sea Salt & Vinega,Food,1.5,1,1.5,1.5
Brunswick Sq Mall,BSQ Mall x1364 - Zales,Miss Vickie's Potato Chip - Smokehouse BBQ,Food,1.5,2,3.0,3.0
Brunswick Sq Mall,BSQ Mall x1366 - ATT,Miss Vickie's Potato Chip - Sea Salt Original,Food,1.5,2,3.0,3.0
GuttenPlans,GuttenPlans x1367,Cheetos Baked - Crunchy Cheese,Food,1.5,1,1.5,1.5
EB Public Library,EB Public Library x1380,Lenny & Larrys - Chocolate Chip,Food,2.5,1,2.5,2.5
EB Public Library,EB Public Library x1380,Starbucks Doubleshot Energy - Mocha,Non Carbonated,3.75,1,3.75,3.75
EB Public Library,EB Public Library x1380,Mini Chips Ahoy,Food,4.0,1,4.0,4.0
EB Public Library,EB Public Library x1380,Coca Cola - Zero Sugar,Carbonated,2.0,1,2.0,2.0
EB Public Library,EB Public Library x1380,CheezIt - Original,Food,4.0,1,4.0,4.0
EB Public Library,EB Public Library x1380,Poland Springs Water,Water,1.5,1,1.5,1.5
EB Public Library,EB Public Library x1380,Poland Springs Water,Water,1.5,1,1.5,1.5
EB Public Library,EB Public Library x1380,Poland Springs Water,Water,1.5,1,1.5,1.5
EB Public Library,EB Public Library x1380,Simply Protein - Lemon Coconut,Food,2.0,1,2.0,2.0
Brunswick Sq Mall,BSQ Mall x1364 - Zales,BodyArmor LYTE  - Peach Mango,Water,2.75,1,2.75,2.75
EB Public Library,EB Public Library x1380,BodyArmor  LYTE - Blueberry Pomegranate,Non Carbonated,2.75,1,2.75,2.75
Earle Asphalt,Earle Asphalt x1371,Pop Corners - Spicy Queso,Food,1.5,1,1.5,1.5
EB Public Library,EB Public Library x1380,CheezIt - Original,Food,4.0,1,4.0,4.0
Brunswick Sq Mall,BSQ Mall x1366 - ATT,Newtons Fig Bar,Food,2.0,1,2.0,2.0
EB Public Library,EB Public Library x1380,Wonderful Pistachios - Variety,Food,2.0,1,2.0,2.0
GuttenPlans,GuttenPlans x1367,Nature's Bakery Fig Bar - Raspberry,Food,1.5,1,1.5,1.5
GuttenPlans,GuttenPlans x1367,Nature's Bakery Fig Bar - Raspberry,Food,1.5,1,1.5,1.5
GuttenPlans,GuttenPlans x1367,Nature's Bakery Fig Bar - Raspberry,Food,1.5,1,1.5,1.5
Brunswick Sq Mall,BSQ Mall x1366 - ATT,Poland Springs Water,Water,1.5,1,1.5,1.5
EB Public Library,EB Public Library x1380,Miss Vickie's Potato Chip - Sea Salt Original,Food,1.5,1,1.5,3.5
EB Public Library,EB Public Library x1380,Keto Bar - Creamy Peanut Butter Chocolate,Food,2.0,1,2.0,3.5
GuttenPlans,GuttenPlans x1367,Lays - Barbecue,Food,1.5,1,1.5,1.5
GuttenPlans,GuttenPlans x1367,Cheetos Baked - Crunchy Cheese,Food,1.5,1,1.5,1.5
EB Public Library,EB Public Library x1380,Keto Bar - Creamy Peanut Butter Chocolate,Food,2.0,1,2.0,3.5
EB Public Library,EB Public Library x1380,Spindrift - Sparkling Water  Lime,Carbonated,1.5,1,1.5,3.5
GuttenPlans,GuttenPlans x1367,CheezIt - White Cheddar,Food,1.5,1,1.5,1.5
GuttenPlans,GuttenPlans x1367,Takis FUGEO mini,Food,1.5,1,1.5,1.5
GuttenPlans,GuttenPlans x1367,Cheetos - Fleming Hot Crunchy,Food,1.5,1,1.5,1.5
GuttenPlans,GuttenPlans x1367,Cheetos Baked - Crunchy Cheese,Food,1.5,1,1.5,1.5
GuttenPlans,GuttenPlans x1367,CheezIt - White Cheddar,Food,1.5,1,1.5,1.5
GuttenPlans,GuttenPlans x1367,CheezIt - Double Cheese,Food,1.5,1,1.5,1.5
GuttenPlans,GuttenPlans x1367,Cheetos Baked - Crunchy Cheese,Food,1.5,1,1.5,1.5
GuttenPlans,GuttenPlans x1367,Pure Organic Fruit Bar - Pineapple Passion Fr,Food,1.5,1,1.5,1.5
GuttenPlans,GuttenPlans x1367,Pure Organic Fruit Bar - Pineapple Passion Fr,Food,1.5,1,1.5,1.5
Brunswick Sq Mall,BSQ Mall x1364 - Zales,Pop Corners - White Cheddar,Food,1.5,1,1.5,1.5
Brunswick Sq Mall,BSQ Mall x1366 - ATT,Goldfish Baked - Cheddar,Food,1.5,1,1.5,1.5
Brunswick Sq Mall,BSQ Mall x1366 - ATT,Poland Springs Water,Water,1.5,1,1.5,1.5
Brunswick Sq Mall,BSQ Mall x1366 - ATT,Poland Springs Water,Water,1.5,1,1.5,1.5
EB Public Library,EB Public Library x1380,Poland Springs Water,Water,1.5,1,1.5,1.5
EB Public Library,EB Public Library x1380,Poland Springs Water,Water,1.5,1,1.5,1.5
EB Public Library,EB Public Library x1380,Coca Cola - Zero Sugar,Carbonated,2.0,1,2.0,2.0
EB Public Library,EB Public Library x1380,Spindrift - Sparkling Water  Lime,Carbonated,1.5,1,1.5,1.5
EB Public Library,EB Public Library x1380,Iberia Coconut Water,Non Carbonated,2.0,1,2.0,2.0
EB Public Library,EB Public Library x1380,BodyArmor LYTE  - Peach Mango,Water,2.75,1,2.75,2.75
EB Public Library,EB Public Library x1380,Starbucks Refresher - Real Coconut Water,Carbonated,3.0,1,3.0,3.0
EB Public Library,EB Public Library x1380,Iberia Coconut Water,Non Carbonated,2.0,1,2.0,2.0
EB Public Library,EB Public Library x1380,Snyder's of Hanover Pretzel Pieces - Hot Buff,Food,2.5,1,2.5,2.5
EB Public Library,EB Public Library x1380,Lenny & Larrys - Chocolate Chip,Food,2.5,1,2.5,2.5
EB Public Library,EB Public Library x1380,Spindrift - Sparkling Water  Lime,Carbonated,1.5,1,1.5,1.5
EB Public Library,EB Public Library x1380,Simply Protein - Peanut Butter Chocolate,Food,2.0,1,2.0,2.0
Brunswick Sq Mall,BSQ Mall x1364 - Zales,CheezIt - Original,Food,1.5,1,1.5,1.5
Brunswick Sq Mall,BSQ Mall x1364 - Zales,SunChips Multigrain - Salsa,Food,1.5,1,1.5,1.5
Brunswick Sq Mall,BSQ Mall x1364 - Zales,SunChips Multigrain - Salsa,Food,1.5,1,1.5,1.5
Brunswick Sq Mall,BSQ Mall x1364 - Zales,SunChips Multigrain - Harvest Cheddar,Food,1.5,1,1.5,1.5
Brunswick Sq Mall,BSQ Mall x1364 - Zales,Spindrift - Sparkling Water  Lime,Carbonated,1.5,1,1.5,1.5
Brunswick Sq Mall,BSQ Mall x1366 - ATT,Starbucks Refresher - Real Coconut Water,Carbonated,3.0,1,3.0,3.0
Brunswick Sq Mall,BSQ Mall x1364 - Zales,Bai Antioxidant - Brasilia BB,Non Carbonated,2.75,1,2.75,2.75
EB Public Library,EB Public Library x1380,Lenny & Larrys - Chocolate Chip,Food,2.5,1,2.5,2.5
GuttenPlans,GuttenPlans x1367,Nature's Bakery Fig Bar - Blueberry,Food,1.5,1,1.5,1.5
EB Public Library,EB Public Library x1380,Starbucks Refresher - Real Coconut Water,Carbonated,3.0,1,3.0,3.0
EB Public Library,EB Public Library x1380,Starbucks Refresher - Real Coconut Water,Carbonated,3.0,1,3.0,3.0
EB Public Library,EB Public Library x1380,Starbucks Doubleshot Energy - Mocha,Non Carbonated,3.75,1,3.75,3.75
EB Public Library,EB Public Library x1380,Keto Bar - Creamy Peanut Butter Chocolate,Food,2.0,1,2.0,2.0
Earle Asphalt,Earle Asphalt x1371,Pop Corners - Spicy Queso,Food,1.5,1,1.5,1.5
GuttenPlans,GuttenPlans x1367,Nature's Bakery Fig Bar - Blueberry,Food,1.5,1,1.5,1.5
EB Public Library,EB Public Library x1380,Coca Cola - Zero Sugar,Carbonated,2.0,1,2.0,2.0
GuttenPlans,GuttenPlans x1367,Nature's Bakery Fig Bar - Raspberry,Food,1.5,1,1.5,1.5
GuttenPlans,GuttenPlans x1367,Nature's Bakery Fig Bar - Blueberry,Food,1.5,1,1.5,1.5
GuttenPlans,GuttenPlans x1367,Pure Organic Fruit Bar - Raspberry Lemonade,Food,1.5,1,1.5,1.5
EB Public Library,EB Public Library x1380,Mini Chips Ahoy,Food,4.0,1,4.0,4.0
EB Public Library,EB Public Library x1380,Keto Bar - Creamy Peanut Butter Chocolate,Food,2.0,1,2.0,2.0
EB Public Library,EB Public Library x1380,Simply Protein - Lemon Coconut,Food,2.0,1,2.0,2.0
EB Public Library,EB Public Library x1380,Lenny & Larrys - Chocolate Chip,Food,2.5,1,2.5,2.5
EB Public Library,EB Public Library x1380,Coca Cola - Zero Sugar,Carbonated,2.0,1,2.0,2.0
GuttenPlans,GuttenPlans x1367,Takis FUGEO mini,Food,1.5,1,1.5,1.5
GuttenPlans,GuttenPlans x1367,Goldfish Baked - Cheddar,Food,1.5,1,1.5,1.5
GuttenPlans,GuttenPlans x1367,Goldfish Baked - Cheddar,Food,1.5,1,1.5,1.5
GuttenPlans,GuttenPlans x1367,Pure Organic Fruit Bar - Strawberry Banana,Food,1.5,1,1.5,1.5
GuttenPlans,GuttenPlans x1367,Nature's Bakery Fig Bar - Blueberry,Food,1.5,1,1.5,1.5
EB Public Library,EB Public Library x1380,Coca Cola - Zero Sugar,Carbonated,2.0,1,2.0,2.0
EB Public Library,EB Public Library x1380,SunChips Multigrain - Salsa,Food,1.5,1,1.5,1.5
EB Public Library,EB Public Library x1380,SunChips Multigrain - Harvest Cheddar,Food,1.5,1,1.5,1.5
Brunswick Sq Mall,BSQ Mall x1366 - ATT,Snapple Tea - Raspberry,Non Carbonated,2.5,1,2.5,2.5
EB Public Library,EB Public Library x1380,Oreo Mini - Go Paks,,4.0,1,4.0,4.0
GuttenPlans,GuttenPlans x1367,Cheetos Baked - Crunchy Cheese,Food,1.5,1,1.5,1.5
EB Public Library,EB Public Library x1380,Poland Springs Water,Water,1.5,1,1.5,1.5
EB Public Library,EB Public Library x1380,Coca Cola - Zero Sugar,Carbonated,2.0,1,2.0,4.0
EB Public Library,EB Public Library x1380,Wonderful Pistachios - Variety,Food,2.0,1,2.0,4.0
GuttenPlans,GuttenPlans x1367,Coca Cola - Regular,Carbonated,1.5,1,1.5,1.5
GuttenPlans,GuttenPlans x1367,Coca Cola - Regular,Carbonated,1.5,1,1.5,1.5
EB Public Library,EB Public Library x1380,CheezIt - Original,Food,1.5,1,1.5,1.5
EB Public Library,EB Public Library x1380,CheezIt - Original,Food,1.5,1,1.5,1.5
EB Public Library,EB Public Library x1380,Coca Cola - Zero Sugar,Carbonated,2.0,1,2.0,2.0
GuttenPlans,GuttenPlans x1367,Red Bull - Original,Carbonated,3.5,1,3.5,3.5
GuttenPlans,GuttenPlans x1367,Coca Cola - Regular,Carbonated,1.5,1,1.5,1.5
EB Public Library,EB Public Library x1380,Keto Bar - Creamy Peanut Butter Chocolate,Food,2.0,1,2.0,2.0
EB Public Library,EB Public Library x1380,CheezIt - Double Cheese,Food,1.5,1,1.5,1.5
EB Public Library,EB Public Library x1380,Snyder's of Hanover Pretzel - Cheddar Cheese,Food,2.5,1,2.5,2.5
EB Public Library,EB Public Library x1380,Coca Cola - Zero Sugar,Carbonated,2.0,1,2.0,2.0
EB Public Library,EB Public Library x1380,Bai Antioxidant - Tanzania Lemon Super Tea,Non Carbonated,2.75,1,2.75,2.75
GuttenPlans,GuttenPlans x1367,Nature's Bakery Fig Bar - Raspberry,Food,1.5,1,1.5,1.5
GuttenPlans,GuttenPlans x1367,Nature's Bakery Fig Bar - Raspberry,Food,1.5,1,1.5,1.5
Brunswick Sq Mall,BSQ Mall x1366 - ATT,Pop Corners - Sea Salt,Food,1.5,1,1.5,1.5
GuttenPlans,GuttenPlans x1367,Sunkist Soda - Orange,Carbonated,1.5,1,1.5,1.5
Brunswick Sq Mall,BSQ Mall x1366 - ATT,Ritz Bits Peanut Butter,Food,1.5,1,1.5,1.5
Brunswick Sq Mall,BSQ Mall x1366 - ATT,Ritz Bits Peanut Butter,Food,1.5,1,1.5,1.5
GuttenPlans,GuttenPlans x1367,Monster Energy Original,Carbonated,3.0,1,3.0,3.0
GuttenPlans,GuttenPlans x1367,Lays - Classic,Food,1.5,1,1.5,1.5
GuttenPlans,GuttenPlans x1367,Doritos Nacho Cheese,Food,1.5,1,1.5,1.5
Brunswick Sq Mall,BSQ Mall x1366 - ATT,Poland Springs Water,Water,1.5,1,1.5,1.5
Brunswick Sq Mall,BSQ Mall x1364 - Zales,Robert Irvine's - Fit Crunch -  Chocolate Pea,Food,2.0,1,2.0,2.0
Brunswick Sq Mall,BSQ Mall x1366 - ATT,Poland Springs Water,Water,1.5,1,1.5,1.5
Brunswick Sq Mall,BSQ Mall x1364 - Zales,Coca Cola - Zero Sugar,Carbonated,1.5,1,1.5,1.5
